pattern1
occurrence1
6.00000, 74.00000 
6.50000, 74.00000 
occurrence2
6.50000, 74.00000 
8.00000, 74.00000 
occurrence3
12.50000, 74.00000 
occurrence4
12.50000, 74.00000 
15.00000, 74.00000 
occurrence5
61.00000, 67.00000 
occurrence6
71.00000, 78.00000 
71.50000, 76.00000 
72.00000, 76.00000 
occurrence7
72.00000, 76.00000 
72.50000, 74.00000 
occurrence8
93.00000, 78.00000 
94.00000, 76.00000 
occurrence9
94.00000, 76.00000 
95.00000, 74.00000 
occurrence10
108.00000, 71.00000 
109.00000, 69.00000 
occurrence11
109.00000, 69.00000 
110.00000, 67.00000 
occurrence12
110.00000, 67.00000 
111.50000, 67.00000 
112.00000, 69.00000 
occurrence13
112.00000, 69.00000 
113.00000, 71.00000 
occurrence14
115.00000, 74.00000 
occurrence15
115.00000, 74.00000 
118.00000, 74.00000 
occurrence16
118.00000, 74.00000 
119.00000, 76.00000 
occurrence17
119.00000, 76.00000 
120.00000, 78.00000 
occurrence18
142.00000, 71.00000 
143.00000, 69.00000 
occurrence19
143.00000, 69.00000 
144.00000, 67.00000 
occurrence20
165.00000, 76.00000 
166.50000, 76.00000 
167.00000, 76.00000 
occurrence21
165.00000, 76.00000 
166.50000, 76.00000 
167.00000, 76.00000 
167.50000, 76.00000 
168.00000, 76.00000 
occurrence22
169.00000, 72.00000 
170.00000, 74.00000 
occurrence23
170.00000, 74.00000 
171.00000, 76.00000 
occurrence24
172.00000, 74.00000 
occurrence25
172.00000, 74.00000 
174.00000, 74.00000 
occurrence26
179.00000, 71.00000 
180.00000, 69.00000 
occurrence27
180.00000, 69.00000 
181.00000, 67.00000 
occurrence28
186.00000, 76.00000 
187.50000, 76.00000 
188.00000, 76.00000 
occurrence29
186.00000, 76.00000 
187.50000, 76.00000 
188.00000, 76.00000 
188.50000, 76.00000 
189.00000, 76.00000 
occurrence30
190.00000, 72.00000 
191.00000, 74.00000 
occurrence31
191.00000, 74.00000 
192.00000, 76.00000 
occurrence32
193.00000, 74.00000 
occurrence33
193.00000, 74.00000 
195.00000, 74.00000 
occurrence34
200.00000, 71.00000 
201.00000, 69.00000 
occurrence35
201.00000, 69.00000 
202.00000, 67.00000 
occurrence36
209.00000, 74.00000 
occurrence37
209.00000, 74.00000 
212.00000, 74.00000 
occurrence38
212.00000, 74.00000 
213.00000, 76.00000 
occurrence39
213.00000, 76.00000 
214.00000, 78.00000 
occurrence40
217.00000, 78.00000 
218.00000, 76.00000 
occurrence41
218.00000, 76.00000 
219.00000, 74.00000 
occurrence42
219.00000, 74.00000 
occurrence43
219.00000, 74.00000 
223.00000, 74.00000 
occurrence44
227.00000, 76.00000 
228.00000, 76.00000 
occurrence45
228.00000, 76.00000 
229.00000, 76.00000 
occurrence46
230.00000, 72.00000 
231.00000, 74.00000 
occurrence47
231.00000, 74.00000 
232.00000, 76.00000 
occurrence48
233.00000, 74.00000 
occurrence49
233.00000, 74.00000 
235.00000, 74.00000 
occurrence50
240.00000, 71.00000 
241.00000, 69.00000 
occurrence51
241.00000, 69.00000 
242.00000, 67.00000 
occurrence52
242.00000, 67.00000 
occurrence53
250.00000, 76.00000 
251.00000, 76.00000 
occurrence54
251.00000, 76.00000 
252.00000, 76.00000 
occurrence55
253.00000, 72.00000 
254.00000, 74.00000 
occurrence56
254.00000, 74.00000 
255.00000, 76.00000 
occurrence57
256.00000, 74.00000 
occurrence58
256.00000, 74.00000 
258.00000, 74.00000 
occurrence59
263.00000, 71.00000 
264.00000, 69.00000 
occurrence60
264.00000, 69.00000 
265.00000, 67.00000 
occurrence61
265.00000, 67.00000 
occurrence62
356.00000, 74.00000 
occurrence63
356.00000, 74.00000 
358.00000, 74.00000 
occurrence64
358.00000, 74.00000 
359.00000, 76.00000 
occurrence65
359.00000, 76.00000 
360.00000, 78.00000 
occurrence66
363.00000, 78.00000 
364.00000, 76.00000 
occurrence67
364.00000, 76.00000 
365.00000, 74.00000 
occurrence68
365.00000, 74.00000 
occurrence69
365.00000, 74.00000 
369.00000, 74.00000 
occurrence70
373.00000, 76.00000 
373.50000, 76.00000 
occurrence71
373.50000, 76.00000 
374.50000, 76.00000 
occurrence72
375.50000, 72.00000 
376.50000, 74.00000 
occurrence73
376.50000, 74.00000 
377.50000, 76.00000 
occurrence74
378.50000, 74.00000 
occurrence75
378.50000, 74.00000 
380.50000, 74.00000 
occurrence76
385.50000, 71.00000 
386.50000, 69.00000 
occurrence77
386.50000, 69.00000 
387.50000, 67.00000 
occurrence78
387.50000, 67.00000 
occurrence79
398.00000, 72.00000 
399.00000, 74.00000 
occurrence80
399.00000, 74.00000 
400.00000, 76.00000 
occurrence81
401.00000, 74.00000 
occurrence82
401.00000, 74.00000 
403.00000, 74.00000 
occurrence83
408.00000, 71.00000 
409.00000, 69.00000 
occurrence84
409.00000, 69.00000 
410.00000, 67.00000 
occurrence85
410.00000, 67.00000 
occurrence86
434.25000, 71.00000 
435.25000, 69.00000 
occurrence87
435.25000, 69.00000 
436.25000, 67.00000 
occurrence88
436.25000, 67.00000 
occurrence89
436.25000, 67.00000 
439.25000, 69.00000 
occurrence90
439.25000, 69.00000 
440.25000, 71.00000 
occurrence91
441.75000, 74.00000 
442.25000, 74.00000 
occurrence92
442.25000, 74.00000 
445.25000, 74.00000 
occurrence93
445.25000, 74.00000 
446.25000, 76.00000 
occurrence94
446.25000, 76.00000 
447.25000, 78.00000 
occurrence95
451.25000, 74.00000 
occurrence96
451.25000, 74.00000 
453.25000, 74.00000 
occurrence97
461.25000, 69.00000 
occurrence98
467.75000, 71.00000 
468.25000, 69.00000 
occurrence99
468.25000, 69.00000 
469.25000, 67.00000 
occurrence100
10.00000, 78.00000 
10.50000, 76.00000 
11.00000, 76.00000 
occurrence101
11.00000, 76.00000 
12.50000, 74.00000 
occurrence102
114.00000, 72.00000 
115.00000, 74.00000 
occurrence103
115.00000, 74.00000 
occurrence104
115.00000, 74.00000 
118.00000, 74.00000 
occurrence105
122.00000, 78.00000 
occurrence106
124.00000, 76.00000 
occurrence107
126.00000, 74.00000 
occurrence108
144.00000, 67.00000 
occurrence109
146.00000, 71.00000 
occurrence110
155.00000, 81.00000 
156.00000, 79.00000 
occurrence111
157.00000, 78.00000 
158.00000, 76.00000 
occurrence112
157.00000, 78.00000 
158.00000, 76.00000 
159.00000, 76.00000 
occurrence113
159.00000, 76.00000 
160.00000, 74.00000 
161.00000, 74.00000 
occurrence114
160.00000, 74.00000 
161.00000, 74.00000 
occurrence115
162.00000, 78.00000 
occurrence116
165.00000, 76.00000 
occurrence117
167.00000, 76.00000 
167.50000, 76.00000 
168.00000, 76.00000 
occurrence118
186.00000, 76.00000 
occurrence119
188.00000, 76.00000 
188.50000, 76.00000 
189.00000, 76.00000 
occurrence120
202.00000, 67.00000 
203.00000, 67.00000 
occurrence121
204.00000, 71.00000 
occurrence122
209.00000, 74.00000 
occurrence123
209.00000, 74.00000 
212.00000, 74.00000 
occurrence124
219.00000, 74.00000 
occurrence125
219.00000, 74.00000 
223.00000, 74.00000 
occurrence126
219.00000, 74.00000 
223.00000, 74.00000 
occurrence127
224.00000, 79.00000 
occurrence128
242.00000, 67.00000 
occurrence129
265.00000, 67.00000 
occurrence130
278.00000, 74.00000 
occurrence131
280.00000, 79.00000 
280.50000, 79.00000 
occurrence132
282.00000, 76.00000 
282.50000, 76.00000 
occurrence133
285.50000, 74.00000 
286.50000, 74.00000 
287.00000, 71.00000 
occurrence134
288.00000, 74.00000 
289.00000, 71.00000 
occurrence135
291.00000, 74.00000 
291.50000, 79.00000 
292.00000, 79.00000 
occurrence136
293.00000, 71.00000 
293.50000, 76.00000 
294.00000, 76.00000 
occurrence137
332.00000, 81.00000 
332.50000, 79.00000 
occurrence138
334.00000, 76.00000 
334.50000, 74.00000 
occurrence139
336.00000, 79.00000 
336.50000, 79.00000 
occurrence140
338.00000, 76.00000 
338.50000, 76.00000 
occurrence141
346.00000, 67.00000 
347.00000, 67.00000 
occurrence142
348.00000, 71.00000 
occurrence143
365.00000, 74.00000 
occurrence144
365.00000, 74.00000 
369.00000, 74.00000 
occurrence145
365.00000, 74.00000 
369.00000, 74.00000 
occurrence146
370.00000, 79.00000 
occurrence147
387.50000, 67.00000 
occurrence148
410.00000, 67.00000 
occurrence149
441.75000, 74.00000 
442.25000, 74.00000 
occurrence150
442.25000, 74.00000 
445.25000, 74.00000 
occurrence151
458.25000, 76.00000 
459.25000, 74.00000 
occurrence152
460.75000, 71.00000 
461.25000, 69.00000 
occurrence153
464.25000, 74.00000 
465.25000, 74.00000 
465.75000, 74.00000 
occurrence154
11.00000, 76.00000 
occurrence155
17.00000, 74.00000 
occurrence156
21.00000, 71.00000 
21.50000, 69.00000 
occurrence157
24.00000, 74.00000 
24.50000, 72.00000 
occurrence158
33.00000, 71.00000 
33.50000, 69.00000 
occurrence159
36.00000, 74.00000 
36.50000, 72.00000 
occurrence160
40.00000, 69.00000 
40.50000, 71.00000 
occurrence161
43.00000, 72.00000 
43.50000, 74.00000 
occurrence162
49.50000, 74.00000 
51.00000, 74.00000 
occurrence163
53.00000, 76.00000 
53.50000, 76.00000 
54.00000, 76.00000 
occurrence164
56.00000, 74.00000 
occurrence165
72.50000, 74.00000 
74.00000, 74.00000 
occurrence166
76.00000, 76.00000 
76.75000, 76.00000 
77.00000, 76.00000 
occurrence167
79.00000, 74.00000 
80.00000, 74.00000 
occurrence168
82.00000, 72.00000 
83.00000, 71.00000 
83.50000, 69.00000 
84.00000, 67.00000 
occurrence169
85.00000, 72.00000 
86.00000, 71.00000 
86.50000, 69.00000 
87.00000, 67.00000 
occurrence170
105.00000, 69.00000 
106.00000, 67.00000 
occurrence171
136.00000, 69.00000 
occurrence172
139.00000, 74.00000 
140.00000, 74.00000 
occurrence173
149.00000, 71.00000 
149.75000, 71.00000 
occurrence174
152.00000, 74.00000 
153.00000, 74.00000 
occurrence175
183.00000, 78.00000 
occurrence176
219.00000, 74.00000 
occurrence177
223.00000, 74.00000 
224.00000, 79.00000 
occurrence178
226.00000, 71.00000 
227.00000, 76.00000 
228.00000, 76.00000 
occurrence179
247.00000, 79.00000 
occurrence180
246.00000, 74.00000 
247.00000, 79.00000 
occurrence181
249.00000, 71.00000 
250.00000, 76.00000 
251.00000, 76.00000 
occurrence182
294.00000, 76.00000 
295.00000, 76.00000 
occurrence183
297.00000, 74.00000 
298.00000, 74.00000 
occurrence184
304.00000, 69.00000 
304.50000, 71.00000 
occurrence185
307.00000, 72.00000 
307.50000, 74.00000 
occurrence186
313.00000, 76.00000 
313.50000, 74.00000 
occurrence187
316.00000, 78.00000 
316.50000, 76.00000 
occurrence188
319.00000, 76.00000 
319.50000, 74.00000 
occurrence189
347.00000, 67.00000 
348.00000, 71.00000 
350.00000, 67.00000 
351.00000, 71.00000 
occurrence190
350.00000, 67.00000 
351.00000, 71.00000 
353.00000, 67.00000 
354.00000, 71.00000 
occurrence191
365.00000, 74.00000 
occurrence192
369.00000, 74.00000 
369.50000, 74.00000 
370.00000, 79.00000 
occurrence193
372.00000, 71.00000 
373.00000, 76.00000 
373.50000, 76.00000 
occurrence194
392.50000, 79.00000 
occurrence195
392.00000, 74.00000 
392.50000, 79.00000 
occurrence196
394.50000, 71.00000 
395.50000, 76.00000 
396.00000, 76.00000 
397.00000, 76.00000 
occurrence197
433.25000, 71.00000 
434.25000, 71.00000 
occurrence198
441.75000, 74.00000 
442.25000, 74.00000 
occurrence199
442.25000, 74.00000 
445.25000, 74.00000 
occurrence200
449.75000, 74.00000 
450.25000, 76.00000 
occurrence201
456.00000, 76.00000 
456.25000, 74.00000 
occurrence202
2.00000, 71.00000 
occurrence203
124.00000, 76.00000 
126.00000, 74.00000 
occurrence204
129.00000, 78.00000 
130.00000, 76.00000 
occurrence205
159.00000, 76.00000 
160.00000, 74.00000 
occurrence206
158.00000, 76.00000 
159.00000, 76.00000 
occurrence207
165.00000, 76.00000 
166.50000, 76.00000 
167.00000, 76.00000 
occurrence208
172.00000, 74.00000 
174.00000, 74.00000 
175.00000, 71.00000 
occurrence209
177.00000, 74.00000 
179.00000, 71.00000 
occurrence210
186.00000, 76.00000 
187.50000, 76.00000 
188.00000, 76.00000 
occurrence211
193.00000, 74.00000 
195.00000, 74.00000 
196.00000, 71.00000 
occurrence212
198.00000, 74.00000 
200.00000, 71.00000 
occurrence213
198.00000, 74.00000 
occurrence214
215.00000, 79.00000 
occurrence215
233.00000, 74.00000 
235.00000, 74.00000 
236.00000, 71.00000 
occurrence216
238.00000, 74.00000 
240.00000, 71.00000 
occurrence217
238.00000, 74.00000 
occurrence218
256.00000, 74.00000 
258.00000, 74.00000 
259.00000, 71.00000 
occurrence219
261.00000, 74.00000 
263.00000, 71.00000 
occurrence220
261.00000, 74.00000 
occurrence221
361.00000, 79.00000 
occurrence222
383.50000, 72.00000 
occurrence223
406.00000, 72.00000 
occurrence224
453.25000, 74.00000 
454.25000, 79.00000 
occurrence225
457.25000, 71.00000 
458.25000, 76.00000 
occurrence226
99.00000, 74.00000 
100.00000, 72.00000 
occurrence227
110.00000, 67.00000 
occurrence228
131.00000, 74.00000 
132.00000, 74.00000 
occurrence229
134.00000, 74.00000 
135.00000, 72.00000 
occurrence230
162.00000, 78.00000 
164.00000, 74.00000 
165.00000, 76.00000 
occurrence231
167.00000, 76.00000 
167.50000, 76.00000 
168.00000, 76.00000 
168.50000, 76.00000 
169.00000, 72.00000 
170.00000, 74.00000 
occurrence232
177.00000, 74.00000 
occurrence233
176.00000, 67.00000 
176.50000, 67.00000 
177.00000, 74.00000 
occurrence234
181.00000, 67.00000 
182.00000, 74.00000 
occurrence235
183.00000, 78.00000 
185.00000, 74.00000 
186.00000, 76.00000 
occurrence236
188.00000, 76.00000 
188.50000, 76.00000 
189.00000, 76.00000 
189.50000, 76.00000 
190.00000, 72.00000 
191.00000, 74.00000 
occurrence237
273.00000, 74.00000 
occurrence238
303.00000, 67.00000 
304.00000, 69.00000 
occurrence239
307.50000, 74.00000 
308.50000, 74.00000 
309.00000, 76.00000 
occurrence240
309.00000, 76.00000 
310.00000, 81.00000 
occurrence241
313.50000, 74.00000 
314.50000, 74.00000 
315.00000, 79.00000 
occurrence242
325.00000, 67.00000 
326.00000, 67.00000 
occurrence243
329.50000, 74.00000 
331.00000, 74.00000 
occurrence244
351.00000, 71.00000 
occurrence245
396.00000, 76.00000 
397.00000, 76.00000 
occurrence246
436.25000, 67.00000 
occurrence247
450.25000, 76.00000 
451.25000, 74.00000 
occurrence248
469.25000, 67.00000 
occurrence249
23.00000, 74.00000 
24.00000, 74.00000 
occurrence250
29.00000, 74.00000 
occurrence251
35.00000, 74.00000 
36.00000, 74.00000 
occurrence252
43.50000, 74.00000 
45.00000, 74.00000 
occurrence253
89.00000, 74.00000 
occurrence254
95.00000, 74.00000 
96.00000, 74.00000 
occurrence255
101.00000, 69.00000 
occurrence256
164.00000, 74.00000 
165.00000, 76.00000 
occurrence257
172.00000, 74.00000 
174.00000, 74.00000 
occurrence258
185.00000, 74.00000 
186.00000, 76.00000 
occurrence259
193.00000, 74.00000 
195.00000, 74.00000 
occurrence260
227.00000, 76.00000 
228.00000, 76.00000 
229.00000, 76.00000 
occurrence261
233.00000, 74.00000 
235.00000, 74.00000 
occurrence262
250.00000, 76.00000 
251.00000, 76.00000 
252.00000, 76.00000 
occurrence263
256.00000, 74.00000 
258.00000, 74.00000 
occurrence264
347.00000, 67.00000 
348.00000, 71.00000 
occurrence265
353.00000, 67.00000 
354.00000, 71.00000 
occurrence266
373.00000, 76.00000 
373.50000, 76.00000 
374.50000, 76.00000 
occurrence267
378.50000, 74.00000 
380.50000, 74.00000 
occurrence268
442.25000, 74.00000 
occurrence269
461.25000, 69.00000 
464.25000, 74.00000 
occurrence270
0.50000, 67.00000 
1.25000, 67.00000 
1.50000, 69.00000 
2.00000, 71.00000 
occurrence271
8.00000, 74.00000 
8.50000, 76.00000 
9.00000, 78.00000 
occurrence272
6.00000, 74.00000 
6.50000, 74.00000 
8.00000, 74.00000 
occurrence273
12.50000, 74.00000 
15.00000, 74.00000 
occurrence274
85.00000, 72.00000 
86.00000, 71.00000 
occurrence275
92.00000, 79.00000 
93.00000, 78.00000 
occurrence276
110.00000, 67.00000 
111.50000, 67.00000 
112.00000, 69.00000 
113.00000, 71.00000 
114.00000, 72.00000 
occurrence277
115.00000, 74.00000 
118.00000, 74.00000 
119.00000, 76.00000 
120.00000, 78.00000 
121.00000, 79.00000 
occurrence278
121.00000, 79.00000 
122.00000, 78.00000 
occurrence279
128.00000, 79.00000 
129.00000, 78.00000 
occurrence280
168.00000, 76.00000 
168.50000, 76.00000 
169.00000, 72.00000 
occurrence281
175.00000, 71.00000 
176.00000, 67.00000 
occurrence282
189.00000, 76.00000 
189.50000, 76.00000 
190.00000, 72.00000 
occurrence283
196.00000, 71.00000 
197.00000, 67.00000 
occurrence284
201.00000, 69.00000 
202.00000, 67.00000 
203.00000, 67.00000 
occurrence285
208.00000, 76.00000 
209.00000, 74.00000 
occurrence286
229.00000, 76.00000 
229.50000, 76.00000 
230.00000, 72.00000 
occurrence287
236.00000, 71.00000 
237.00000, 67.00000 
occurrence288
252.00000, 76.00000 
252.50000, 76.00000 
253.00000, 72.00000 
occurrence289
259.00000, 71.00000 
260.00000, 67.00000 
occurrence290
341.00000, 76.00000 
341.50000, 74.00000 
occurrence291
374.50000, 76.00000 
375.50000, 72.00000 
occurrence292
381.50000, 71.00000 
382.50000, 67.00000 
occurrence293
397.00000, 76.00000 
398.00000, 72.00000 
occurrence294
404.00000, 71.00000 
405.00000, 67.00000 
occurrence295
436.25000, 67.00000 
439.25000, 69.00000 
440.25000, 71.00000 
occurrence296
442.25000, 74.00000 
445.25000, 74.00000 
446.25000, 76.00000 
447.25000, 78.00000 
occurrence297
171.00000, 76.00000 
172.00000, 74.00000 
occurrence298
192.00000, 76.00000 
193.00000, 74.00000 
occurrence299
208.00000, 76.00000 
209.00000, 74.00000 
occurrence300
232.00000, 76.00000 
233.00000, 74.00000 
occurrence301
237.00000, 67.00000 
238.00000, 74.00000 
occurrence302
242.00000, 67.00000 
246.00000, 74.00000 
occurrence303
255.00000, 76.00000 
256.00000, 74.00000 
occurrence304
355.00000, 76.00000 
356.00000, 74.00000 
occurrence305
377.50000, 76.00000 
378.50000, 74.00000 
occurrence306
400.00000, 76.00000 
401.00000, 74.00000 
occurrence307
451.25000, 74.00000 
453.25000, 74.00000 
occurrence308
460.75000, 71.00000 
461.25000, 69.00000 
occurrence309
468.25000, 69.00000 
469.25000, 67.00000 
occurrence310
11.00000, 76.00000 
12.50000, 74.00000 
occurrence311
101.00000, 69.00000 
103.00000, 71.00000 
occurrence312
110.00000, 67.00000 
111.50000, 67.00000 
112.00000, 69.00000 
occurrence313
183.00000, 78.00000 
185.00000, 74.00000 
occurrence314
192.00000, 76.00000 
193.00000, 74.00000 
occurrence315
204.00000, 71.00000 
206.00000, 67.00000 
occurrence316
232.00000, 76.00000 
233.00000, 74.00000 
235.00000, 74.00000 
occurrence317
241.00000, 69.00000 
242.00000, 67.00000 
occurrence318
255.00000, 76.00000 
256.00000, 74.00000 
258.00000, 74.00000 
occurrence319
264.00000, 69.00000 
265.00000, 67.00000 
occurrence320
355.00000, 76.00000 
356.00000, 74.00000 
358.00000, 74.00000 
occurrence321
364.00000, 76.00000 
365.00000, 74.00000 
occurrence322
377.50000, 76.00000 
378.50000, 74.00000 
380.50000, 74.00000 
occurrence323
386.50000, 69.00000 
387.50000, 67.00000 
occurrence324
382.50000, 67.00000 
383.50000, 72.00000 
occurrence325
400.00000, 76.00000 
401.00000, 74.00000 
403.00000, 74.00000 
occurrence326
409.00000, 69.00000 
410.00000, 67.00000 
occurrence327
410.00000, 67.00000 
414.00000, 63.00000 
occurrence328
421.00000, 72.00000 
421.50000, 70.00000 
422.00000, 70.00000 
occurrence329
429.75000, 72.00000 
430.50000, 70.00000 
430.75000, 70.00000 
occurrence330
442.25000, 74.00000 
occurrence331
36.50000, 72.00000 
37.50000, 71.00000 
38.00000, 69.00000 
occurrence332
46.50000, 79.00000 
47.50000, 78.00000 
48.00000, 76.00000 
occurrence333
78.00000, 74.00000 
78.50000, 76.00000 
79.00000, 74.00000 
80.00000, 74.00000 
occurrence334
88.00000, 74.00000 
88.50000, 76.00000 
89.00000, 74.00000 
occurrence335
82.00000, 72.00000 
83.00000, 71.00000 
occurrence336
101.00000, 69.00000 
103.00000, 71.00000 
occurrence337
208.00000, 76.00000 
209.00000, 74.00000 
212.00000, 74.00000 
occurrence338
218.00000, 76.00000 
219.00000, 74.00000 
occurrence339
345.00000, 69.00000 
345.50000, 69.00000 
346.00000, 67.00000 
347.00000, 67.00000 
occurrence340
355.00000, 76.00000 
356.00000, 74.00000 
occurrence341
356.00000, 74.00000 
358.00000, 74.00000 
occurrence342
401.00000, 74.00000 
403.00000, 74.00000 
occurrence343
422.00000, 70.00000 
422.25000, 70.00000 
423.00000, 70.00000 
occurrence344
450.25000, 76.00000 
451.25000, 74.00000 
453.25000, 74.00000 
454.25000, 79.00000 
occurrence345
460.75000, 71.00000 
461.25000, 69.00000 
464.25000, 74.00000 
occurrence346
10.00000, 78.00000 
10.50000, 76.00000 
11.00000, 76.00000 
occurrence347
59.00000, 72.00000 
60.00000, 71.00000 
occurrence348
70.00000, 79.00000 
71.00000, 78.00000 
occurrence349
153.00000, 74.00000 
154.00000, 76.00000 
occurrence350
209.00000, 74.00000 
212.00000, 74.00000 
occurrence351
11.00000, 76.00000 
12.50000, 74.00000 
occurrence352
23.00000, 74.00000 
24.00000, 74.00000 
24.50000, 72.00000 
occurrence353
48.00000, 76.00000 
48.50000, 74.00000 
occurrence354
89.00000, 74.00000 
90.50000, 74.00000 
91.00000, 76.00000 
occurrence355
171.00000, 76.00000 
172.00000, 74.00000 
occurrence356
162.00000, 78.00000 
164.00000, 74.00000 
occurrence357
277.00000, 78.00000 
277.50000, 76.00000 
278.00000, 74.00000 
occurrence358
289.00000, 71.00000 
289.50000, 69.00000 
290.00000, 67.00000 
occurrence359
301.00000, 69.00000 
301.50000, 67.00000 
occurrence360
128.00000, 79.00000 
129.00000, 78.00000 
130.00000, 76.00000 
occurrence361
141.00000, 72.00000 
142.00000, 71.00000 
143.00000, 69.00000 
occurrence362
138.00000, 71.00000 
138.50000, 72.00000 
139.00000, 74.00000 
140.00000, 74.00000 
occurrence363
151.00000, 71.00000 
151.50000, 72.00000 
152.00000, 74.00000 
153.00000, 74.00000 
occurrence364
107.00000, 72.00000 
108.00000, 71.00000 
occurrence365
143.00000, 69.00000 
144.00000, 67.00000 
occurrence366
218.00000, 76.00000 
219.00000, 74.00000 
occurrence367
311.00000, 79.00000 
occurrence368
92.00000, 79.00000 
93.00000, 78.00000 
94.00000, 76.00000 
95.00000, 74.00000 
96.00000, 74.00000 
occurrence369
107.00000, 72.00000 
108.00000, 71.00000 
109.00000, 69.00000 
110.00000, 67.00000 
occurrence370
156.00000, 79.00000 
157.00000, 78.00000 
158.00000, 76.00000 
occurrence371
260.00000, 67.00000 
261.00000, 74.00000 
occurrence372
354.00000, 71.00000 
355.00000, 76.00000 
occurrence373
369.00000, 74.00000 
369.50000, 74.00000 
370.00000, 79.00000 
occurrence374
435.25000, 69.00000 
436.25000, 67.00000 
occurrence375
450.25000, 76.00000 
451.25000, 74.00000 
453.25000, 74.00000 
occurrence376
115.00000, 74.00000 
118.00000, 74.00000 
119.00000, 76.00000 
occurrence377
109.00000, 69.00000 
110.00000, 67.00000 
occurrence378
124.00000, 76.00000 
126.00000, 74.00000 
occurrence379
136.00000, 69.00000 
138.00000, 71.00000 
occurrence380
152.00000, 74.00000 
153.00000, 74.00000 
154.00000, 76.00000 
occurrence381
143.00000, 69.00000 
144.00000, 67.00000 
146.00000, 71.00000 
148.00000, 67.00000 
occurrence382
159.00000, 76.00000 
160.00000, 74.00000 
161.00000, 74.00000 
162.00000, 78.00000 
164.00000, 74.00000 
occurrence383
197.00000, 67.00000 
197.50000, 67.00000 
198.00000, 74.00000 
occurrence384
188.00000, 76.00000 
188.50000, 76.00000 
189.00000, 76.00000 
189.50000, 76.00000 
190.00000, 72.00000 
occurrence385
204.00000, 71.00000 
206.00000, 67.00000 
occurrence386
192.00000, 76.00000 
193.00000, 74.00000 
195.00000, 74.00000 
occurrence387
208.00000, 76.00000 
209.00000, 74.00000 
occurrence388
207.00000, 71.00000 
208.00000, 76.00000 
occurrence389
223.00000, 74.00000 
224.00000, 79.00000 
occurrence390
285.00000, 76.00000 
285.50000, 74.00000 
occurrence391
396.00000, 76.00000 
397.00000, 76.00000 
398.00000, 72.00000 
occurrence392
410.00000, 67.00000 
414.00000, 63.00000 
occurrence393
200.00000, 71.00000 
201.00000, 69.00000 
202.00000, 67.00000 
203.00000, 67.00000 
occurrence394
217.00000, 78.00000 
218.00000, 76.00000 
219.00000, 74.00000 
occurrence395
136.00000, 69.00000 
138.00000, 71.00000 
occurrence396
212.00000, 74.00000 
213.00000, 76.00000 
214.00000, 78.00000 
occurrence397
230.00000, 72.00000 
231.00000, 74.00000 
232.00000, 76.00000 
occurrence398
320.50000, 71.00000 
321.25000, 71.00000 
321.50000, 67.00000 
occurrence399
338.50000, 76.00000 
339.50000, 72.00000 
340.00000, 72.00000 
occurrence400
345.00000, 69.00000 
345.50000, 69.00000 
346.00000, 67.00000 
occurrence401
372.00000, 71.00000 
373.00000, 76.00000 
occurrence402
461.25000, 69.00000 
occurrence403
450.25000, 76.00000 
451.25000, 74.00000 
occurrence404
45.00000, 74.00000 
45.50000, 76.00000 
46.00000, 78.00000 
occurrence405
64.00000, 67.00000 
64.50000, 69.00000 
65.00000, 71.00000 
occurrence406
226.00000, 71.00000 
227.00000, 76.00000 
occurrence407
334.50000, 74.00000 
335.50000, 74.00000 
336.00000, 79.00000 
occurrence408
364.00000, 76.00000 
365.00000, 74.00000 
occurrence409
141.00000, 72.00000 
142.00000, 71.00000 
occurrence410
273.00000, 74.00000 
274.50000, 74.00000 
275.00000, 76.00000 
occurrence411
106.00000, 67.00000 
107.00000, 72.00000 
108.00000, 71.00000 
109.00000, 69.00000 
occurrence412
126.00000, 74.00000 
128.00000, 79.00000 
129.00000, 78.00000 
130.00000, 76.00000 
occurrence413
146.00000, 71.00000 
148.00000, 67.00000 
occurrence414
167.00000, 76.00000 
167.50000, 76.00000 
168.00000, 76.00000 
168.50000, 76.00000 
169.00000, 72.00000 
occurrence415
183.00000, 78.00000 
185.00000, 74.00000 
occurrence416
311.00000, 79.00000 
312.50000, 78.00000 
313.00000, 76.00000 
313.50000, 74.00000 
314.50000, 74.00000 
315.00000, 79.00000 
occurrence417
332.50000, 79.00000 
333.50000, 78.00000 
334.00000, 76.00000 
334.50000, 74.00000 
335.50000, 74.00000 
336.00000, 79.00000 
occurrence418
24.50000, 72.00000 
25.50000, 71.00000 
26.00000, 69.00000 
occurrence419
67.50000, 74.00000 
68.50000, 74.00000 
69.00000, 76.00000 
occurrence420
89.00000, 74.00000 
90.50000, 74.00000 
91.00000, 76.00000 
occurrence421
84.00000, 67.00000 
85.00000, 72.00000 
86.00000, 71.00000 
occurrence422
106.00000, 67.00000 
107.00000, 72.00000 
108.00000, 71.00000 
occurrence423
190.00000, 72.00000 
191.00000, 74.00000 
192.00000, 76.00000 
occurrence424
242.00000, 67.00000 
occurrence425
329.00000, 72.00000 
329.50000, 74.00000 
occurrence426
318.00000, 72.00000 
318.50000, 74.00000 
319.00000, 76.00000 
319.50000, 74.00000 
occurrence427
340.00000, 72.00000 
340.50000, 74.00000 
341.00000, 76.00000 
341.50000, 74.00000 
occurrence428
387.50000, 67.00000 
occurrence429
410.00000, 67.00000 
occurrence430
49.50000, 74.00000 
51.00000, 74.00000 
51.50000, 79.00000 
52.00000, 79.00000 
occurrence431
72.50000, 74.00000 
74.00000, 74.00000 
74.50000, 79.00000 
75.00000, 79.00000 
occurrence432
53.00000, 76.00000 
53.50000, 76.00000 
54.00000, 76.00000 
54.50000, 72.00000 
55.00000, 74.00000 
55.50000, 76.00000 
56.00000, 74.00000 
occurrence433
76.00000, 76.00000 
76.75000, 76.00000 
77.00000, 76.00000 
77.50000, 72.00000 
78.00000, 74.00000 
78.50000, 76.00000 
79.00000, 74.00000 
80.00000, 74.00000 
occurrence434
58.00000, 71.00000 
58.50000, 74.00000 
59.00000, 72.00000 
60.00000, 71.00000 
60.50000, 69.00000 
61.00000, 67.00000 
occurrence435
80.50000, 71.00000 
81.50000, 74.00000 
82.00000, 72.00000 
83.00000, 71.00000 
83.50000, 69.00000 
84.00000, 67.00000 
occurrence436
186.00000, 76.00000 
187.50000, 76.00000 
188.00000, 76.00000 
188.50000, 76.00000 
189.00000, 76.00000 
occurrence437
217.00000, 78.00000 
218.00000, 76.00000 
219.00000, 74.00000 
occurrence438
240.00000, 71.00000 
241.00000, 69.00000 
242.00000, 67.00000 
occurrence439
35.00000, 74.00000 
36.00000, 74.00000 
36.50000, 72.00000 
occurrence440
40.50000, 71.00000 
42.00000, 67.00000 
42.50000, 71.00000 
43.00000, 72.00000 
43.50000, 74.00000 
occurrence441
65.00000, 71.00000 
66.00000, 67.00000 
66.50000, 71.00000 
67.00000, 72.00000 
67.50000, 74.00000 
occurrence442
182.00000, 74.00000 
183.00000, 78.00000 
occurrence443
206.00000, 67.00000 
207.00000, 71.00000 
occurrence444
228.00000, 76.00000 
229.00000, 76.00000 
229.50000, 76.00000 
230.00000, 72.00000 
occurrence445
282.50000, 76.00000 
283.50000, 76.00000 
284.00000, 72.00000 
occurrence446
261.00000, 74.00000 
263.00000, 71.00000 
occurrence447
460.75000, 71.00000 
461.25000, 69.00000 
occurrence448
59.00000, 72.00000 
60.00000, 71.00000 
60.50000, 69.00000 
61.00000, 67.00000 
occurrence449
269.00000, 71.00000 
269.50000, 67.00000 
270.00000, 69.00000 
occurrence450
295.00000, 76.00000 
295.50000, 72.00000 
296.00000, 74.00000 
occurrence451
67.00000, 72.00000 
67.50000, 74.00000 
occurrence452
126.00000, 74.00000 
128.00000, 79.00000 
occurrence453
154.00000, 76.00000 
155.00000, 81.00000 
occurrence454
146.00000, 71.00000 
148.00000, 67.00000 
occurrence455
258.00000, 74.00000 
259.00000, 71.00000 
occurrence456
278.00000, 74.00000 
279.50000, 74.00000 
280.00000, 79.00000 
280.50000, 79.00000 
occurrence457
290.00000, 67.00000 
291.00000, 74.00000 
occurrence458
278.00000, 74.00000 
279.50000, 74.00000 
280.00000, 79.00000 
occurrence459
94.00000, 76.00000 
95.00000, 74.00000 
96.00000, 74.00000 
occurrence460
232.00000, 76.00000 
233.00000, 74.00000 
occurrence461
251.00000, 76.00000 
252.00000, 76.00000 
252.50000, 76.00000 
253.00000, 72.00000 
occurrence462
282.00000, 76.00000 
282.50000, 76.00000 
283.50000, 76.00000 
284.00000, 72.00000 
occurrence463
296.00000, 74.00000 
296.50000, 76.00000 
297.00000, 74.00000 
occurrence464
327.00000, 69.00000 
327.50000, 71.00000 
328.00000, 69.00000 
occurrence465
28.00000, 78.00000 
28.50000, 76.00000 
29.00000, 74.00000 
occurrence466
60.00000, 71.00000 
60.50000, 69.00000 
61.00000, 67.00000 
occurrence467
316.50000, 76.00000 
317.50000, 76.00000 
318.00000, 72.00000 
occurrence468
348.00000, 71.00000 
350.00000, 67.00000 
occurrence469
55.00000, 74.00000 
55.50000, 76.00000 
56.00000, 74.00000 
occurrence470
241.00000, 69.00000 
242.00000, 67.00000 
occurrence471
405.00000, 67.00000 
406.00000, 72.00000 
occurrence472
434.25000, 71.00000 
435.25000, 69.00000 
436.25000, 67.00000 
occurrence473
467.75000, 71.00000 
468.25000, 69.00000 
469.25000, 67.00000 
occurrence474
141.00000, 72.00000 
142.00000, 71.00000 
143.00000, 69.00000 
144.00000, 67.00000 
occurrence475
124.00000, 76.00000 
126.00000, 74.00000 
occurrence476
158.00000, 76.00000 
159.00000, 76.00000 
160.00000, 74.00000 
161.00000, 74.00000 
occurrence477
270.00000, 69.00000 
270.50000, 71.00000 
271.50000, 69.00000 
272.00000, 71.00000 
occurrence478
304.00000, 69.00000 
304.50000, 71.00000 
305.50000, 69.00000 
306.00000, 71.00000 
occurrence479
282.50000, 76.00000 
283.50000, 76.00000 
284.00000, 72.00000 
284.50000, 74.00000 
285.00000, 76.00000 
285.50000, 74.00000 
occurrence480
316.50000, 76.00000 
317.50000, 76.00000 
318.00000, 72.00000 
318.50000, 74.00000 
319.00000, 76.00000 
319.50000, 74.00000 
occurrence481
334.50000, 74.00000 
335.50000, 74.00000 
336.00000, 79.00000 
336.50000, 79.00000 
occurrence482
386.50000, 69.00000 
387.50000, 67.00000 
occurrence483
421.00000, 72.00000 
421.50000, 70.00000 
422.00000, 70.00000 
422.25000, 70.00000 
423.00000, 70.00000 
occurrence484
98.00000, 71.00000 
98.50000, 76.00000 
99.00000, 74.00000 
100.00000, 72.00000 
100.50000, 71.00000 
101.00000, 69.00000 
103.00000, 71.00000 
occurrence485
133.00000, 71.00000 
133.50000, 76.00000 
134.00000, 74.00000 
135.00000, 72.00000 
135.50000, 71.00000 
136.00000, 69.00000 
138.00000, 71.00000 
occurrence486
156.00000, 79.00000 
157.00000, 78.00000 
occurrence487
288.00000, 74.00000 
289.00000, 71.00000 
289.50000, 69.00000 
290.00000, 67.00000 
occurrence488
323.00000, 74.00000 
324.00000, 71.00000 
324.25000, 71.00000 
324.50000, 69.00000 
325.00000, 67.00000 
occurrence489
310.00000, 81.00000 
310.50000, 81.00000 
311.00000, 79.00000 
occurrence490
351.00000, 71.00000 
353.00000, 67.00000 
occurrence491
92.00000, 79.00000 
93.00000, 78.00000 
94.00000, 76.00000 
occurrence492
338.00000, 76.00000 
338.50000, 76.00000 
339.50000, 72.00000 
340.00000, 72.00000 
occurrence493
373.50000, 76.00000 
374.50000, 76.00000 
375.50000, 72.00000 
occurrence494
6.50000, 74.00000 
8.00000, 74.00000 
8.50000, 76.00000 
9.00000, 78.00000 
occurrence495
43.50000, 74.00000 
45.00000, 74.00000 
45.50000, 76.00000 
46.00000, 78.00000 
occurrence496
142.00000, 71.00000 
143.00000, 69.00000 
144.00000, 67.00000 
occurrence497
179.00000, 71.00000 
180.00000, 69.00000 
181.00000, 67.00000 
occurrence498
144.00000, 67.00000 
146.00000, 71.00000 
148.00000, 67.00000 
occurrence499
182.00000, 74.00000 
183.00000, 78.00000 
185.00000, 74.00000 
occurrence500
171.00000, 76.00000 
172.00000, 74.00000 
174.00000, 74.00000 
occurrence501
270.00000, 69.00000 
270.50000, 71.00000 
occurrence502
323.00000, 74.00000 
324.00000, 71.00000 
occurrence503
217.00000, 78.00000 
218.00000, 76.00000 
219.00000, 74.00000 
occurrence504
246.00000, 74.00000 
247.00000, 79.00000 
occurrence505
276.00000, 79.00000 
277.00000, 78.00000 
occurrence506
315.00000, 79.00000 
315.50000, 79.00000 
316.00000, 78.00000 
occurrence507
358.00000, 74.00000 
359.00000, 76.00000 
360.00000, 78.00000 
occurrence508
398.00000, 72.00000 
399.00000, 74.00000 
400.00000, 76.00000 
occurrence509
253.00000, 72.00000 
254.00000, 74.00000 
255.00000, 76.00000 
occurrence510
131.00000, 74.00000 
132.00000, 74.00000 
133.00000, 71.00000 
occurrence511
162.00000, 78.00000 
164.00000, 74.00000 
occurrence512
249.00000, 71.00000 
250.00000, 76.00000 
occurrence513
126.00000, 74.00000 
128.00000, 79.00000 
129.00000, 78.00000 
occurrence514
169.00000, 72.00000 
170.00000, 74.00000 
171.00000, 76.00000 
occurrence515
377.50000, 76.00000 
378.50000, 74.00000 
occurrence516
16.00000, 78.00000 
16.50000, 76.00000 
17.00000, 74.00000 
occurrence517
165.00000, 76.00000 
166.50000, 76.00000 
167.00000, 76.00000 
167.50000, 76.00000 
168.00000, 76.00000 
occurrence518
247.00000, 79.00000 
249.00000, 71.00000 
occurrence519
292.00000, 79.00000 
293.00000, 71.00000 
occurrence520
161.00000, 74.00000 
162.00000, 78.00000 
occurrence521
228.00000, 76.00000 
229.00000, 76.00000 
229.50000, 76.00000 
230.00000, 72.00000 
231.00000, 74.00000 
occurrence522
265.00000, 67.00000 
occurrence523
309.00000, 76.00000 
310.00000, 81.00000 
310.50000, 81.00000 
311.00000, 79.00000 
occurrence524
354.00000, 71.00000 
355.00000, 76.00000 
356.00000, 74.00000 
occurrence525
351.00000, 71.00000 
353.00000, 67.00000 
occurrence526
361.00000, 79.00000 
363.00000, 78.00000 
364.00000, 76.00000 
365.00000, 74.00000 
occurrence527
406.00000, 72.00000 
408.00000, 71.00000 
409.00000, 69.00000 
410.00000, 67.00000 
occurrence528
263.00000, 71.00000 
264.00000, 69.00000 
265.00000, 67.00000 
occurrence529
264.00000, 69.00000 
265.00000, 67.00000 
occurrence530
238.00000, 74.00000 
240.00000, 71.00000 
occurrence531
310.00000, 81.00000 
310.50000, 81.00000 
311.00000, 79.00000 
occurrence532
277.00000, 78.00000 
277.50000, 76.00000 
278.00000, 74.00000 
occurrence533
324.00000, 71.00000 
324.25000, 71.00000 
324.50000, 69.00000 
325.00000, 67.00000 
326.00000, 67.00000 
occurrence534
361.00000, 79.00000 
363.00000, 78.00000 
occurrence535
61.00000, 67.00000 
occurrence536
106.00000, 67.00000 
107.00000, 72.00000 
occurrence537
343.00000, 67.00000 
343.50000, 74.00000 
344.00000, 74.00000 
occurrence538
387.50000, 67.00000 
391.50000, 74.00000 
392.00000, 74.00000 
occurrence539
348.00000, 71.00000 
350.00000, 67.00000 
occurrence540
107.00000, 72.00000 
108.00000, 71.00000 
109.00000, 69.00000 
occurrence541
5.00000, 74.00000 
5.50000, 76.00000 
6.00000, 74.00000 
6.50000, 74.00000 
occurrence542
29.00000, 74.00000 
30.50000, 71.00000 
occurrence543
79.00000, 74.00000 
80.00000, 74.00000 
80.50000, 71.00000 
occurrence544
114.00000, 72.00000 
115.00000, 74.00000 
118.00000, 74.00000 
occurrence545
164.00000, 74.00000 
165.00000, 76.00000 
166.50000, 76.00000 
167.00000, 76.00000 
167.50000, 76.00000 
168.00000, 76.00000 
occurrence546
0.00000, 62.00000 
0.50000, 67.00000 
occurrence547
51.00000, 74.00000 
51.50000, 79.00000 
52.00000, 79.00000 
occurrence548
72.00000, 76.00000 
72.50000, 74.00000 
74.00000, 74.00000 
occurrence549
122.00000, 78.00000 
123.50000, 76.00000 
124.00000, 76.00000 
occurrence550
118.00000, 74.00000 
119.00000, 76.00000 
120.00000, 78.00000 
occurrence551
235.00000, 74.00000 
236.00000, 71.00000 
occurrence552
405.00000, 67.00000 
406.00000, 72.00000 
occurrence553
122.00000, 78.00000 
123.50000, 76.00000 
124.00000, 76.00000 
occurrence554
100.00000, 72.00000 
100.50000, 71.00000 
101.00000, 69.00000 
occurrence555
154.00000, 76.00000 
155.00000, 81.00000 
156.00000, 79.00000 
occurrence556
207.00000, 71.00000 
208.00000, 76.00000 
209.00000, 74.00000 
occurrence557
275.00000, 76.00000 
275.50000, 78.00000 
276.00000, 79.00000 
occurrence558
328.00000, 69.00000 
328.50000, 71.00000 
329.00000, 72.00000 
occurrence559
255.00000, 76.00000 
256.00000, 74.00000 
occurrence560
306.00000, 71.00000 
307.00000, 72.00000 
occurrence561
360.00000, 78.00000 
361.00000, 79.00000 
occurrence562
28.00000, 78.00000 
28.50000, 76.00000 
29.00000, 74.00000 
occurrence563
83.00000, 71.00000 
83.50000, 69.00000 
84.00000, 67.00000 
occurrence564
148.00000, 67.00000 
148.25000, 67.00000 
148.50000, 69.00000 
149.00000, 71.00000 
149.75000, 71.00000 
occurrence565
203.00000, 67.00000 
203.50000, 69.00000 
204.00000, 71.00000 
occurrence566
400.00000, 76.00000 
401.00000, 74.00000 
occurrence567
264.00000, 69.00000 
265.00000, 67.00000 
occurrence568
219.00000, 74.00000 
223.00000, 74.00000 
224.00000, 79.00000 
occurrence569
278.00000, 74.00000 
279.50000, 74.00000 
280.00000, 79.00000 
280.50000, 79.00000 
occurrence570
284.00000, 72.00000 
284.50000, 74.00000 
285.00000, 76.00000 
285.50000, 74.00000 
occurrence571
86.00000, 71.00000 
86.50000, 69.00000 
87.00000, 67.00000 
occurrence572
110.00000, 67.00000 
111.50000, 67.00000 
112.00000, 69.00000 
113.00000, 71.00000 
occurrence573
142.00000, 71.00000 
143.00000, 69.00000 
144.00000, 67.00000 
occurrence574
209.00000, 74.00000 
212.00000, 74.00000 
213.00000, 76.00000 
occurrence575
218.00000, 76.00000 
219.00000, 74.00000 
occurrence576
215.00000, 79.00000 
217.00000, 78.00000 
218.00000, 76.00000 
occurrence577
215.00000, 79.00000 
217.00000, 78.00000 
occurrence578
144.00000, 67.00000 
146.00000, 71.00000 
occurrence579
319.50000, 74.00000 
320.50000, 71.00000 
321.25000, 71.00000 
321.50000, 67.00000 
occurrence580
380.50000, 74.00000 
381.50000, 71.00000 
382.50000, 67.00000 
occurrence581
17.00000, 74.00000 
18.50000, 71.00000 
occurrence582
265.00000, 67.00000 
269.00000, 71.00000 
occurrence583
273.00000, 74.00000 
274.50000, 74.00000 
275.00000, 76.00000 
occurrence584
409.00000, 69.00000 
410.00000, 67.00000 
occurrence585
16.00000, 78.00000 
16.50000, 76.00000 
17.00000, 74.00000 
occurrence586
30.50000, 71.00000 
31.50000, 76.00000 
31.75000, 76.00000 
32.00000, 74.00000 
occurrence587
98.00000, 71.00000 
98.50000, 76.00000 
99.00000, 74.00000 
occurrence588
224.00000, 79.00000 
226.00000, 71.00000 
occurrence589
251.00000, 76.00000 
252.00000, 76.00000 
252.50000, 76.00000 
253.00000, 72.00000 
254.00000, 74.00000 
occurrence590
241.00000, 69.00000 
242.00000, 67.00000 
occurrence591
84.00000, 67.00000 
85.00000, 72.00000 
occurrence592
108.00000, 71.00000 
109.00000, 69.00000 
110.00000, 67.00000 
occurrence593
185.00000, 74.00000 
186.00000, 76.00000 
187.50000, 76.00000 
188.00000, 76.00000 
188.50000, 76.00000 
189.00000, 76.00000 
occurrence594
74.00000, 74.00000 
74.50000, 79.00000 
75.00000, 79.00000 
occurrence595
56.00000, 74.00000 
57.50000, 74.00000 
58.00000, 71.00000 
occurrence596
215.00000, 79.00000 
217.00000, 78.00000 
218.00000, 76.00000 
219.00000, 74.00000 
occurrence597
365.00000, 74.00000 
369.00000, 74.00000 
occurrence598
441.75000, 74.00000 
442.25000, 74.00000 
445.25000, 74.00000 
occurrence599
18.50000, 71.00000 
19.50000, 76.00000 
19.75000, 76.00000 
20.00000, 74.00000 
occurrence600
265.00000, 67.00000 
269.00000, 71.00000 
occurrence601
346.00000, 67.00000 
347.00000, 67.00000 
348.00000, 71.00000 
occurrence602
370.00000, 79.00000 
372.00000, 71.00000 
occurrence603
403.00000, 74.00000 
404.00000, 71.00000 
occurrence604
203.00000, 67.00000 
203.50000, 69.00000 
204.00000, 71.00000 
occurrence605
284.00000, 72.00000 
284.50000, 74.00000 
285.00000, 76.00000 
occurrence606
65.00000, 71.00000 
66.00000, 67.00000 
occurrence607
350.00000, 67.00000 
351.00000, 71.00000 
occurrence608
148.00000, 67.00000 
148.25000, 67.00000 
148.50000, 69.00000 
149.00000, 71.00000 
occurrence609
356.00000, 74.00000 
358.00000, 74.00000 
359.00000, 76.00000 
occurrence610
93.00000, 78.00000 
94.00000, 76.00000 
95.00000, 74.00000 
occurrence611
122.00000, 78.00000 
123.50000, 76.00000 
124.00000, 76.00000 
occurrence612
198.00000, 74.00000 
200.00000, 71.00000 
occurrence613
135.00000, 72.00000 
135.50000, 71.00000 
136.00000, 69.00000 
occurrence614
365.00000, 74.00000 
369.00000, 74.00000 
369.50000, 74.00000 
370.00000, 79.00000 
occurrence615
293.00000, 71.00000 
293.50000, 76.00000 
294.00000, 76.00000 
295.00000, 76.00000 
occurrence616
195.00000, 74.00000 
196.00000, 71.00000 
occurrence617
108.00000, 71.00000 
109.00000, 69.00000 
110.00000, 67.00000 
occurrence618
214.00000, 78.00000 
215.00000, 79.00000 
occurrence619
382.50000, 67.00000 
383.50000, 72.00000 
occurrence620
299.00000, 67.00000 
299.50000, 74.00000 
occurrence621
406.00000, 72.00000 
408.00000, 71.00000 
occurrence622
115.00000, 74.00000 
118.00000, 74.00000 
119.00000, 76.00000 
120.00000, 78.00000 
121.00000, 79.00000 
occurrence623
209.00000, 74.00000 
212.00000, 74.00000 
213.00000, 76.00000 
214.00000, 78.00000 
215.00000, 79.00000 
occurrence624
126.00000, 74.00000 
128.00000, 79.00000 
occurrence625
219.00000, 74.00000 
223.00000, 74.00000 
224.00000, 79.00000 
occurrence626
240.00000, 71.00000 
241.00000, 69.00000 
242.00000, 67.00000 
occurrence627
363.00000, 78.00000 
364.00000, 76.00000 
365.00000, 74.00000 
occurrence628
209.00000, 74.00000 
212.00000, 74.00000 
213.00000, 76.00000 
214.00000, 78.00000 
215.00000, 79.00000 
occurrence629
392.00000, 74.00000 
392.50000, 79.00000 
occurrence630
133.00000, 71.00000 
133.50000, 76.00000 
134.00000, 74.00000 
occurrence631
207.00000, 71.00000 
208.00000, 76.00000 
209.00000, 74.00000 
occurrence632
115.00000, 74.00000 
118.00000, 74.00000 
occurrence633
394.50000, 71.00000 
395.50000, 76.00000 
396.00000, 76.00000 
occurrence634
40.50000, 71.00000 
42.00000, 67.00000 
occurrence635
93.00000, 78.00000 
94.00000, 76.00000 
95.00000, 74.00000 
96.00000, 74.00000 
occurrence636
160.00000, 74.00000 
161.00000, 74.00000 
162.00000, 78.00000 
occurrence637
177.00000, 74.00000 
179.00000, 71.00000 
occurrence638
11.00000, 76.00000 
12.50000, 74.00000 
occurrence639
122.00000, 78.00000 
123.50000, 76.00000 
124.00000, 76.00000 
occurrence640
174.00000, 74.00000 
175.00000, 71.00000 
occurrence641
318.00000, 72.00000 
318.50000, 74.00000 
319.00000, 76.00000 
occurrence642
263.00000, 71.00000 
264.00000, 69.00000 
265.00000, 67.00000 
occurrence643
149.75000, 71.00000 
150.50000, 69.00000 
151.00000, 71.00000 
occurrence644
270.50000, 71.00000 
271.50000, 69.00000 
272.00000, 71.00000 
occurrence645
144.00000, 67.00000 
146.00000, 71.00000 
occurrence646
246.00000, 74.00000 
247.00000, 79.00000 
249.00000, 71.00000 
250.00000, 76.00000 
251.00000, 76.00000 
252.00000, 76.00000 
occurrence647
369.00000, 74.00000 
369.50000, 74.00000 
370.00000, 79.00000 
372.00000, 71.00000 
373.00000, 76.00000 
373.50000, 76.00000 
374.50000, 76.00000 
occurrence648
146.00000, 71.00000 
148.00000, 67.00000 
148.25000, 67.00000 
148.50000, 69.00000 
149.00000, 71.00000 
occurrence649
282.00000, 76.00000 
282.50000, 76.00000 
283.50000, 76.00000 
284.00000, 72.00000 
284.50000, 74.00000 
285.00000, 76.00000 
occurrence650
340.00000, 72.00000 
340.50000, 74.00000 
341.00000, 76.00000 
occurrence651
272.00000, 71.00000 
272.50000, 76.00000 
273.00000, 74.00000 
occurrence652
401.00000, 74.00000 
403.00000, 74.00000 
404.00000, 71.00000 
occurrence653
204.00000, 71.00000 
206.00000, 67.00000 
207.00000, 71.00000 
occurrence654
348.00000, 71.00000 
350.00000, 67.00000 
351.00000, 71.00000 
occurrence655
251.00000, 76.00000 
252.00000, 76.00000 
252.50000, 76.00000 
253.00000, 72.00000 
254.00000, 74.00000 
255.00000, 76.00000 
256.00000, 74.00000 
258.00000, 74.00000 
259.00000, 71.00000 
260.00000, 67.00000 
occurrence656
396.00000, 76.00000 
397.00000, 76.00000 
398.00000, 72.00000 
399.00000, 74.00000 
400.00000, 76.00000 
401.00000, 74.00000 
403.00000, 74.00000 
404.00000, 71.00000 
405.00000, 67.00000 
occurrence657
408.00000, 71.00000 
409.00000, 69.00000 
410.00000, 67.00000 
occurrence658
209.00000, 74.00000 
212.00000, 74.00000 
213.00000, 76.00000 
214.00000, 78.00000 
215.00000, 79.00000 
217.00000, 78.00000 
218.00000, 76.00000 
219.00000, 74.00000 
223.00000, 74.00000 
224.00000, 79.00000 
226.00000, 71.00000 
227.00000, 76.00000 
228.00000, 76.00000 
229.00000, 76.00000 
occurrence659
356.00000, 74.00000 
358.00000, 74.00000 
359.00000, 76.00000 
360.00000, 78.00000 
361.00000, 79.00000 
363.00000, 78.00000 
364.00000, 76.00000 
365.00000, 74.00000 
369.00000, 74.00000 
369.50000, 74.00000 
370.00000, 79.00000 
372.00000, 71.00000 
373.00000, 76.00000 
373.50000, 76.00000 
374.50000, 76.00000 
occurrence660
0.50000, 67.00000 
1.25000, 67.00000 
1.50000, 69.00000 
2.00000, 71.00000 
occurrence661
204.00000, 71.00000 
206.00000, 67.00000 
207.00000, 71.00000 
208.00000, 76.00000 
209.00000, 74.00000 
occurrence662
351.00000, 71.00000 
353.00000, 67.00000 
354.00000, 71.00000 
355.00000, 76.00000 
356.00000, 74.00000 
358.00000, 74.00000 
occurrence663
278.00000, 74.00000 
279.50000, 74.00000 
280.00000, 79.00000 
occurrence664
132.00000, 74.00000 
133.00000, 71.00000 
occurrence665
304.50000, 71.00000 
305.50000, 69.00000 
306.00000, 71.00000 
occurrence666
153.00000, 74.00000 
154.00000, 76.00000 
155.00000, 81.00000 
156.00000, 79.00000 
occurrence667
307.50000, 74.00000 
308.50000, 74.00000 
309.00000, 76.00000 
310.00000, 81.00000 
310.50000, 81.00000 
311.00000, 79.00000 
occurrence668
364.00000, 76.00000 
365.00000, 74.00000 
occurrence669
202.00000, 67.00000 
203.00000, 67.00000 
203.50000, 69.00000 
204.00000, 71.00000 
occurrence670
250.00000, 76.00000 
251.00000, 76.00000 
252.00000, 76.00000 
252.50000, 76.00000 
253.00000, 72.00000 
occurrence671
410.00000, 67.00000 
414.00000, 63.00000 
occurrence672
363.00000, 78.00000 
364.00000, 76.00000 
365.00000, 74.00000 
occurrence673
347.00000, 67.00000 
348.00000, 71.00000 
350.00000, 67.00000 
occurrence674
350.00000, 67.00000 
351.00000, 71.00000 
353.00000, 67.00000 
occurrence675
228.00000, 76.00000 
229.00000, 76.00000 
229.50000, 76.00000 
230.00000, 72.00000 
231.00000, 74.00000 
232.00000, 76.00000 
233.00000, 74.00000 
235.00000, 74.00000 
236.00000, 71.00000 
237.00000, 67.00000 
occurrence676
146.00000, 71.00000 
148.00000, 67.00000 
148.25000, 67.00000 
148.50000, 69.00000 
149.00000, 71.00000 
occurrence677
316.50000, 76.00000 
317.50000, 76.00000 
318.00000, 72.00000 
318.50000, 74.00000 
319.00000, 76.00000 
occurrence678
3.50000, 67.00000 
5.00000, 74.00000 
occurrence679
311.00000, 79.00000 
312.50000, 78.00000 
313.00000, 76.00000 
occurrence680
363.00000, 78.00000 
364.00000, 76.00000 
365.00000, 74.00000 
occurrence681
227.00000, 76.00000 
228.00000, 76.00000 
229.00000, 76.00000 
229.50000, 76.00000 
230.00000, 72.00000 
occurrence682
120.00000, 78.00000 
121.00000, 79.00000 
occurrence683
345.00000, 69.00000 
345.50000, 69.00000 
346.00000, 67.00000 
347.00000, 67.00000 
348.00000, 71.00000 
350.00000, 67.00000 
occurrence684
313.50000, 74.00000 
314.50000, 74.00000 
315.00000, 79.00000 
315.50000, 79.00000 
316.00000, 78.00000 
occurrence685
161.00000, 74.00000 
162.00000, 78.00000 
164.00000, 74.00000 
occurrence686
276.00000, 79.00000 
277.00000, 78.00000 
277.50000, 76.00000 
278.00000, 74.00000 
occurrence687
215.00000, 79.00000 
217.00000, 78.00000 
218.00000, 76.00000 
219.00000, 74.00000 
occurrence688
77.00000, 76.00000 
77.50000, 72.00000 
78.00000, 74.00000 
occurrence689
113.00000, 71.00000 
114.00000, 72.00000 
occurrence690
332.50000, 79.00000 
333.50000, 78.00000 
334.00000, 76.00000 
occurrence691
354.00000, 71.00000 
355.00000, 76.00000 
356.00000, 74.00000 
occurrence692
409.00000, 69.00000 
410.00000, 67.00000 
occurrence693
67.50000, 74.00000 
68.50000, 74.00000 
69.00000, 76.00000 
69.50000, 78.00000 
70.00000, 79.00000 
71.00000, 78.00000 
occurrence694
273.00000, 74.00000 
274.50000, 74.00000 
275.00000, 76.00000 
275.50000, 78.00000 
276.00000, 79.00000 
277.00000, 78.00000 
occurrence695
361.00000, 79.00000 
363.00000, 78.00000 
364.00000, 76.00000 
occurrence696
296.00000, 74.00000 
296.50000, 76.00000 
297.00000, 74.00000 
298.00000, 74.00000 
occurrence697
188.00000, 76.00000 
188.50000, 76.00000 
189.00000, 76.00000 
189.50000, 76.00000 
190.00000, 72.00000 
191.00000, 74.00000 
192.00000, 76.00000 
193.00000, 74.00000 
195.00000, 74.00000 
196.00000, 71.00000 
197.00000, 67.00000 
occurrence698
408.00000, 71.00000 
409.00000, 69.00000 
410.00000, 67.00000 
occurrence699
396.00000, 76.00000 
397.00000, 76.00000 
398.00000, 72.00000 
399.00000, 74.00000 
occurrence700
54.00000, 76.00000 
54.50000, 72.00000 
55.00000, 74.00000 
occurrence701
59.00000, 72.00000 
60.00000, 71.00000 
60.50000, 69.00000 
61.00000, 67.00000 
occurrence702
276.00000, 79.00000 
277.00000, 78.00000 
277.50000, 76.00000 
278.00000, 74.00000 
occurrence703
294.00000, 76.00000 
295.00000, 76.00000 
295.50000, 72.00000 
296.00000, 74.00000 
296.50000, 76.00000 
297.00000, 74.00000 
298.00000, 74.00000 
occurrence704
361.00000, 79.00000 
363.00000, 78.00000 
364.00000, 76.00000 
365.00000, 74.00000 
occurrence705
219.00000, 74.00000 
223.00000, 74.00000 
occurrence706
186.00000, 76.00000 
187.50000, 76.00000 
188.00000, 76.00000 
188.50000, 76.00000 
189.00000, 76.00000 
189.50000, 76.00000 
190.00000, 72.00000 
occurrence707
410.00000, 67.00000 
414.00000, 63.00000 
occurrence708
56.00000, 74.00000 
57.50000, 74.00000 
58.00000, 71.00000 
occurrence709
60.00000, 71.00000 
60.50000, 69.00000 
61.00000, 67.00000 
occurrence710
167.00000, 76.00000 
167.50000, 76.00000 
168.00000, 76.00000 
168.50000, 76.00000 
169.00000, 72.00000 
170.00000, 74.00000 
171.00000, 76.00000 
172.00000, 74.00000 
174.00000, 74.00000 
175.00000, 71.00000 
176.00000, 67.00000 
occurrence711
408.00000, 71.00000 
409.00000, 69.00000 
410.00000, 67.00000 
occurrence712
87.00000, 67.00000 
87.50000, 71.00000 
88.00000, 74.00000 
occurrence713
321.50000, 67.00000 
322.50000, 71.00000 
323.00000, 74.00000 
occurrence714
324.00000, 71.00000 
324.25000, 71.00000 
324.50000, 69.00000 
325.00000, 67.00000 
occurrence715
61.00000, 67.00000 
63.50000, 62.00000 
64.00000, 67.00000 
occurrence716
301.50000, 67.00000 
302.50000, 62.00000 
303.00000, 67.00000 
occurrence717
88.00000, 74.00000 
88.50000, 76.00000 
89.00000, 74.00000 
occurrence718
67.00000, 72.00000 
67.50000, 74.00000 
68.50000, 74.00000 
69.00000, 76.00000 
occurrence719
307.00000, 72.00000 
307.50000, 74.00000 
308.50000, 74.00000 
309.00000, 76.00000 
occurrence720
80.00000, 74.00000 
80.50000, 71.00000 
occurrence721
319.50000, 74.00000 
320.50000, 71.00000 
occurrence722
115.00000, 74.00000 
118.00000, 74.00000 
119.00000, 76.00000 
120.00000, 78.00000 
121.00000, 79.00000 
occurrence723
356.00000, 74.00000 
358.00000, 74.00000 
359.00000, 76.00000 
360.00000, 78.00000 
361.00000, 79.00000 
occurrence724
365.00000, 74.00000 
369.00000, 74.00000 
369.50000, 74.00000 
370.00000, 79.00000 
occurrence725
70.00000, 79.00000 
71.00000, 78.00000 
71.50000, 76.00000 
72.00000, 76.00000 
occurrence726
315.00000, 79.00000 
315.50000, 79.00000 
316.00000, 78.00000 
316.50000, 76.00000 
occurrence727
165.00000, 76.00000 
166.50000, 76.00000 
167.00000, 76.00000 
167.50000, 76.00000 
168.00000, 76.00000 
168.50000, 76.00000 
169.00000, 72.00000 
occurrence728
356.00000, 74.00000 
358.00000, 74.00000 
359.00000, 76.00000 
360.00000, 78.00000 
361.00000, 79.00000 
occurrence729
78.00000, 74.00000 
78.50000, 76.00000 
79.00000, 74.00000 
occurrence730
406.00000, 72.00000 
408.00000, 71.00000 
409.00000, 69.00000 
occurrence731
69.00000, 76.00000 
69.50000, 78.00000 
70.00000, 79.00000 
occurrence732
75.00000, 79.00000 
75.50000, 74.00000 
76.00000, 76.00000 
76.75000, 76.00000 
77.00000, 76.00000 
occurrence733
336.50000, 79.00000 
337.50000, 74.00000 
338.00000, 76.00000 
338.50000, 76.00000 
occurrence734
46.50000, 79.00000 
47.50000, 78.00000 
48.00000, 76.00000 
48.50000, 74.00000 
occurrence735
311.00000, 79.00000 
312.50000, 78.00000 
313.00000, 76.00000 
313.50000, 74.00000 
occurrence736
406.00000, 72.00000 
408.00000, 71.00000 
409.00000, 69.00000 
410.00000, 67.00000 
occurrence737
55.00000, 74.00000 
55.50000, 76.00000 
56.00000, 74.00000 
occurrence738
43.00000, 72.00000 
43.50000, 74.00000 
45.00000, 74.00000 
occurrence739
329.00000, 72.00000 
329.50000, 74.00000 
331.00000, 74.00000 
occurrence740
332.50000, 79.00000 
333.50000, 78.00000 
334.00000, 76.00000 
334.50000, 74.00000 
occurrence741
29.00000, 74.00000 
30.50000, 71.00000 
occurrence742
130.00000, 76.00000 
130.75000, 74.00000 
131.00000, 74.00000 
occurrence743
424.00000, 72.00000 
424.25000, 72.00000 
424.75000, 70.00000 
occurrence744
36.00000, 74.00000 
36.50000, 72.00000 
37.50000, 71.00000 
38.00000, 69.00000 
occurrence745
332.00000, 81.00000 
332.50000, 79.00000 
333.50000, 78.00000 
334.00000, 76.00000 
occurrence746
378.50000, 74.00000 
380.50000, 74.00000 
381.50000, 71.00000 
occurrence747
17.00000, 74.00000 
18.50000, 71.00000 
occurrence748
24.00000, 74.00000 
24.50000, 72.00000 
25.50000, 71.00000 
26.00000, 69.00000 
occurrence749
71.00000, 78.00000 
71.50000, 76.00000 
72.00000, 76.00000 
72.50000, 74.00000 
74.00000, 74.00000 
occurrence750
385.50000, 71.00000 
386.50000, 69.00000 
387.50000, 67.00000 
occurrence751
2.00000, 71.00000 
3.50000, 67.00000 
occurrence752
5.00000, 74.00000 
5.50000, 76.00000 
6.00000, 74.00000 
occurrence753
2.00000, 71.00000 
3.50000, 67.00000 
occurrence754
11.00000, 76.00000 
12.50000, 74.00000 
15.00000, 74.00000 
pattern2
occurrence1
186.00000, 76.00000 
187.50000, 76.00000 
188.00000, 76.00000 
188.50000, 76.00000 
189.00000, 76.00000 
189.50000, 76.00000 
190.00000, 72.00000 
191.00000, 74.00000 
192.00000, 76.00000 
193.00000, 74.00000 
195.00000, 74.00000 
196.00000, 71.00000 
197.00000, 67.00000 
197.50000, 67.00000 
198.00000, 74.00000 
200.00000, 71.00000 
201.00000, 69.00000 
202.00000, 67.00000 
203.00000, 67.00000 
occurrence2
227.00000, 76.00000 
228.00000, 76.00000 
229.00000, 76.00000 
229.50000, 76.00000 
230.00000, 72.00000 
231.00000, 74.00000 
232.00000, 76.00000 
233.00000, 74.00000 
235.00000, 74.00000 
236.00000, 71.00000 
237.00000, 67.00000 
238.00000, 74.00000 
240.00000, 71.00000 
241.00000, 69.00000 
242.00000, 67.00000 
occurrence3
165.00000, 76.00000 
166.50000, 76.00000 
167.00000, 76.00000 
167.50000, 76.00000 
168.00000, 76.00000 
168.50000, 76.00000 
169.00000, 72.00000 
170.00000, 74.00000 
171.00000, 76.00000 
172.00000, 74.00000 
174.00000, 74.00000 
175.00000, 71.00000 
176.00000, 67.00000 
176.50000, 67.00000 
177.00000, 74.00000 
179.00000, 71.00000 
180.00000, 69.00000 
181.00000, 67.00000 
occurrence4
227.00000, 76.00000 
228.00000, 76.00000 
229.00000, 76.00000 
229.50000, 76.00000 
230.00000, 72.00000 
231.00000, 74.00000 
232.00000, 76.00000 
233.00000, 74.00000 
235.00000, 74.00000 
236.00000, 71.00000 
237.00000, 67.00000 
238.00000, 74.00000 
240.00000, 71.00000 
241.00000, 69.00000 
242.00000, 67.00000 
occurrence5
250.00000, 76.00000 
251.00000, 76.00000 
252.00000, 76.00000 
252.50000, 76.00000 
253.00000, 72.00000 
254.00000, 74.00000 
255.00000, 76.00000 
256.00000, 74.00000 
258.00000, 74.00000 
259.00000, 71.00000 
260.00000, 67.00000 
261.00000, 74.00000 
263.00000, 71.00000 
264.00000, 69.00000 
265.00000, 67.00000 
occurrence6
250.00000, 76.00000 
251.00000, 76.00000 
252.00000, 76.00000 
252.50000, 76.00000 
253.00000, 72.00000 
254.00000, 74.00000 
255.00000, 76.00000 
256.00000, 74.00000 
258.00000, 74.00000 
259.00000, 71.00000 
260.00000, 67.00000 
261.00000, 74.00000 
263.00000, 71.00000 
264.00000, 69.00000 
265.00000, 67.00000 
pattern3
occurrence1
223.00000, 74.00000 
224.00000, 79.00000 
226.00000, 71.00000 
227.00000, 76.00000 
228.00000, 76.00000 
229.00000, 76.00000 
229.50000, 76.00000 
230.00000, 72.00000 
231.00000, 74.00000 
232.00000, 76.00000 
233.00000, 74.00000 
235.00000, 74.00000 
236.00000, 71.00000 
237.00000, 67.00000 
238.00000, 74.00000 
240.00000, 71.00000 
241.00000, 69.00000 
242.00000, 67.00000 
occurrence2
246.00000, 74.00000 
247.00000, 79.00000 
249.00000, 71.00000 
250.00000, 76.00000 
251.00000, 76.00000 
252.00000, 76.00000 
252.50000, 76.00000 
253.00000, 72.00000 
254.00000, 74.00000 
255.00000, 76.00000 
256.00000, 74.00000 
258.00000, 74.00000 
259.00000, 71.00000 
260.00000, 67.00000 
261.00000, 74.00000 
263.00000, 71.00000 
264.00000, 69.00000 
265.00000, 67.00000 
pattern4
occurrence1
161.00000, 74.00000 
162.00000, 78.00000 
164.00000, 74.00000 
165.00000, 76.00000 
166.50000, 76.00000 
167.00000, 76.00000 
167.50000, 76.00000 
168.00000, 76.00000 
168.50000, 76.00000 
169.00000, 72.00000 
170.00000, 74.00000 
171.00000, 76.00000 
172.00000, 74.00000 
174.00000, 74.00000 
175.00000, 71.00000 
176.00000, 67.00000 
176.50000, 67.00000 
177.00000, 74.00000 
179.00000, 71.00000 
180.00000, 69.00000 
181.00000, 67.00000 
occurrence2
182.00000, 74.00000 
183.00000, 78.00000 
185.00000, 74.00000 
186.00000, 76.00000 
187.50000, 76.00000 
188.00000, 76.00000 
188.50000, 76.00000 
189.00000, 76.00000 
189.50000, 76.00000 
190.00000, 72.00000 
191.00000, 74.00000 
192.00000, 76.00000 
193.00000, 74.00000 
195.00000, 74.00000 
196.00000, 71.00000 
197.00000, 67.00000 
197.50000, 67.00000 
198.00000, 74.00000 
200.00000, 71.00000 
201.00000, 69.00000 
202.00000, 67.00000 
pattern5
occurrence1
15.00000, 74.00000 
15.50000, 79.00000 
16.00000, 78.00000 
16.50000, 76.00000 
17.00000, 74.00000 
18.50000, 71.00000 
19.50000, 76.00000 
19.75000, 76.00000 
20.00000, 74.00000 
20.50000, 72.00000 
21.00000, 71.00000 
21.50000, 69.00000 
22.50000, 71.00000 
22.75000, 72.00000 
23.00000, 74.00000 
24.00000, 74.00000 
24.50000, 72.00000 
25.50000, 71.00000 
26.00000, 69.00000 
occurrence2
27.00000, 74.00000 
27.50000, 79.00000 
28.00000, 78.00000 
28.50000, 76.00000 
29.00000, 74.00000 
30.50000, 71.00000 
31.50000, 76.00000 
31.75000, 76.00000 
32.00000, 74.00000 
32.50000, 72.00000 
33.00000, 71.00000 
33.50000, 69.00000 
34.50000, 71.00000 
34.75000, 72.00000 
35.00000, 74.00000 
36.00000, 74.00000 
36.50000, 72.00000 
37.50000, 71.00000 
38.00000, 69.00000 
pattern6
occurrence1
414.00000, 63.00000 
414.25000, 65.00000 
414.50000, 67.00000 
415.00000, 67.00000 
415.25000, 65.00000 
415.50000, 63.00000 
416.00000, 63.00000 
416.25000, 65.00000 
416.50000, 67.00000 
417.00000, 72.00000 
occurrence2
418.00000, 63.00000 
418.25000, 65.00000 
418.50000, 67.00000 
419.00000, 67.00000 
419.25000, 65.00000 
419.50000, 63.00000 
420.00000, 63.00000 
420.25000, 65.00000 
420.50000, 67.00000 
421.00000, 72.00000 
pattern7
occurrence1
298.00000, 74.00000 
298.50000, 71.00000 
299.00000, 67.00000 
299.50000, 74.00000 
300.50000, 71.00000 
301.00000, 69.00000 
occurrence2
341.50000, 74.00000 
342.50000, 71.00000 
343.00000, 67.00000 
343.50000, 74.00000 
344.00000, 74.00000 
344.50000, 71.00000 
345.00000, 69.00000 
