pattern1
occurrence1
44.50000, 66.00000
47.50000, 59.00000
48.00000, 66.00000
48.50000, 64.00000
49.00000, 59.00000
49.50000, 64.00000
51.00000, 62.00000
51.50000, 64.00000
51.75000, 59.00000
52.50000, 66.00000
56.00000, 59.00000
56.50000, 66.00000
57.50000, 64.00000
59.00000, 62.00000
59.50000, 64.00000
59.75000, 59.00000
62.50000, 59.00000
63.00000, 62.00000
63.50000, 64.00000
63.75000, 59.00000
65.50000, 66.00000
66.00000, 66.00000
occurrence2
107.50000, 59.00000
108.00000, 59.00000
109.00000, 59.00000
109.50000, 59.00000
113.00000, 59.00000
113.50000, 59.00000
114.00000, 59.00000
114.50000, 59.00000
115.50000, 59.00000
116.00000, 59.00000
117.00000, 59.00000
117.50000, 59.00000
120.50000, 57.00000
121.00000, 57.00000
121.50000, 57.00000
122.00000, 57.00000
122.50000, 57.00000
123.50000, 57.00000
124.00000, 57.00000
125.00000, 57.00000
125.50000, 57.00000
128.50000, 59.00000
129.00000, 59.00000
occurrence3
108.00000, 59.00000
109.00000, 59.00000
109.50000, 59.00000
113.00000, 59.00000
113.50000, 59.00000
114.00000, 59.00000
114.50000, 59.00000
115.50000, 59.00000
116.00000, 59.00000
117.00000, 59.00000
117.50000, 59.00000
120.50000, 57.00000
121.00000, 57.00000
121.50000, 57.00000
122.00000, 57.00000
122.50000, 57.00000
123.50000, 57.00000
124.00000, 57.00000
125.00000, 57.00000
125.50000, 57.00000
128.50000, 59.00000
129.00000, 59.00000
129.50000, 59.00000
occurrence4
109.00000, 59.00000
109.50000, 59.00000
113.00000, 59.00000
113.50000, 59.00000
114.00000, 59.00000
114.50000, 59.00000
115.50000, 59.00000
116.00000, 59.00000
117.00000, 59.00000
117.50000, 59.00000
120.50000, 57.00000
121.00000, 57.00000
121.50000, 57.00000
122.00000, 57.00000
122.50000, 57.00000
123.50000, 57.00000
124.00000, 57.00000
125.00000, 57.00000
125.50000, 57.00000
128.50000, 59.00000
129.00000, 59.00000
129.50000, 59.00000
130.00000, 59.00000
130.50000, 59.00000
occurrence5
109.50000, 59.00000
113.00000, 59.00000
113.50000, 59.00000
114.00000, 59.00000
114.50000, 59.00000
115.50000, 59.00000
116.00000, 59.00000
117.00000, 59.00000
117.50000, 59.00000
120.50000, 57.00000
121.00000, 57.00000
121.50000, 57.00000
122.00000, 57.00000
122.50000, 57.00000
123.50000, 57.00000
124.00000, 57.00000
125.00000, 57.00000
125.50000, 57.00000
128.50000, 59.00000
129.00000, 59.00000
129.50000, 59.00000
130.00000, 59.00000
130.50000, 59.00000
131.00000, 59.00000
pattern2
occurrence1
104.50000, 59.00000
105.00000, 59.00000
105.50000, 59.00000
106.00000, 59.00000
106.50000, 59.00000
107.50000, 59.00000
108.00000, 59.00000
occurrence2
106.00000, 59.00000
106.50000, 59.00000
107.50000, 59.00000
108.00000, 59.00000
109.00000, 59.00000
109.50000, 59.00000
occurrence3
114.00000, 59.00000
114.50000, 59.00000
115.50000, 59.00000
116.00000, 59.00000
117.00000, 59.00000
117.50000, 59.00000
occurrence4
120.50000, 57.00000
121.00000, 57.00000
121.50000, 57.00000
122.00000, 57.00000
122.50000, 57.00000
123.50000, 57.00000
124.00000, 57.00000
occurrence5
122.00000, 57.00000
122.50000, 57.00000
123.50000, 57.00000
124.00000, 57.00000
125.00000, 57.00000
125.50000, 57.00000
occurrence6
128.50000, 59.00000
129.00000, 59.00000
129.50000, 59.00000
130.00000, 59.00000
130.50000, 59.00000
131.00000, 59.00000
131.50000, 59.00000
132.00000, 59.00000
pattern3
occurrence1
66.50000, 71.00000
67.50000, 71.00000
74.00000, 66.00000
74.50000, 71.00000
75.50000, 73.00000
77.00000, 69.00000
77.50000, 69.00000
78.00000, 66.00000
78.50000, 64.00000
82.25000, 66.00000
82.50000, 71.00000
83.00000, 71.00000
83.50000, 69.00000
83.75000, 71.00000
84.50000, 71.00000
91.00000, 71.00000
92.00000, 71.00000
occurrence2
105.00000, 59.00000
105.50000, 59.00000
106.00000, 59.00000
106.50000, 59.00000
107.50000, 59.00000
108.00000, 59.00000
109.00000, 59.00000
109.50000, 59.00000
113.00000, 59.00000
113.50000, 59.00000
114.00000, 59.00000
114.50000, 59.00000
115.50000, 59.00000
116.00000, 59.00000
117.00000, 59.00000
117.50000, 59.00000
120.50000, 57.00000
121.00000, 57.00000
121.50000, 57.00000
122.00000, 57.00000
122.50000, 57.00000
123.50000, 57.00000
124.00000, 57.00000
125.00000, 57.00000
125.50000, 57.00000
128.50000, 59.00000
129.00000, 59.00000
129.50000, 59.00000
130.00000, 59.00000
130.50000, 59.00000
occurrence3
105.50000, 59.00000
106.00000, 59.00000
106.50000, 59.00000
107.50000, 59.00000
108.00000, 59.00000
109.00000, 59.00000
109.50000, 59.00000
113.00000, 59.00000
113.50000, 59.00000
114.00000, 59.00000
114.50000, 59.00000
115.50000, 59.00000
116.00000, 59.00000
117.00000, 59.00000
117.50000, 59.00000
120.50000, 57.00000
121.00000, 57.00000
121.50000, 57.00000
122.00000, 57.00000
122.50000, 57.00000
123.50000, 57.00000
124.00000, 57.00000
125.00000, 57.00000
125.50000, 57.00000
128.50000, 59.00000
129.00000, 59.00000
129.50000, 59.00000
130.00000, 59.00000
130.50000, 59.00000
131.00000, 59.00000
occurrence4
106.50000, 59.00000
107.50000, 59.00000
108.00000, 59.00000
109.00000, 59.00000
109.50000, 59.00000
113.00000, 59.00000
113.50000, 59.00000
114.00000, 59.00000
114.50000, 59.00000
115.50000, 59.00000
116.00000, 59.00000
117.00000, 59.00000
117.50000, 59.00000
120.50000, 57.00000
121.00000, 57.00000
121.50000, 57.00000
122.00000, 57.00000
122.50000, 57.00000
123.50000, 57.00000
124.00000, 57.00000
125.00000, 57.00000
125.50000, 57.00000
128.50000, 59.00000
129.00000, 59.00000
129.50000, 59.00000
130.00000, 59.00000
130.50000, 59.00000
131.00000, 59.00000
131.50000, 59.00000
132.00000, 59.00000
pattern4
occurrence1
3.00000, 62.00000
3.50000, 64.00000
3.75000, 59.00000
7.00000, 62.00000
7.50000, 64.00000
7.75000, 59.00000
8.50000, 66.00000
9.50000, 64.00000
11.00000, 62.00000
11.50000, 64.00000
11.75000, 59.00000
occurrence2
19.00000, 62.00000
19.50000, 64.00000
19.75000, 59.00000
20.50000, 66.00000
24.00000, 59.00000
24.50000, 66.00000
25.50000, 64.00000
27.00000, 62.00000
27.50000, 64.00000
27.75000, 59.00000
occurrence3
51.00000, 62.00000
51.50000, 64.00000
51.75000, 59.00000
52.50000, 66.00000
56.00000, 59.00000
56.50000, 66.00000
57.50000, 64.00000
59.00000, 62.00000
59.50000, 64.00000
59.75000, 59.00000
pattern5
occurrence1
3.00000, 62.00000
3.50000, 64.00000
3.75000, 59.00000
7.00000, 62.00000
7.50000, 64.00000
7.75000, 59.00000
8.50000, 66.00000
9.50000, 64.00000
11.00000, 62.00000
11.50000, 64.00000
11.75000, 59.00000
12.50000, 66.00000
15.50000, 59.00000
16.00000, 66.00000
16.50000, 64.00000
17.00000, 59.00000
17.50000, 64.00000
19.00000, 62.00000
occurrence2
35.00000, 62.00000
35.50000, 61.00000
35.75000, 59.00000
39.50000, 59.00000
40.00000, 59.00000
40.50000, 66.00000
41.50000, 64.00000
43.00000, 62.00000
43.50000, 64.00000
43.75000, 59.00000
44.50000, 66.00000
47.50000, 59.00000
48.00000, 66.00000
48.50000, 64.00000
49.00000, 59.00000
49.50000, 64.00000
51.00000, 62.00000
occurrence3
77.50000, 69.00000
78.00000, 66.00000
78.50000, 64.00000
82.25000, 66.00000
82.50000, 71.00000
83.00000, 71.00000
83.50000, 69.00000
83.75000, 71.00000
84.50000, 71.00000
91.00000, 71.00000
92.00000, 71.00000
93.50000, 69.00000
pattern6
occurrence1
20.50000, 66.00000
24.00000, 59.00000
24.50000, 66.00000
25.50000, 64.00000
27.00000, 62.00000
27.50000, 64.00000
27.75000, 59.00000
35.00000, 62.00000
35.50000, 61.00000
35.75000, 59.00000
39.50000, 59.00000
40.00000, 59.00000
40.50000, 66.00000
41.50000, 64.00000
43.00000, 62.00000
43.50000, 64.00000
43.75000, 59.00000
44.50000, 66.00000
47.50000, 59.00000
48.00000, 66.00000
48.50000, 64.00000
49.00000, 59.00000
49.50000, 64.00000
51.00000, 62.00000
51.50000, 64.00000
51.75000, 59.00000
52.50000, 66.00000
56.00000, 59.00000
56.50000, 66.00000
57.50000, 64.00000
59.00000, 62.00000
59.50000, 64.00000
59.75000, 59.00000
62.50000, 59.00000
63.00000, 62.00000
63.50000, 64.00000
63.75000, 59.00000
65.50000, 66.00000
66.00000, 66.00000
66.50000, 71.00000
67.50000, 71.00000
74.00000, 66.00000
74.50000, 71.00000
75.50000, 73.00000
77.00000, 69.00000
77.50000, 69.00000
78.00000, 66.00000
78.50000, 64.00000
82.25000, 66.00000
82.50000, 71.00000
83.00000, 71.00000
83.50000, 69.00000
83.75000, 71.00000
84.50000, 71.00000
91.00000, 71.00000
92.00000, 71.00000
93.50000, 69.00000
95.00000, 66.00000
96.00000, 64.00000
96.50000, 66.00000
occurrence2
39.50000, 59.00000
40.00000, 59.00000
40.50000, 66.00000
41.50000, 64.00000
43.00000, 62.00000
43.50000, 64.00000
43.75000, 59.00000
44.50000, 66.00000
47.50000, 59.00000
48.00000, 66.00000
48.50000, 64.00000
49.00000, 59.00000
49.50000, 64.00000
51.00000, 62.00000
51.50000, 64.00000
51.75000, 59.00000
52.50000, 66.00000
56.00000, 59.00000
56.50000, 66.00000
57.50000, 64.00000
59.00000, 62.00000
59.50000, 64.00000
59.75000, 59.00000
62.50000, 59.00000
63.00000, 62.00000
63.50000, 64.00000
63.75000, 59.00000
65.50000, 66.00000
66.00000, 66.00000
66.50000, 71.00000
67.50000, 71.00000
74.00000, 66.00000
74.50000, 71.00000
75.50000, 73.00000
77.00000, 69.00000
77.50000, 69.00000
78.00000, 66.00000
78.50000, 64.00000
82.25000, 66.00000
82.50000, 71.00000
83.00000, 71.00000
83.50000, 69.00000
83.75000, 71.00000
84.50000, 71.00000
91.00000, 71.00000
92.00000, 71.00000
93.50000, 69.00000
95.00000, 66.00000
96.00000, 64.00000
96.50000, 66.00000
104.50000, 59.00000
105.00000, 59.00000
105.50000, 59.00000
106.00000, 59.00000
106.50000, 59.00000
107.50000, 59.00000
108.00000, 59.00000
109.00000, 59.00000
109.50000, 59.00000
113.00000, 59.00000
113.50000, 59.00000
114.00000, 59.00000
114.50000, 59.00000
115.50000, 59.00000
occurrence3
40.00000, 59.00000
40.50000, 66.00000
41.50000, 64.00000
43.00000, 62.00000
43.50000, 64.00000
43.75000, 59.00000
44.50000, 66.00000
47.50000, 59.00000
48.00000, 66.00000
48.50000, 64.00000
49.00000, 59.00000
49.50000, 64.00000
51.00000, 62.00000
51.50000, 64.00000
51.75000, 59.00000
52.50000, 66.00000
56.00000, 59.00000
56.50000, 66.00000
57.50000, 64.00000
59.00000, 62.00000
59.50000, 64.00000
59.75000, 59.00000
62.50000, 59.00000
63.00000, 62.00000
63.50000, 64.00000
63.75000, 59.00000
65.50000, 66.00000
66.00000, 66.00000
66.50000, 71.00000
67.50000, 71.00000
74.00000, 66.00000
74.50000, 71.00000
75.50000, 73.00000
77.00000, 69.00000
77.50000, 69.00000
78.00000, 66.00000
78.50000, 64.00000
82.25000, 66.00000
82.50000, 71.00000
83.00000, 71.00000
83.50000, 69.00000
83.75000, 71.00000
84.50000, 71.00000
91.00000, 71.00000
92.00000, 71.00000
93.50000, 69.00000
95.00000, 66.00000
96.00000, 64.00000
96.50000, 66.00000
104.50000, 59.00000
105.00000, 59.00000
105.50000, 59.00000
106.00000, 59.00000
106.50000, 59.00000
107.50000, 59.00000
108.00000, 59.00000
109.00000, 59.00000
109.50000, 59.00000
113.00000, 59.00000
113.50000, 59.00000
114.00000, 59.00000
114.50000, 59.00000
115.50000, 59.00000
116.00000, 59.00000
occurrence4
56.00000, 59.00000
56.50000, 66.00000
57.50000, 64.00000
59.00000, 62.00000
59.50000, 64.00000
59.75000, 59.00000
62.50000, 59.00000
63.00000, 62.00000
63.50000, 64.00000
63.75000, 59.00000
65.50000, 66.00000
66.00000, 66.00000
66.50000, 71.00000
67.50000, 71.00000
74.00000, 66.00000
74.50000, 71.00000
75.50000, 73.00000
77.00000, 69.00000
77.50000, 69.00000
78.00000, 66.00000
78.50000, 64.00000
82.25000, 66.00000
82.50000, 71.00000
83.00000, 71.00000
83.50000, 69.00000
83.75000, 71.00000
84.50000, 71.00000
91.00000, 71.00000
92.00000, 71.00000
93.50000, 69.00000
95.00000, 66.00000
96.00000, 64.00000
96.50000, 66.00000
104.50000, 59.00000
105.00000, 59.00000
105.50000, 59.00000
106.00000, 59.00000
106.50000, 59.00000
107.50000, 59.00000
108.00000, 59.00000
109.00000, 59.00000
109.50000, 59.00000
113.00000, 59.00000
113.50000, 59.00000
114.00000, 59.00000
114.50000, 59.00000
115.50000, 59.00000
116.00000, 59.00000
117.00000, 59.00000
117.50000, 59.00000
120.50000, 57.00000
121.00000, 57.00000
121.50000, 57.00000
122.00000, 57.00000
122.50000, 57.00000
123.50000, 57.00000
124.00000, 57.00000
125.00000, 57.00000
125.50000, 57.00000
128.50000, 59.00000
129.00000, 59.00000
129.50000, 59.00000
130.00000, 59.00000
130.50000, 59.00000
131.00000, 59.00000
131.50000, 59.00000
132.00000, 59.00000
pattern7
occurrence1
7.00000, 62.00000
7.50000, 64.00000
7.75000, 59.00000
8.50000, 66.00000
9.50000, 64.00000
11.00000, 62.00000
11.50000, 64.00000
11.75000, 59.00000
12.50000, 66.00000
15.50000, 59.00000
16.00000, 66.00000
16.50000, 64.00000
17.00000, 59.00000
17.50000, 64.00000
19.00000, 62.00000
19.50000, 64.00000
19.75000, 59.00000
20.50000, 66.00000
24.00000, 59.00000
24.50000, 66.00000
25.50000, 64.00000
27.00000, 62.00000
27.50000, 64.00000
27.75000, 59.00000
occurrence2
43.00000, 62.00000
43.50000, 64.00000
43.75000, 59.00000
44.50000, 66.00000
47.50000, 59.00000
48.00000, 66.00000
48.50000, 64.00000
49.00000, 59.00000
49.50000, 64.00000
51.00000, 62.00000
51.50000, 64.00000
51.75000, 59.00000
52.50000, 66.00000
56.00000, 59.00000
56.50000, 66.00000
57.50000, 64.00000
59.00000, 62.00000
59.50000, 64.00000
59.75000, 59.00000
62.50000, 59.00000
63.00000, 62.00000
63.50000, 64.00000
63.75000, 59.00000
pattern8
occurrence1
15.50000, 59.00000
16.00000, 66.00000
16.50000, 64.00000
17.00000, 59.00000
17.50000, 64.00000
19.00000, 62.00000
19.50000, 64.00000
19.75000, 59.00000
20.50000, 66.00000
24.00000, 59.00000
24.50000, 66.00000
25.50000, 64.00000
27.00000, 62.00000
27.50000, 64.00000
27.75000, 59.00000
35.00000, 62.00000
35.50000, 61.00000
35.75000, 59.00000
39.50000, 59.00000
40.00000, 59.00000
40.50000, 66.00000
41.50000, 64.00000
43.00000, 62.00000
43.50000, 64.00000
43.75000, 59.00000
44.50000, 66.00000
47.50000, 59.00000
48.00000, 66.00000
48.50000, 64.00000
49.00000, 59.00000
49.50000, 64.00000
51.00000, 62.00000
51.50000, 64.00000
51.75000, 59.00000
52.50000, 66.00000
56.00000, 59.00000
56.50000, 66.00000
57.50000, 64.00000
59.00000, 62.00000
59.50000, 64.00000
occurrence2
40.50000, 66.00000
41.50000, 64.00000
43.00000, 62.00000
43.50000, 64.00000
43.75000, 59.00000
44.50000, 66.00000
47.50000, 59.00000
48.00000, 66.00000
48.50000, 64.00000
49.00000, 59.00000
49.50000, 64.00000
51.00000, 62.00000
51.50000, 64.00000
51.75000, 59.00000
52.50000, 66.00000
56.00000, 59.00000
56.50000, 66.00000
57.50000, 64.00000
59.00000, 62.00000
59.50000, 64.00000
59.75000, 59.00000
62.50000, 59.00000
63.00000, 62.00000
63.50000, 64.00000
63.75000, 59.00000
65.50000, 66.00000
66.00000, 66.00000
66.50000, 71.00000
67.50000, 71.00000
74.00000, 66.00000
74.50000, 71.00000
75.50000, 73.00000
77.00000, 69.00000
77.50000, 69.00000
78.00000, 66.00000
78.50000, 64.00000
82.25000, 66.00000
82.50000, 71.00000
83.00000, 71.00000
83.50000, 69.00000
83.75000, 71.00000
84.50000, 71.00000
pattern9
occurrence1
12.50000, 66.00000
15.50000, 59.00000
16.00000, 66.00000
16.50000, 64.00000
17.00000, 59.00000
17.50000, 64.00000
19.00000, 62.00000
19.50000, 64.00000
19.75000, 59.00000
20.50000, 66.00000
24.00000, 59.00000
24.50000, 66.00000
25.50000, 64.00000
27.00000, 62.00000
27.50000, 64.00000
27.75000, 59.00000
35.00000, 62.00000
35.50000, 61.00000
35.75000, 59.00000
39.50000, 59.00000
40.00000, 59.00000
40.50000, 66.00000
41.50000, 64.00000
43.00000, 62.00000
43.50000, 64.00000
43.75000, 59.00000
44.50000, 66.00000
47.50000, 59.00000
48.00000, 66.00000
48.50000, 64.00000
49.00000, 59.00000
49.50000, 64.00000
51.00000, 62.00000
51.50000, 64.00000
51.75000, 59.00000
52.50000, 66.00000
56.00000, 59.00000
56.50000, 66.00000
57.50000, 64.00000
59.00000, 62.00000
59.50000, 64.00000
59.75000, 59.00000
62.50000, 59.00000
63.00000, 62.00000
63.50000, 64.00000
63.75000, 59.00000
65.50000, 66.00000
66.00000, 66.00000
66.50000, 71.00000
67.50000, 71.00000
74.00000, 66.00000
74.50000, 71.00000
75.50000, 73.00000
77.00000, 69.00000
77.50000, 69.00000
78.00000, 66.00000
78.50000, 64.00000
82.25000, 66.00000
82.50000, 71.00000
83.00000, 71.00000
83.50000, 69.00000
83.75000, 71.00000
84.50000, 71.00000
91.00000, 71.00000
92.00000, 71.00000
93.50000, 69.00000
95.00000, 66.00000
96.00000, 64.00000
96.50000, 66.00000
104.50000, 59.00000
105.00000, 59.00000
105.50000, 59.00000
106.00000, 59.00000
106.50000, 59.00000
107.50000, 59.00000
108.00000, 59.00000
109.00000, 59.00000
109.50000, 59.00000
113.00000, 59.00000
113.50000, 59.00000
114.00000, 59.00000
114.50000, 59.00000
115.50000, 59.00000
116.00000, 59.00000
117.00000, 59.00000
117.50000, 59.00000
120.50000, 57.00000
121.00000, 57.00000
121.50000, 57.00000
