pattern1
occurrence1
34.25000, 71.00000
101.50000, 71.00000
34.75000, 71.00000
102.50000, 69.00000
35.75000, 67.00000
103.50000, 69.00000
37.75000, 67.00000
38.25000, 71.00000
38.75000, 71.00000
39.25000, 74.00000
106.50000, 69.00000
107.50000, 67.00000
43.75000, 64.00000
114.50000, 69.00000
47.75000, 67.00000
116.50000, 72.00000
49.75000, 67.00000
50.25000, 71.00000
117.50000, 71.00000
50.75000, 71.00000
occurrence2
38.25000, 71.00000
38.75000, 71.00000
39.25000, 74.00000
106.50000, 69.00000
107.50000, 67.00000
43.75000, 64.00000
114.50000, 69.00000
47.75000, 67.00000
116.50000, 72.00000
49.75000, 67.00000
50.25000, 71.00000
117.50000, 71.00000
50.75000, 71.00000
118.50000, 69.00000
51.75000, 67.00000
119.50000, 69.00000
53.75000, 67.00000
54.25000, 71.00000
54.75000, 71.00000
occurrence3
132.75000, 71.00000
133.25000, 71.00000
133.75000, 69.00000
52.33301, 71.00000
32.66699, 71.00000
0.00000, 67.00000
32.33301, 71.00000
48.66699, 71.00000
36.66699, 71.00000
48.33301, 71.00000
36.33301, 71.00000
52.66699, 71.00000
134.25000, 67.00000
0.50000, 67.00000
1.00000, 67.00000
2.00000, 69.00000
2.25000, 67.00000
2.75000, 67.00000
137.75000, 71.00000
138.25000, 69.00000
5.50000, 67.00000
5.75000, 67.00000
6.00000, 69.00000
140.50000, 71.00000
140.75000, 71.00000
6.75000, 71.00000
141.25000, 71.00000
7.50000, 64.00000
141.75000, 69.00000
142.25000, 67.00000
145.75000, 69.00000
146.25000, 67.00000
148.75000, 71.00000
149.25000, 71.00000
occurrence4
0.50000, 67.00000
1.00000, 67.00000
2.00000, 69.00000
2.25000, 67.00000
2.75000, 67.00000
137.75000, 71.00000
138.25000, 69.00000
5.50000, 67.00000
5.75000, 67.00000
6.00000, 69.00000
140.50000, 71.00000
140.75000, 71.00000
6.75000, 71.00000
141.25000, 71.00000
7.50000, 64.00000
141.75000, 69.00000
142.25000, 67.00000
145.75000, 69.00000
146.25000, 67.00000
148.75000, 71.00000
149.25000, 71.00000
149.75000, 69.00000
150.25000, 67.00000
16.50000, 67.00000
17.00000, 67.00000
occurrence5
2.25000, 67.00000
2.75000, 67.00000
137.75000, 71.00000
138.25000, 69.00000
5.50000, 67.00000
5.75000, 67.00000
6.00000, 69.00000
140.50000, 71.00000
140.75000, 71.00000
6.75000, 71.00000
141.25000, 71.00000
7.50000, 64.00000
141.75000, 69.00000
142.25000, 67.00000
145.75000, 69.00000
146.25000, 67.00000
148.75000, 71.00000
149.25000, 71.00000
149.75000, 69.00000
150.25000, 67.00000
16.50000, 67.00000
17.00000, 67.00000
17.25000, 67.00000
18.00000, 69.00000
18.25000, 67.00000
18.75000, 67.00000
occurrence6
140.75000, 71.00000
6.75000, 71.00000
141.25000, 71.00000
7.50000, 64.00000
141.75000, 69.00000
142.25000, 67.00000
145.75000, 69.00000
146.25000, 67.00000
148.75000, 71.00000
149.25000, 71.00000
149.75000, 69.00000
150.25000, 67.00000
16.50000, 67.00000
17.00000, 67.00000
17.25000, 67.00000
18.00000, 69.00000
18.25000, 67.00000
18.75000, 67.00000
153.75000, 71.00000
154.25000, 69.00000
21.00000, 67.00000
21.50000, 67.00000
21.75000, 69.00000
156.50000, 71.00000
22.50000, 71.00000
156.75000, 71.00000
157.25000, 71.00000
occurrence7
33.50000, 69.00000
34.00000, 69.00000
35.50000, 69.00000
36.00000, 69.00000
37.00000, 71.00000
37.50000, 69.00000
38.00000, 69.00000
40.00000, 72.00000
42.00000, 74.00000
42.50000, 72.00000
43.00000, 71.00000
43.50000, 67.00000
47.50000, 67.00000
48.00000, 69.00000
49.00000, 71.00000
49.50000, 69.00000
50.00000, 69.00000
occurrence8
35.50000, 69.00000
36.00000, 69.00000
37.00000, 71.00000
37.50000, 69.00000
38.00000, 69.00000
40.00000, 72.00000
42.00000, 74.00000
42.50000, 72.00000
43.00000, 71.00000
43.50000, 67.00000
47.50000, 67.00000
48.00000, 69.00000
49.00000, 71.00000
49.50000, 69.00000
50.00000, 69.00000
51.50000, 69.00000
52.00000, 69.00000
occurrence9
37.50000, 69.00000
38.00000, 69.00000
40.00000, 72.00000
42.00000, 74.00000
42.50000, 72.00000
43.00000, 71.00000
43.50000, 67.00000
47.50000, 67.00000
48.00000, 69.00000
49.00000, 71.00000
49.50000, 69.00000
50.00000, 69.00000
51.50000, 69.00000
52.00000, 69.00000
53.00000, 71.00000
53.50000, 69.00000
54.00000, 69.00000
pattern2
occurrence1
129.75000, 69.00000
130.25000, 67.00000
132.75000, 71.00000
133.25000, 71.00000
133.75000, 69.00000
52.33301, 71.00000
32.66699, 71.00000
0.00000, 67.00000
32.33301, 71.00000
48.66699, 71.00000
36.66699, 71.00000
48.33301, 71.00000
36.33301, 71.00000
52.66699, 71.00000
134.25000, 67.00000
0.50000, 67.00000
1.00000, 67.00000
2.00000, 69.00000
2.25000, 67.00000
2.75000, 67.00000
137.75000, 71.00000
138.25000, 69.00000
5.50000, 67.00000
5.75000, 67.00000
6.00000, 69.00000
140.50000, 71.00000
140.75000, 71.00000
6.75000, 71.00000
141.25000, 71.00000
7.50000, 64.00000
141.75000, 69.00000
142.25000, 67.00000
145.75000, 69.00000
146.25000, 67.00000
occurrence2
133.25000, 71.00000
133.75000, 69.00000
52.33301, 71.00000
32.66699, 71.00000
0.00000, 67.00000
32.33301, 71.00000
48.66699, 71.00000
36.66699, 71.00000
48.33301, 71.00000
36.33301, 71.00000
52.66699, 71.00000
134.25000, 67.00000
0.50000, 67.00000
1.00000, 67.00000
2.00000, 69.00000
2.25000, 67.00000
2.75000, 67.00000
137.75000, 71.00000
138.25000, 69.00000
5.50000, 67.00000
5.75000, 67.00000
6.00000, 69.00000
140.50000, 71.00000
140.75000, 71.00000
6.75000, 71.00000
141.25000, 71.00000
7.50000, 64.00000
141.75000, 69.00000
142.25000, 67.00000
145.75000, 69.00000
146.25000, 67.00000
148.75000, 71.00000
149.25000, 71.00000
149.75000, 69.00000
occurrence3
133.75000, 69.00000
52.33301, 71.00000
32.66699, 71.00000
0.00000, 67.00000
32.33301, 71.00000
48.66699, 71.00000
36.66699, 71.00000
48.33301, 71.00000
36.33301, 71.00000
52.66699, 71.00000
134.25000, 67.00000
0.50000, 67.00000
1.00000, 67.00000
2.00000, 69.00000
2.25000, 67.00000
2.75000, 67.00000
137.75000, 71.00000
138.25000, 69.00000
5.50000, 67.00000
5.75000, 67.00000
6.00000, 69.00000
140.50000, 71.00000
140.75000, 71.00000
6.75000, 71.00000
141.25000, 71.00000
7.50000, 64.00000
141.75000, 69.00000
142.25000, 67.00000
145.75000, 69.00000
146.25000, 67.00000
148.75000, 71.00000
149.25000, 71.00000
149.75000, 69.00000
150.25000, 67.00000
occurrence4
137.75000, 71.00000
138.25000, 69.00000
5.50000, 67.00000
5.75000, 67.00000
6.00000, 69.00000
140.50000, 71.00000
140.75000, 71.00000
6.75000, 71.00000
141.25000, 71.00000
7.50000, 64.00000
141.75000, 69.00000
142.25000, 67.00000
145.75000, 69.00000
146.25000, 67.00000
148.75000, 71.00000
149.25000, 71.00000
149.75000, 69.00000
150.25000, 67.00000
16.50000, 67.00000
17.00000, 67.00000
17.25000, 67.00000
18.00000, 69.00000
18.25000, 67.00000
18.75000, 67.00000
153.75000, 71.00000
154.25000, 69.00000
occurrence5
141.25000, 71.00000
7.50000, 64.00000
141.75000, 69.00000
142.25000, 67.00000
145.75000, 69.00000
146.25000, 67.00000
148.75000, 71.00000
149.25000, 71.00000
149.75000, 69.00000
150.25000, 67.00000
16.50000, 67.00000
17.00000, 67.00000
17.25000, 67.00000
18.00000, 69.00000
18.25000, 67.00000
18.75000, 67.00000
153.75000, 71.00000
154.25000, 69.00000
21.00000, 67.00000
21.50000, 67.00000
21.75000, 69.00000
156.50000, 71.00000
22.50000, 71.00000
156.75000, 71.00000
157.25000, 71.00000
23.50000, 69.00000
157.75000, 69.00000
occurrence6
141.75000, 69.00000
142.25000, 67.00000
145.75000, 69.00000
146.25000, 67.00000
148.75000, 71.00000
149.25000, 71.00000
149.75000, 69.00000
150.25000, 67.00000
16.50000, 67.00000
17.00000, 67.00000
17.25000, 67.00000
18.00000, 69.00000
18.25000, 67.00000
18.75000, 67.00000
153.75000, 71.00000
154.25000, 69.00000
21.00000, 67.00000
21.50000, 67.00000
21.75000, 69.00000
156.50000, 71.00000
22.50000, 71.00000
156.75000, 71.00000
157.25000, 71.00000
23.50000, 69.00000
157.75000, 69.00000
158.25000, 67.00000
occurrence7
33.00000, 71.00000
33.50000, 69.00000
34.00000, 69.00000
35.50000, 69.00000
36.00000, 69.00000
37.00000, 71.00000
37.50000, 69.00000
38.00000, 69.00000
40.00000, 72.00000
42.00000, 74.00000
42.50000, 72.00000
43.00000, 71.00000
43.50000, 67.00000
47.50000, 67.00000
48.00000, 69.00000
49.00000, 71.00000
49.50000, 69.00000
occurrence8
37.00000, 71.00000
37.50000, 69.00000
38.00000, 69.00000
40.00000, 72.00000
42.00000, 74.00000
42.50000, 72.00000
43.00000, 71.00000
43.50000, 67.00000
47.50000, 67.00000
48.00000, 69.00000
49.00000, 71.00000
49.50000, 69.00000
50.00000, 69.00000
51.50000, 69.00000
52.00000, 69.00000
53.00000, 71.00000
53.50000, 69.00000
occurrence9
42.00000, 74.00000
42.50000, 72.00000
43.00000, 71.00000
43.50000, 67.00000
47.50000, 67.00000
48.00000, 69.00000
49.00000, 71.00000
49.50000, 69.00000
50.00000, 69.00000
51.50000, 69.00000
52.00000, 69.00000
53.00000, 71.00000
53.50000, 69.00000
54.00000, 69.00000
56.00000, 72.00000
58.00000, 74.00000
58.50000, 72.00000
occurrence10
42.50000, 72.00000
43.00000, 71.00000
43.50000, 67.00000
47.50000, 67.00000
48.00000, 69.00000
49.00000, 71.00000
49.50000, 69.00000
50.00000, 69.00000
51.50000, 69.00000
52.00000, 69.00000
53.00000, 71.00000
53.50000, 69.00000
54.00000, 69.00000
56.00000, 72.00000
58.00000, 74.00000
58.50000, 72.00000
59.00000, 71.00000
pattern3
occurrence1
85.50000, 71.00000
86.50000, 69.00000
87.50000, 69.00000
90.50000, 71.00000
91.50000, 69.00000
33.75000, 67.00000
34.25000, 71.00000
101.50000, 71.00000
34.75000, 71.00000
102.50000, 69.00000
35.75000, 67.00000
103.50000, 69.00000
37.75000, 67.00000
38.25000, 71.00000
38.75000, 71.00000
39.25000, 74.00000
106.50000, 69.00000
107.50000, 67.00000
43.75000, 64.00000
114.50000, 69.00000
47.75000, 67.00000
116.50000, 72.00000
49.75000, 67.00000
50.25000, 71.00000
117.50000, 71.00000
50.75000, 71.00000
118.50000, 69.00000
51.75000, 67.00000
119.50000, 69.00000
53.75000, 67.00000
54.25000, 71.00000
54.75000, 71.00000
55.25000, 74.00000
122.50000, 71.00000
occurrence2
86.50000, 69.00000
87.50000, 69.00000
90.50000, 71.00000
91.50000, 69.00000
33.75000, 67.00000
34.25000, 71.00000
101.50000, 71.00000
34.75000, 71.00000
102.50000, 69.00000
35.75000, 67.00000
103.50000, 69.00000
37.75000, 67.00000
38.25000, 71.00000
38.75000, 71.00000
39.25000, 74.00000
106.50000, 69.00000
107.50000, 67.00000
43.75000, 64.00000
114.50000, 69.00000
47.75000, 67.00000
116.50000, 72.00000
49.75000, 67.00000
50.25000, 71.00000
117.50000, 71.00000
50.75000, 71.00000
118.50000, 69.00000
51.75000, 67.00000
119.50000, 69.00000
53.75000, 67.00000
54.25000, 71.00000
54.75000, 71.00000
55.25000, 74.00000
122.50000, 71.00000
123.50000, 69.00000
occurrence3
66.00000, 67.00000
66.50000, 69.00000
68.00000, 71.00000
71.00000, 67.00000
75.00000, 71.00000
80.00000, 64.00000
82.00000, 67.00000
83.00000, 69.00000
84.00000, 71.00000
85.00000, 72.00000
87.00000, 67.00000
96.00000, 64.00000
98.00000, 67.00000
99.00000, 69.00000
100.00000, 71.00000
101.00000, 72.00000
103.00000, 67.00000
occurrence4
82.00000, 67.00000
83.00000, 69.00000
84.00000, 71.00000
85.00000, 72.00000
87.00000, 67.00000
96.00000, 64.00000
98.00000, 67.00000
99.00000, 69.00000
100.00000, 71.00000
101.00000, 72.00000
103.00000, 67.00000
107.00000, 71.00000
112.00000, 64.00000
114.00000, 67.00000
116.00000, 71.00000
119.00000, 67.00000
pattern4
occurrence1
1.00000, 67.00000
2.00000, 69.00000
2.25000, 67.00000
2.75000, 67.00000
137.75000, 71.00000
138.25000, 69.00000
5.50000, 67.00000
5.75000, 67.00000
6.00000, 69.00000
140.50000, 71.00000
140.75000, 71.00000
6.75000, 71.00000
141.25000, 71.00000
7.50000, 64.00000
141.75000, 69.00000
142.25000, 67.00000
145.75000, 69.00000
146.25000, 67.00000
148.75000, 71.00000
149.25000, 71.00000
149.75000, 69.00000
150.25000, 67.00000
16.50000, 67.00000
17.00000, 67.00000
17.25000, 67.00000
18.00000, 69.00000
occurrence2
32.00000, 69.00000
33.00000, 71.00000
33.50000, 69.00000
34.00000, 69.00000
35.50000, 69.00000
36.00000, 69.00000
37.00000, 71.00000
37.50000, 69.00000
38.00000, 69.00000
40.00000, 72.00000
42.00000, 74.00000
42.50000, 72.00000
43.00000, 71.00000
43.50000, 67.00000
47.50000, 67.00000
48.00000, 69.00000
49.00000, 71.00000
occurrence3
36.00000, 69.00000
37.00000, 71.00000
37.50000, 69.00000
38.00000, 69.00000
40.00000, 72.00000
42.00000, 74.00000
42.50000, 72.00000
43.00000, 71.00000
43.50000, 67.00000
47.50000, 67.00000
48.00000, 69.00000
49.00000, 71.00000
49.50000, 69.00000
50.00000, 69.00000
51.50000, 69.00000
52.00000, 69.00000
53.00000, 71.00000
occurrence4
82.00000, 67.00000
83.00000, 69.00000
84.00000, 71.00000
85.00000, 72.00000
87.00000, 67.00000
96.00000, 64.00000
98.00000, 67.00000
99.00000, 69.00000
occurrence5
83.00000, 69.00000
84.00000, 71.00000
85.00000, 72.00000
87.00000, 67.00000
96.00000, 64.00000
98.00000, 67.00000
99.00000, 69.00000
100.00000, 71.00000
occurrence6
84.00000, 71.00000
85.00000, 72.00000
87.00000, 67.00000
96.00000, 64.00000
98.00000, 67.00000
99.00000, 69.00000
100.00000, 71.00000
101.00000, 72.00000
pattern5
occurrence1
144.00000, 71.00000
145.00000, 71.00000
152.00000, 72.00000
153.00000, 72.00000
68.50000, 72.00000
69.50000, 71.00000
70.50000, 69.00000
71.50000, 69.00000
74.50000, 69.00000
75.50000, 67.00000
85.50000, 71.00000
86.50000, 69.00000
occurrence2
145.00000, 71.00000
152.00000, 72.00000
153.00000, 72.00000
68.50000, 72.00000
69.50000, 71.00000
70.50000, 69.00000
71.50000, 69.00000
74.50000, 69.00000
75.50000, 67.00000
85.50000, 71.00000
86.50000, 69.00000
87.50000, 69.00000
occurrence3
74.50000, 69.00000
75.50000, 67.00000
85.50000, 71.00000
86.50000, 69.00000
87.50000, 69.00000
90.50000, 71.00000
91.50000, 69.00000
33.75000, 67.00000
34.25000, 71.00000
101.50000, 71.00000
34.75000, 71.00000
102.50000, 69.00000
35.75000, 67.00000
103.50000, 69.00000
37.75000, 67.00000
38.25000, 71.00000
38.75000, 71.00000
39.25000, 74.00000
106.50000, 69.00000
107.50000, 67.00000
43.75000, 64.00000
114.50000, 69.00000
47.75000, 67.00000
116.50000, 72.00000
49.75000, 67.00000
50.25000, 71.00000
117.50000, 71.00000
50.75000, 71.00000
118.50000, 69.00000
51.75000, 67.00000
119.50000, 69.00000
53.75000, 67.00000
54.25000, 71.00000
54.75000, 71.00000
55.25000, 74.00000
122.50000, 71.00000
123.50000, 69.00000
59.75000, 72.00000
129.75000, 69.00000
130.25000, 67.00000
132.75000, 71.00000
133.25000, 71.00000
133.75000, 69.00000
52.33301, 71.00000
32.66699, 71.00000
0.00000, 67.00000
32.33301, 71.00000
48.66699, 71.00000
36.66699, 71.00000
48.33301, 71.00000
36.33301, 71.00000
52.66699, 71.00000
134.25000, 67.00000
0.50000, 67.00000
1.00000, 67.00000
2.00000, 69.00000
2.25000, 67.00000
2.75000, 67.00000
137.75000, 71.00000
138.25000, 69.00000
5.50000, 67.00000
5.75000, 67.00000
6.00000, 69.00000
140.50000, 71.00000
140.75000, 71.00000
6.75000, 71.00000
141.25000, 71.00000
7.50000, 64.00000
141.75000, 69.00000
142.25000, 67.00000
145.75000, 69.00000
146.25000, 67.00000
148.75000, 71.00000
149.25000, 71.00000
149.75000, 69.00000
150.25000, 67.00000
16.50000, 67.00000
17.00000, 67.00000
occurrence4
116.50000, 72.00000
49.75000, 67.00000
50.25000, 71.00000
117.50000, 71.00000
50.75000, 71.00000
118.50000, 69.00000
51.75000, 67.00000
119.50000, 69.00000
53.75000, 67.00000
54.25000, 71.00000
54.75000, 71.00000
55.25000, 74.00000
122.50000, 71.00000
123.50000, 69.00000
59.75000, 72.00000
129.75000, 69.00000
130.25000, 67.00000
132.75000, 71.00000
133.25000, 71.00000
133.75000, 69.00000
52.33301, 71.00000
32.66699, 71.00000
0.00000, 67.00000
32.33301, 71.00000
48.66699, 71.00000
36.66699, 71.00000
48.33301, 71.00000
36.33301, 71.00000
52.66699, 71.00000
134.25000, 67.00000
0.50000, 67.00000
1.00000, 67.00000
2.00000, 69.00000
2.25000, 67.00000
2.75000, 67.00000
137.75000, 71.00000
138.25000, 69.00000
5.50000, 67.00000
5.75000, 67.00000
6.00000, 69.00000
140.50000, 71.00000
140.75000, 71.00000
6.75000, 71.00000
141.25000, 71.00000
7.50000, 64.00000
141.75000, 69.00000
142.25000, 67.00000
145.75000, 69.00000
146.25000, 67.00000
148.75000, 71.00000
149.25000, 71.00000
149.75000, 69.00000
150.25000, 67.00000
16.50000, 67.00000
17.00000, 67.00000
17.25000, 67.00000
18.00000, 69.00000
18.25000, 67.00000
18.75000, 67.00000
153.75000, 71.00000
154.25000, 69.00000
21.00000, 67.00000
21.50000, 67.00000
21.75000, 69.00000
156.50000, 71.00000
22.50000, 71.00000
156.75000, 71.00000
157.25000, 71.00000
23.50000, 69.00000
157.75000, 69.00000
158.25000, 67.00000
26.50000, 71.00000
27.50000, 64.00000
31.50000, 67.00000
31.75000, 67.00000
32.00000, 69.00000
33.00000, 71.00000
33.50000, 69.00000
34.00000, 69.00000
35.50000, 69.00000
36.00000, 69.00000
37.00000, 71.00000
37.50000, 69.00000
38.00000, 69.00000
40.00000, 72.00000
42.00000, 74.00000
42.50000, 72.00000
43.00000, 71.00000
43.50000, 67.00000
47.50000, 67.00000
48.00000, 69.00000
49.00000, 71.00000
49.50000, 69.00000
50.00000, 69.00000
51.50000, 69.00000
52.00000, 69.00000
53.00000, 71.00000
53.50000, 69.00000
54.00000, 69.00000
56.00000, 72.00000
58.00000, 74.00000
58.50000, 72.00000
59.00000, 71.00000
occurrence5
156.50000, 71.00000
22.50000, 71.00000
156.75000, 71.00000
157.25000, 71.00000
23.50000, 69.00000
157.75000, 69.00000
158.25000, 67.00000
26.50000, 71.00000
27.50000, 64.00000
31.50000, 67.00000
31.75000, 67.00000
32.00000, 69.00000
33.00000, 71.00000
33.50000, 69.00000
34.00000, 69.00000
35.50000, 69.00000
36.00000, 69.00000
37.00000, 71.00000
37.50000, 69.00000
38.00000, 69.00000
40.00000, 72.00000
42.00000, 74.00000
42.50000, 72.00000
43.00000, 71.00000
43.50000, 67.00000
47.50000, 67.00000
48.00000, 69.00000
49.00000, 71.00000
49.50000, 69.00000
50.00000, 69.00000
51.50000, 69.00000
52.00000, 69.00000
53.00000, 71.00000
53.50000, 69.00000
54.00000, 69.00000
56.00000, 72.00000
58.00000, 74.00000
58.50000, 72.00000
59.00000, 71.00000
59.50000, 69.00000
64.00000, 64.00000
66.00000, 67.00000
66.50000, 69.00000
68.00000, 71.00000
71.00000, 67.00000
75.00000, 71.00000
80.00000, 64.00000
82.00000, 67.00000
83.00000, 69.00000
84.00000, 71.00000
85.00000, 72.00000
87.00000, 67.00000
96.00000, 64.00000
98.00000, 67.00000
99.00000, 69.00000
pattern6
occurrence1
33.75000, 67.00000
34.25000, 71.00000
101.50000, 71.00000
34.75000, 71.00000
102.50000, 69.00000
35.75000, 67.00000
103.50000, 69.00000
37.75000, 67.00000
38.25000, 71.00000
38.75000, 71.00000
39.25000, 74.00000
106.50000, 69.00000
107.50000, 67.00000
43.75000, 64.00000
114.50000, 69.00000
47.75000, 67.00000
116.50000, 72.00000
49.75000, 67.00000
50.25000, 71.00000
117.50000, 71.00000
50.75000, 71.00000
occurrence2
37.75000, 67.00000
38.25000, 71.00000
38.75000, 71.00000
39.25000, 74.00000
106.50000, 69.00000
107.50000, 67.00000
43.75000, 64.00000
114.50000, 69.00000
47.75000, 67.00000
116.50000, 72.00000
49.75000, 67.00000
50.25000, 71.00000
117.50000, 71.00000
50.75000, 71.00000
118.50000, 69.00000
51.75000, 67.00000
119.50000, 69.00000
53.75000, 67.00000
54.25000, 71.00000
54.75000, 71.00000
occurrence3
38.25000, 71.00000
38.75000, 71.00000
39.25000, 74.00000
106.50000, 69.00000
107.50000, 67.00000
43.75000, 64.00000
114.50000, 69.00000
47.75000, 67.00000
116.50000, 72.00000
49.75000, 67.00000
50.25000, 71.00000
117.50000, 71.00000
50.75000, 71.00000
118.50000, 69.00000
51.75000, 67.00000
119.50000, 69.00000
53.75000, 67.00000
54.25000, 71.00000
54.75000, 71.00000
55.25000, 74.00000
occurrence4
5.50000, 67.00000
5.75000, 67.00000
6.00000, 69.00000
140.50000, 71.00000
140.75000, 71.00000
6.75000, 71.00000
141.25000, 71.00000
7.50000, 64.00000
141.75000, 69.00000
142.25000, 67.00000
145.75000, 69.00000
146.25000, 67.00000
148.75000, 71.00000
149.25000, 71.00000
149.75000, 69.00000
150.25000, 67.00000
16.50000, 67.00000
17.00000, 67.00000
17.25000, 67.00000
18.00000, 69.00000
18.25000, 67.00000
18.75000, 67.00000
153.75000, 71.00000
154.25000, 69.00000
21.00000, 67.00000
21.50000, 67.00000
21.75000, 69.00000
156.50000, 71.00000
22.50000, 71.00000
pattern7
occurrence1
6.00000, 69.00000
140.50000, 71.00000
140.75000, 71.00000
6.75000, 71.00000
141.25000, 71.00000
7.50000, 64.00000
141.75000, 69.00000
142.25000, 67.00000
145.75000, 69.00000
146.25000, 67.00000
148.75000, 71.00000
149.25000, 71.00000
149.75000, 69.00000
150.25000, 67.00000
16.50000, 67.00000
17.00000, 67.00000
17.25000, 67.00000
18.00000, 69.00000
18.25000, 67.00000
18.75000, 67.00000
153.75000, 71.00000
154.25000, 69.00000
21.00000, 67.00000
21.50000, 67.00000
21.75000, 69.00000
156.50000, 71.00000
22.50000, 71.00000
156.75000, 71.00000
157.25000, 71.00000
23.50000, 69.00000
157.75000, 69.00000
158.25000, 67.00000
26.50000, 71.00000
27.50000, 64.00000
31.50000, 67.00000
31.75000, 67.00000
32.00000, 69.00000
33.00000, 71.00000
33.50000, 69.00000
34.00000, 69.00000
35.50000, 69.00000
36.00000, 69.00000
37.00000, 71.00000
37.50000, 69.00000
38.00000, 69.00000
40.00000, 72.00000
42.00000, 74.00000
42.50000, 72.00000
43.00000, 71.00000
43.50000, 67.00000
47.50000, 67.00000
48.00000, 69.00000
49.00000, 71.00000
49.50000, 69.00000
50.00000, 69.00000
51.50000, 69.00000
52.00000, 69.00000
53.00000, 71.00000
53.50000, 69.00000
54.00000, 69.00000
56.00000, 72.00000
occurrence2
64.00000, 64.00000
66.00000, 67.00000
66.50000, 69.00000
68.00000, 71.00000
71.00000, 67.00000
75.00000, 71.00000
80.00000, 64.00000
82.00000, 67.00000
83.00000, 69.00000
84.00000, 71.00000
85.00000, 72.00000
87.00000, 67.00000
96.00000, 64.00000
98.00000, 67.00000
99.00000, 69.00000
100.00000, 71.00000
101.00000, 72.00000
103.00000, 67.00000
107.00000, 71.00000
112.00000, 64.00000
114.00000, 67.00000
occurrence3
66.00000, 67.00000
66.50000, 69.00000
68.00000, 71.00000
71.00000, 67.00000
75.00000, 71.00000
80.00000, 64.00000
82.00000, 67.00000
83.00000, 69.00000
84.00000, 71.00000
85.00000, 72.00000
87.00000, 67.00000
96.00000, 64.00000
98.00000, 67.00000
99.00000, 69.00000
100.00000, 71.00000
101.00000, 72.00000
103.00000, 67.00000
107.00000, 71.00000
112.00000, 64.00000
114.00000, 67.00000
116.00000, 71.00000
pattern8
occurrence1
68.50000, 72.00000
69.50000, 71.00000
70.50000, 69.00000
71.50000, 69.00000
74.50000, 69.00000
occurrence2
69.50000, 71.00000
70.50000, 69.00000
71.50000, 69.00000
74.50000, 69.00000
75.50000, 67.00000
occurrence3
101.50000, 71.00000
34.75000, 71.00000
102.50000, 69.00000
35.75000, 67.00000
103.50000, 69.00000
37.75000, 67.00000
38.25000, 71.00000
38.75000, 71.00000
39.25000, 74.00000
106.50000, 69.00000
107.50000, 67.00000
occurrence4
37.75000, 67.00000
38.25000, 71.00000
38.75000, 71.00000
39.25000, 74.00000
106.50000, 69.00000
107.50000, 67.00000
43.75000, 64.00000
occurrence5
21.50000, 67.00000
21.75000, 69.00000
156.50000, 71.00000
22.50000, 71.00000
156.75000, 71.00000
157.25000, 71.00000
23.50000, 69.00000
157.75000, 69.00000
158.25000, 67.00000
26.50000, 71.00000
27.50000, 64.00000
pattern9
occurrence1
136.00000, 72.00000
137.00000, 72.00000
144.00000, 71.00000
145.00000, 71.00000
152.00000, 72.00000
153.00000, 72.00000
68.50000, 72.00000
69.50000, 71.00000
70.50000, 69.00000
71.50000, 69.00000
74.50000, 69.00000
75.50000, 67.00000
85.50000, 71.00000
86.50000, 69.00000
87.50000, 69.00000
90.50000, 71.00000
91.50000, 69.00000
33.75000, 67.00000
34.25000, 71.00000
101.50000, 71.00000
34.75000, 71.00000
102.50000, 69.00000
35.75000, 67.00000
103.50000, 69.00000
37.75000, 67.00000
38.25000, 71.00000
38.75000, 71.00000
39.25000, 74.00000
106.50000, 69.00000
107.50000, 67.00000
43.75000, 64.00000
114.50000, 69.00000
47.75000, 67.00000
116.50000, 72.00000
49.75000, 67.00000
50.25000, 71.00000
117.50000, 71.00000
50.75000, 71.00000
118.50000, 69.00000
51.75000, 67.00000
119.50000, 69.00000
53.75000, 67.00000
54.25000, 71.00000
54.75000, 71.00000
55.25000, 74.00000
122.50000, 71.00000
123.50000, 69.00000
59.75000, 72.00000
129.75000, 69.00000
130.25000, 67.00000
132.75000, 71.00000
133.25000, 71.00000
133.75000, 69.00000
52.33301, 71.00000
32.66699, 71.00000
0.00000, 67.00000
32.33301, 71.00000
48.66699, 71.00000
36.66699, 71.00000
48.33301, 71.00000
36.33301, 71.00000
52.66699, 71.00000
134.25000, 67.00000
0.50000, 67.00000
1.00000, 67.00000
2.00000, 69.00000
2.25000, 67.00000
2.75000, 67.00000
137.75000, 71.00000
138.25000, 69.00000
5.50000, 67.00000
5.75000, 67.00000
6.00000, 69.00000
140.50000, 71.00000
140.75000, 71.00000
6.75000, 71.00000
141.25000, 71.00000
7.50000, 64.00000
141.75000, 69.00000
142.25000, 67.00000
145.75000, 69.00000
146.25000, 67.00000
148.75000, 71.00000
149.25000, 71.00000
149.75000, 69.00000
150.25000, 67.00000
16.50000, 67.00000
17.00000, 67.00000
17.25000, 67.00000
18.00000, 69.00000
18.25000, 67.00000
18.75000, 67.00000
153.75000, 71.00000
154.25000, 69.00000
21.00000, 67.00000
21.50000, 67.00000
21.75000, 69.00000
156.50000, 71.00000
22.50000, 71.00000
156.75000, 71.00000
157.25000, 71.00000
23.50000, 69.00000
157.75000, 69.00000
158.25000, 67.00000
26.50000, 71.00000
27.50000, 64.00000
31.50000, 67.00000
31.75000, 67.00000
32.00000, 69.00000
33.00000, 71.00000
33.50000, 69.00000
34.00000, 69.00000
35.50000, 69.00000
36.00000, 69.00000
37.00000, 71.00000
37.50000, 69.00000
38.00000, 69.00000
40.00000, 72.00000
42.00000, 74.00000
42.50000, 72.00000
43.00000, 71.00000
43.50000, 67.00000
47.50000, 67.00000
48.00000, 69.00000
49.00000, 71.00000
49.50000, 69.00000
50.00000, 69.00000
51.50000, 69.00000
52.00000, 69.00000
53.00000, 71.00000
53.50000, 69.00000
54.00000, 69.00000
56.00000, 72.00000
58.00000, 74.00000
58.50000, 72.00000
59.00000, 71.00000
59.50000, 69.00000
64.00000, 64.00000
66.00000, 67.00000
66.50000, 69.00000
68.00000, 71.00000
71.00000, 67.00000
75.00000, 71.00000
80.00000, 64.00000
82.00000, 67.00000
83.00000, 69.00000
84.00000, 71.00000
85.00000, 72.00000
87.00000, 67.00000
96.00000, 64.00000
98.00000, 67.00000
99.00000, 69.00000
100.00000, 71.00000
101.00000, 72.00000
103.00000, 67.00000
107.00000, 71.00000
112.00000, 64.00000
114.00000, 67.00000
116.00000, 71.00000
119.00000, 67.00000
128.00000, 71.00000
129.00000, 71.00000
