pattern1
occurrence1
11.00000, 67.00000
12.00000, 67.00000
13.00000, 67.00000
14.00000, 71.00000
16.00000, 69.00000
occurrence2
19.00000, 69.00000
20.00000, 69.00000
21.00000, 69.00000
22.00000, 67.00000
23.00000, 71.00000
24.00000, 71.00000
occurrence3
43.00000, 65.00000
44.00000, 65.00000
45.00000, 65.00000
46.00000, 67.00000
47.00000, 69.00000
48.00000, 67.00000
pattern2
occurrence1
5.00000, 76.00000
6.00000, 67.00000
7.00000, 69.00000
8.00000, 76.00000
occurrence2
7.00000, 69.00000
8.00000, 76.00000
9.00000, 71.00000
10.00000, 69.00000
occurrence3
14.00000, 71.00000
16.00000, 69.00000
17.00000, 71.00000
occurrence4
16.00000, 69.00000
17.00000, 71.00000
18.00000, 71.00000
19.00000, 69.00000
occurrence5
23.00000, 71.00000
24.00000, 71.00000
26.00000, 71.00000
occurrence6
24.00000, 71.00000
26.00000, 71.00000
27.00000, 71.00000
occurrence7
31.00000, 62.00000
32.00000, 59.00000
34.00000, 62.00000
occurrence8
46.00000, 67.00000
47.00000, 69.00000
48.00000, 67.00000
49.00000, 67.00000
pattern3
occurrence1
14.00000, 71.00000
16.00000, 69.00000
17.00000, 71.00000
18.00000, 71.00000
19.00000, 69.00000
20.00000, 69.00000
21.00000, 69.00000
22.00000, 67.00000
occurrence2
35.00000, 69.00000
36.00000, 69.00000
37.00000, 74.00000
38.00000, 74.00000
39.00000, 72.00000
40.00000, 71.00000
41.00000, 71.00000
43.00000, 65.00000
occurrence3
36.00000, 69.00000
37.00000, 74.00000
38.00000, 74.00000
39.00000, 72.00000
40.00000, 71.00000
41.00000, 71.00000
43.00000, 65.00000
44.00000, 65.00000
occurrence4
39.00000, 72.00000
40.00000, 71.00000
41.00000, 71.00000
43.00000, 65.00000
44.00000, 65.00000
45.00000, 65.00000
46.00000, 67.00000
47.00000, 69.00000
occurrence5
40.00000, 71.00000
41.00000, 71.00000
43.00000, 65.00000
44.00000, 65.00000
45.00000, 65.00000
46.00000, 67.00000
47.00000, 69.00000
48.00000, 67.00000
occurrence6
41.00000, 71.00000
43.00000, 65.00000
44.00000, 65.00000
45.00000, 65.00000
46.00000, 67.00000
47.00000, 69.00000
48.00000, 67.00000
49.00000, 67.00000
pattern4
occurrence1
6.00000, 67.00000
7.00000, 69.00000
8.00000, 76.00000
9.00000, 71.00000
10.00000, 69.00000
11.00000, 67.00000
12.00000, 67.00000
13.00000, 67.00000
14.00000, 71.00000
16.00000, 69.00000
17.00000, 71.00000
18.00000, 71.00000
19.00000, 69.00000
20.00000, 69.00000
21.00000, 69.00000
occurrence2
13.00000, 67.00000
14.00000, 71.00000
16.00000, 69.00000
17.00000, 71.00000
18.00000, 71.00000
19.00000, 69.00000
20.00000, 69.00000
21.00000, 69.00000
22.00000, 67.00000
23.00000, 71.00000
24.00000, 71.00000
26.00000, 71.00000
27.00000, 71.00000
28.00000, 69.00000
occurrence3
24.00000, 71.00000
26.00000, 71.00000
27.00000, 71.00000
28.00000, 69.00000
29.00000, 67.00000
30.00000, 65.00000
31.00000, 62.00000
32.00000, 59.00000
34.00000, 62.00000
35.00000, 69.00000
36.00000, 69.00000
37.00000, 74.00000
38.00000, 74.00000
39.00000, 72.00000
occurrence4
37.00000, 74.00000
38.00000, 74.00000
39.00000, 72.00000
40.00000, 71.00000
41.00000, 71.00000
43.00000, 65.00000
44.00000, 65.00000
45.00000, 65.00000
46.00000, 67.00000
47.00000, 69.00000
48.00000, 67.00000
49.00000, 67.00000
50.00000, 81.00000
51.00000, 76.00000
52.00000, 76.00000
occurrence5
38.00000, 74.00000
39.00000, 72.00000
40.00000, 71.00000
41.00000, 71.00000
43.00000, 65.00000
44.00000, 65.00000
45.00000, 65.00000
46.00000, 67.00000
47.00000, 69.00000
48.00000, 67.00000
49.00000, 67.00000
50.00000, 81.00000
51.00000, 76.00000
52.00000, 76.00000
53.00000, 76.00000
pattern5
occurrence1
0.00000, 72.00000
1.00000, 76.00000
2.00000, 77.00000
3.00000, 76.00000
4.00000, 83.00000
5.00000, 76.00000
6.00000, 67.00000
7.00000, 69.00000
8.00000, 76.00000
9.00000, 71.00000
10.00000, 69.00000
11.00000, 67.00000
12.00000, 67.00000
13.00000, 67.00000
14.00000, 71.00000
16.00000, 69.00000
17.00000, 71.00000
18.00000, 71.00000
19.00000, 69.00000
20.00000, 69.00000
21.00000, 69.00000
22.00000, 67.00000
23.00000, 71.00000
24.00000, 71.00000
26.00000, 71.00000
27.00000, 71.00000
28.00000, 69.00000
29.00000, 67.00000
30.00000, 65.00000
31.00000, 62.00000
32.00000, 59.00000
34.00000, 62.00000
35.00000, 69.00000
36.00000, 69.00000
37.00000, 74.00000
38.00000, 74.00000
39.00000, 72.00000
40.00000, 71.00000
41.00000, 71.00000
43.00000, 65.00000
44.00000, 65.00000
45.00000, 65.00000
46.00000, 67.00000
47.00000, 69.00000
48.00000, 67.00000
49.00000, 67.00000
50.00000, 81.00000
51.00000, 76.00000
