pattern1
occurrence1
52.00000, 65.00000
58.00000, 65.00000
60.00000, 67.00000
62.00000, 67.00000
64.00000, 67.00000
66.00000, 69.00000
69.00000, 67.00000
70.00000, 67.00000
74.00000, 66.00000
76.00000, 67.00000
86.00000, 64.00000
88.00000, 65.00000
90.00000, 69.00000
93.00000, 67.00000
94.00000, 65.00000
95.00000, 64.00000
96.00000, 62.00000
110.00000, 69.00000
112.00000, 70.00000
115.00000, 69.00000
116.00000, 67.00000
118.00000, 65.00000
120.00000, 64.00000
124.00000, 62.00000
146.00000, 69.00000
148.00000, 70.00000
151.00000, 69.00000
152.00000, 67.00000
154.00000, 65.00000
156.00000, 64.00000
160.00000, 62.00000
182.00000, 69.00000
184.00000, 70.00000
187.00000, 72.00000
188.00000, 74.00000
210.00000, 67.00000
212.00000, 67.00000
214.00000, 67.00000
216.00000, 65.00000
217.00000, 64.00000
218.00000, 62.00000
220.00000, 60.00000
222.00000, 67.00000
224.00000, 64.00000
226.00000, 67.00000
228.00000, 65.00000
229.00000, 64.00000
230.00000, 62.00000
232.00000, 60.00000
235.00000, 62.00000
236.00000, 64.00000
237.00000, 65.00000
238.00000, 67.00000
240.00000, 60.00000
241.00000, 62.00000
242.00000, 64.00000
243.00000, 65.00000
244.00000, 67.00000
245.00000, 69.00000
246.00000, 70.00000
249.00000, 69.00000
250.00000, 69.00000
254.00000, 67.00000
256.00000, 69.00000
262.00000, 64.00000
264.00000, 64.00000
274.00000, 64.00000
277.00000, 62.00000
278.00000, 59.00000
280.00000, 60.00000
282.00000, 62.00000
284.00000, 57.00000
286.00000, 69.00000
289.00000, 67.00000
290.00000, 69.00000
291.00000, 65.00000
292.00000, 67.00000
298.00000, 69.00000
301.00000, 67.00000
302.00000, 64.00000
304.00000, 65.00000
308.00000, 67.00000
314.00000, 65.00000
317.00000, 64.00000
318.00000, 60.00000
320.00000, 62.00000
322.00000, 65.00000
324.00000, 65.00000
326.00000, 65.00000
328.00000, 64.00000
330.00000, 62.00000
332.00000, 64.00000
336.00000, 62.00000
380.00000, 70.00000
384.00000, 67.00000
388.00000, 70.00000
392.00000, 69.00000
395.00000, 67.00000
396.00000, 65.00000
402.00000, 65.00000
404.00000, 67.00000
406.00000, 67.00000
408.00000, 67.00000
410.00000, 69.00000
413.00000, 67.00000
414.00000, 67.00000
418.00000, 66.00000
420.00000, 67.00000
430.00000, 64.00000
432.00000, 65.00000
occurrence2
58.00000, 65.00000
60.00000, 67.00000
62.00000, 67.00000
64.00000, 67.00000
66.00000, 69.00000
69.00000, 67.00000
70.00000, 67.00000
74.00000, 66.00000
76.00000, 67.00000
86.00000, 64.00000
88.00000, 65.00000
90.00000, 69.00000
93.00000, 67.00000
94.00000, 65.00000
95.00000, 64.00000
96.00000, 62.00000
110.00000, 69.00000
112.00000, 70.00000
115.00000, 69.00000
116.00000, 67.00000
118.00000, 65.00000
120.00000, 64.00000
124.00000, 62.00000
146.00000, 69.00000
148.00000, 70.00000
151.00000, 69.00000
152.00000, 67.00000
154.00000, 65.00000
156.00000, 64.00000
160.00000, 62.00000
182.00000, 69.00000
184.00000, 70.00000
187.00000, 72.00000
188.00000, 74.00000
210.00000, 67.00000
212.00000, 67.00000
214.00000, 67.00000
216.00000, 65.00000
217.00000, 64.00000
218.00000, 62.00000
220.00000, 60.00000
222.00000, 67.00000
224.00000, 64.00000
226.00000, 67.00000
228.00000, 65.00000
229.00000, 64.00000
230.00000, 62.00000
232.00000, 60.00000
235.00000, 62.00000
236.00000, 64.00000
237.00000, 65.00000
238.00000, 67.00000
240.00000, 60.00000
241.00000, 62.00000
242.00000, 64.00000
243.00000, 65.00000
244.00000, 67.00000
245.00000, 69.00000
246.00000, 70.00000
249.00000, 69.00000
250.00000, 69.00000
254.00000, 67.00000
256.00000, 69.00000
262.00000, 64.00000
264.00000, 64.00000
274.00000, 64.00000
277.00000, 62.00000
278.00000, 59.00000
280.00000, 60.00000
282.00000, 62.00000
284.00000, 57.00000
286.00000, 69.00000
289.00000, 67.00000
290.00000, 69.00000
291.00000, 65.00000
292.00000, 67.00000
298.00000, 69.00000
301.00000, 67.00000
302.00000, 64.00000
304.00000, 65.00000
308.00000, 67.00000
314.00000, 65.00000
317.00000, 64.00000
318.00000, 60.00000
320.00000, 62.00000
322.00000, 65.00000
324.00000, 65.00000
326.00000, 65.00000
328.00000, 64.00000
330.00000, 62.00000
332.00000, 64.00000
336.00000, 62.00000
380.00000, 70.00000
384.00000, 67.00000
388.00000, 70.00000
392.00000, 69.00000
395.00000, 67.00000
396.00000, 65.00000
402.00000, 65.00000
404.00000, 67.00000
406.00000, 67.00000
408.00000, 67.00000
410.00000, 69.00000
413.00000, 67.00000
414.00000, 67.00000
418.00000, 66.00000
420.00000, 67.00000
430.00000, 64.00000
432.00000, 65.00000
434.00000, 69.00000
437.00000, 67.00000
438.00000, 65.00000
occurrence3
110.00000, 69.00000
112.00000, 70.00000
115.00000, 69.00000
116.00000, 67.00000
118.00000, 65.00000
120.00000, 64.00000
124.00000, 62.00000
146.00000, 69.00000
148.00000, 70.00000
151.00000, 69.00000
152.00000, 67.00000
154.00000, 65.00000
156.00000, 64.00000
160.00000, 62.00000
182.00000, 69.00000
184.00000, 70.00000
187.00000, 72.00000
188.00000, 74.00000
210.00000, 67.00000
212.00000, 67.00000
214.00000, 67.00000
216.00000, 65.00000
217.00000, 64.00000
218.00000, 62.00000
220.00000, 60.00000
222.00000, 67.00000
224.00000, 64.00000
226.00000, 67.00000
228.00000, 65.00000
229.00000, 64.00000
230.00000, 62.00000
232.00000, 60.00000
235.00000, 62.00000
236.00000, 64.00000
237.00000, 65.00000
238.00000, 67.00000
240.00000, 60.00000
241.00000, 62.00000
242.00000, 64.00000
243.00000, 65.00000
244.00000, 67.00000
245.00000, 69.00000
246.00000, 70.00000
249.00000, 69.00000
250.00000, 69.00000
254.00000, 67.00000
256.00000, 69.00000
262.00000, 64.00000
264.00000, 64.00000
274.00000, 64.00000
277.00000, 62.00000
278.00000, 59.00000
280.00000, 60.00000
282.00000, 62.00000
284.00000, 57.00000
286.00000, 69.00000
289.00000, 67.00000
290.00000, 69.00000
291.00000, 65.00000
292.00000, 67.00000
298.00000, 69.00000
301.00000, 67.00000
302.00000, 64.00000
304.00000, 65.00000
308.00000, 67.00000
314.00000, 65.00000
317.00000, 64.00000
318.00000, 60.00000
320.00000, 62.00000
322.00000, 65.00000
324.00000, 65.00000
326.00000, 65.00000
328.00000, 64.00000
330.00000, 62.00000
332.00000, 64.00000
336.00000, 62.00000
380.00000, 70.00000
384.00000, 67.00000
388.00000, 70.00000
392.00000, 69.00000
395.00000, 67.00000
396.00000, 65.00000
402.00000, 65.00000
404.00000, 67.00000
406.00000, 67.00000
408.00000, 67.00000
410.00000, 69.00000
413.00000, 67.00000
414.00000, 67.00000
418.00000, 66.00000
420.00000, 67.00000
430.00000, 64.00000
432.00000, 65.00000
434.00000, 69.00000
437.00000, 67.00000
438.00000, 65.00000
439.00000, 64.00000
440.00000, 62.00000
454.00000, 69.00000
456.00000, 70.00000
459.00000, 69.00000
460.00000, 67.00000
462.00000, 65.00000
464.00000, 64.00000
468.00000, 62.00000
490.00000, 69.00000
occurrence4
112.00000, 70.00000
115.00000, 69.00000
116.00000, 67.00000
118.00000, 65.00000
120.00000, 64.00000
124.00000, 62.00000
146.00000, 69.00000
148.00000, 70.00000
151.00000, 69.00000
152.00000, 67.00000
154.00000, 65.00000
156.00000, 64.00000
160.00000, 62.00000
182.00000, 69.00000
184.00000, 70.00000
187.00000, 72.00000
188.00000, 74.00000
210.00000, 67.00000
212.00000, 67.00000
214.00000, 67.00000
216.00000, 65.00000
217.00000, 64.00000
218.00000, 62.00000
220.00000, 60.00000
222.00000, 67.00000
224.00000, 64.00000
226.00000, 67.00000
228.00000, 65.00000
229.00000, 64.00000
230.00000, 62.00000
232.00000, 60.00000
235.00000, 62.00000
236.00000, 64.00000
237.00000, 65.00000
238.00000, 67.00000
240.00000, 60.00000
241.00000, 62.00000
242.00000, 64.00000
243.00000, 65.00000
244.00000, 67.00000
245.00000, 69.00000
246.00000, 70.00000
249.00000, 69.00000
250.00000, 69.00000
254.00000, 67.00000
256.00000, 69.00000
262.00000, 64.00000
264.00000, 64.00000
274.00000, 64.00000
277.00000, 62.00000
278.00000, 59.00000
280.00000, 60.00000
282.00000, 62.00000
284.00000, 57.00000
286.00000, 69.00000
289.00000, 67.00000
290.00000, 69.00000
291.00000, 65.00000
292.00000, 67.00000
298.00000, 69.00000
301.00000, 67.00000
302.00000, 64.00000
304.00000, 65.00000
308.00000, 67.00000
314.00000, 65.00000
317.00000, 64.00000
318.00000, 60.00000
320.00000, 62.00000
322.00000, 65.00000
324.00000, 65.00000
326.00000, 65.00000
328.00000, 64.00000
330.00000, 62.00000
332.00000, 64.00000
336.00000, 62.00000
380.00000, 70.00000
384.00000, 67.00000
388.00000, 70.00000
392.00000, 69.00000
395.00000, 67.00000
396.00000, 65.00000
402.00000, 65.00000
404.00000, 67.00000
406.00000, 67.00000
408.00000, 67.00000
410.00000, 69.00000
413.00000, 67.00000
414.00000, 67.00000
418.00000, 66.00000
420.00000, 67.00000
430.00000, 64.00000
432.00000, 65.00000
434.00000, 69.00000
437.00000, 67.00000
438.00000, 65.00000
439.00000, 64.00000
440.00000, 62.00000
454.00000, 69.00000
456.00000, 70.00000
459.00000, 69.00000
460.00000, 67.00000
462.00000, 65.00000
464.00000, 64.00000
468.00000, 62.00000
490.00000, 69.00000
492.00000, 70.00000
occurrence5
115.00000, 69.00000
116.00000, 67.00000
118.00000, 65.00000
120.00000, 64.00000
124.00000, 62.00000
146.00000, 69.00000
148.00000, 70.00000
151.00000, 69.00000
152.00000, 67.00000
154.00000, 65.00000
156.00000, 64.00000
160.00000, 62.00000
182.00000, 69.00000
184.00000, 70.00000
187.00000, 72.00000
188.00000, 74.00000
210.00000, 67.00000
212.00000, 67.00000
214.00000, 67.00000
216.00000, 65.00000
217.00000, 64.00000
218.00000, 62.00000
220.00000, 60.00000
222.00000, 67.00000
224.00000, 64.00000
226.00000, 67.00000
228.00000, 65.00000
229.00000, 64.00000
230.00000, 62.00000
232.00000, 60.00000
235.00000, 62.00000
236.00000, 64.00000
237.00000, 65.00000
238.00000, 67.00000
240.00000, 60.00000
241.00000, 62.00000
242.00000, 64.00000
243.00000, 65.00000
244.00000, 67.00000
245.00000, 69.00000
246.00000, 70.00000
249.00000, 69.00000
250.00000, 69.00000
254.00000, 67.00000
256.00000, 69.00000
262.00000, 64.00000
264.00000, 64.00000
274.00000, 64.00000
277.00000, 62.00000
278.00000, 59.00000
280.00000, 60.00000
282.00000, 62.00000
284.00000, 57.00000
286.00000, 69.00000
289.00000, 67.00000
290.00000, 69.00000
291.00000, 65.00000
292.00000, 67.00000
298.00000, 69.00000
301.00000, 67.00000
302.00000, 64.00000
304.00000, 65.00000
308.00000, 67.00000
314.00000, 65.00000
317.00000, 64.00000
318.00000, 60.00000
320.00000, 62.00000
322.00000, 65.00000
324.00000, 65.00000
326.00000, 65.00000
328.00000, 64.00000
330.00000, 62.00000
332.00000, 64.00000
336.00000, 62.00000
380.00000, 70.00000
384.00000, 67.00000
388.00000, 70.00000
392.00000, 69.00000
395.00000, 67.00000
396.00000, 65.00000
402.00000, 65.00000
404.00000, 67.00000
406.00000, 67.00000
408.00000, 67.00000
410.00000, 69.00000
413.00000, 67.00000
414.00000, 67.00000
418.00000, 66.00000
420.00000, 67.00000
430.00000, 64.00000
432.00000, 65.00000
434.00000, 69.00000
437.00000, 67.00000
438.00000, 65.00000
439.00000, 64.00000
440.00000, 62.00000
454.00000, 69.00000
456.00000, 70.00000
459.00000, 69.00000
460.00000, 67.00000
462.00000, 65.00000
464.00000, 64.00000
468.00000, 62.00000
490.00000, 69.00000
492.00000, 70.00000
495.00000, 69.00000
occurrence6
116.00000, 67.00000
118.00000, 65.00000
120.00000, 64.00000
124.00000, 62.00000
146.00000, 69.00000
148.00000, 70.00000
151.00000, 69.00000
152.00000, 67.00000
154.00000, 65.00000
156.00000, 64.00000
160.00000, 62.00000
182.00000, 69.00000
184.00000, 70.00000
187.00000, 72.00000
188.00000, 74.00000
210.00000, 67.00000
212.00000, 67.00000
214.00000, 67.00000
216.00000, 65.00000
217.00000, 64.00000
218.00000, 62.00000
220.00000, 60.00000
222.00000, 67.00000
224.00000, 64.00000
226.00000, 67.00000
228.00000, 65.00000
229.00000, 64.00000
230.00000, 62.00000
232.00000, 60.00000
235.00000, 62.00000
236.00000, 64.00000
237.00000, 65.00000
238.00000, 67.00000
240.00000, 60.00000
241.00000, 62.00000
242.00000, 64.00000
243.00000, 65.00000
244.00000, 67.00000
245.00000, 69.00000
246.00000, 70.00000
249.00000, 69.00000
250.00000, 69.00000
254.00000, 67.00000
256.00000, 69.00000
262.00000, 64.00000
264.00000, 64.00000
274.00000, 64.00000
277.00000, 62.00000
278.00000, 59.00000
280.00000, 60.00000
282.00000, 62.00000
284.00000, 57.00000
286.00000, 69.00000
289.00000, 67.00000
290.00000, 69.00000
291.00000, 65.00000
292.00000, 67.00000
298.00000, 69.00000
301.00000, 67.00000
302.00000, 64.00000
304.00000, 65.00000
308.00000, 67.00000
314.00000, 65.00000
317.00000, 64.00000
318.00000, 60.00000
320.00000, 62.00000
322.00000, 65.00000
324.00000, 65.00000
326.00000, 65.00000
328.00000, 64.00000
330.00000, 62.00000
332.00000, 64.00000
336.00000, 62.00000
380.00000, 70.00000
384.00000, 67.00000
388.00000, 70.00000
392.00000, 69.00000
395.00000, 67.00000
396.00000, 65.00000
402.00000, 65.00000
404.00000, 67.00000
406.00000, 67.00000
408.00000, 67.00000
410.00000, 69.00000
413.00000, 67.00000
414.00000, 67.00000
418.00000, 66.00000
420.00000, 67.00000
430.00000, 64.00000
432.00000, 65.00000
434.00000, 69.00000
437.00000, 67.00000
438.00000, 65.00000
439.00000, 64.00000
440.00000, 62.00000
454.00000, 69.00000
456.00000, 70.00000
459.00000, 69.00000
460.00000, 67.00000
462.00000, 65.00000
464.00000, 64.00000
468.00000, 62.00000
490.00000, 69.00000
492.00000, 70.00000
495.00000, 69.00000
496.00000, 67.00000
occurrence7
118.00000, 65.00000
120.00000, 64.00000
124.00000, 62.00000
146.00000, 69.00000
148.00000, 70.00000
151.00000, 69.00000
152.00000, 67.00000
154.00000, 65.00000
156.00000, 64.00000
160.00000, 62.00000
182.00000, 69.00000
184.00000, 70.00000
187.00000, 72.00000
188.00000, 74.00000
210.00000, 67.00000
212.00000, 67.00000
214.00000, 67.00000
216.00000, 65.00000
217.00000, 64.00000
218.00000, 62.00000
220.00000, 60.00000
222.00000, 67.00000
224.00000, 64.00000
226.00000, 67.00000
228.00000, 65.00000
229.00000, 64.00000
230.00000, 62.00000
232.00000, 60.00000
235.00000, 62.00000
236.00000, 64.00000
237.00000, 65.00000
238.00000, 67.00000
240.00000, 60.00000
241.00000, 62.00000
242.00000, 64.00000
243.00000, 65.00000
244.00000, 67.00000
245.00000, 69.00000
246.00000, 70.00000
249.00000, 69.00000
250.00000, 69.00000
254.00000, 67.00000
256.00000, 69.00000
262.00000, 64.00000
264.00000, 64.00000
274.00000, 64.00000
277.00000, 62.00000
278.00000, 59.00000
280.00000, 60.00000
282.00000, 62.00000
284.00000, 57.00000
286.00000, 69.00000
289.00000, 67.00000
290.00000, 69.00000
291.00000, 65.00000
292.00000, 67.00000
298.00000, 69.00000
301.00000, 67.00000
302.00000, 64.00000
304.00000, 65.00000
308.00000, 67.00000
314.00000, 65.00000
317.00000, 64.00000
318.00000, 60.00000
320.00000, 62.00000
322.00000, 65.00000
324.00000, 65.00000
326.00000, 65.00000
328.00000, 64.00000
330.00000, 62.00000
332.00000, 64.00000
336.00000, 62.00000
380.00000, 70.00000
384.00000, 67.00000
388.00000, 70.00000
392.00000, 69.00000
395.00000, 67.00000
396.00000, 65.00000
402.00000, 65.00000
404.00000, 67.00000
406.00000, 67.00000
408.00000, 67.00000
410.00000, 69.00000
413.00000, 67.00000
414.00000, 67.00000
418.00000, 66.00000
420.00000, 67.00000
430.00000, 64.00000
432.00000, 65.00000
434.00000, 69.00000
437.00000, 67.00000
438.00000, 65.00000
439.00000, 64.00000
440.00000, 62.00000
454.00000, 69.00000
456.00000, 70.00000
459.00000, 69.00000
460.00000, 67.00000
462.00000, 65.00000
464.00000, 64.00000
468.00000, 62.00000
490.00000, 69.00000
492.00000, 70.00000
495.00000, 69.00000
496.00000, 67.00000
498.00000, 65.00000
occurrence8
120.00000, 64.00000
124.00000, 62.00000
146.00000, 69.00000
148.00000, 70.00000
151.00000, 69.00000
152.00000, 67.00000
154.00000, 65.00000
156.00000, 64.00000
160.00000, 62.00000
182.00000, 69.00000
184.00000, 70.00000
187.00000, 72.00000
188.00000, 74.00000
210.00000, 67.00000
212.00000, 67.00000
214.00000, 67.00000
216.00000, 65.00000
217.00000, 64.00000
218.00000, 62.00000
220.00000, 60.00000
222.00000, 67.00000
224.00000, 64.00000
226.00000, 67.00000
228.00000, 65.00000
229.00000, 64.00000
230.00000, 62.00000
232.00000, 60.00000
235.00000, 62.00000
236.00000, 64.00000
237.00000, 65.00000
238.00000, 67.00000
240.00000, 60.00000
241.00000, 62.00000
242.00000, 64.00000
243.00000, 65.00000
244.00000, 67.00000
245.00000, 69.00000
246.00000, 70.00000
249.00000, 69.00000
250.00000, 69.00000
254.00000, 67.00000
256.00000, 69.00000
262.00000, 64.00000
264.00000, 64.00000
274.00000, 64.00000
277.00000, 62.00000
278.00000, 59.00000
280.00000, 60.00000
282.00000, 62.00000
284.00000, 57.00000
286.00000, 69.00000
289.00000, 67.00000
290.00000, 69.00000
291.00000, 65.00000
292.00000, 67.00000
298.00000, 69.00000
301.00000, 67.00000
302.00000, 64.00000
304.00000, 65.00000
308.00000, 67.00000
314.00000, 65.00000
317.00000, 64.00000
318.00000, 60.00000
320.00000, 62.00000
322.00000, 65.00000
324.00000, 65.00000
326.00000, 65.00000
328.00000, 64.00000
330.00000, 62.00000
332.00000, 64.00000
336.00000, 62.00000
380.00000, 70.00000
384.00000, 67.00000
388.00000, 70.00000
392.00000, 69.00000
395.00000, 67.00000
396.00000, 65.00000
402.00000, 65.00000
404.00000, 67.00000
406.00000, 67.00000
408.00000, 67.00000
410.00000, 69.00000
413.00000, 67.00000
414.00000, 67.00000
418.00000, 66.00000
420.00000, 67.00000
430.00000, 64.00000
432.00000, 65.00000
434.00000, 69.00000
437.00000, 67.00000
438.00000, 65.00000
439.00000, 64.00000
440.00000, 62.00000
454.00000, 69.00000
456.00000, 70.00000
459.00000, 69.00000
460.00000, 67.00000
462.00000, 65.00000
464.00000, 64.00000
468.00000, 62.00000
490.00000, 69.00000
492.00000, 70.00000
495.00000, 69.00000
496.00000, 67.00000
498.00000, 65.00000
500.00000, 64.00000
occurrence9
124.00000, 62.00000
146.00000, 69.00000
148.00000, 70.00000
151.00000, 69.00000
152.00000, 67.00000
154.00000, 65.00000
156.00000, 64.00000
160.00000, 62.00000
182.00000, 69.00000
184.00000, 70.00000
187.00000, 72.00000
188.00000, 74.00000
210.00000, 67.00000
212.00000, 67.00000
214.00000, 67.00000
216.00000, 65.00000
217.00000, 64.00000
218.00000, 62.00000
220.00000, 60.00000
222.00000, 67.00000
224.00000, 64.00000
226.00000, 67.00000
228.00000, 65.00000
229.00000, 64.00000
230.00000, 62.00000
232.00000, 60.00000
235.00000, 62.00000
236.00000, 64.00000
237.00000, 65.00000
238.00000, 67.00000
240.00000, 60.00000
241.00000, 62.00000
242.00000, 64.00000
243.00000, 65.00000
244.00000, 67.00000
245.00000, 69.00000
246.00000, 70.00000
249.00000, 69.00000
250.00000, 69.00000
254.00000, 67.00000
256.00000, 69.00000
262.00000, 64.00000
264.00000, 64.00000
274.00000, 64.00000
277.00000, 62.00000
278.00000, 59.00000
280.00000, 60.00000
282.00000, 62.00000
284.00000, 57.00000
286.00000, 69.00000
289.00000, 67.00000
290.00000, 69.00000
291.00000, 65.00000
292.00000, 67.00000
298.00000, 69.00000
301.00000, 67.00000
302.00000, 64.00000
304.00000, 65.00000
308.00000, 67.00000
314.00000, 65.00000
317.00000, 64.00000
318.00000, 60.00000
320.00000, 62.00000
322.00000, 65.00000
324.00000, 65.00000
326.00000, 65.00000
328.00000, 64.00000
330.00000, 62.00000
332.00000, 64.00000
336.00000, 62.00000
380.00000, 70.00000
384.00000, 67.00000
388.00000, 70.00000
392.00000, 69.00000
395.00000, 67.00000
396.00000, 65.00000
402.00000, 65.00000
404.00000, 67.00000
406.00000, 67.00000
408.00000, 67.00000
410.00000, 69.00000
413.00000, 67.00000
414.00000, 67.00000
418.00000, 66.00000
420.00000, 67.00000
430.00000, 64.00000
432.00000, 65.00000
434.00000, 69.00000
437.00000, 67.00000
438.00000, 65.00000
439.00000, 64.00000
440.00000, 62.00000
454.00000, 69.00000
456.00000, 70.00000
459.00000, 69.00000
460.00000, 67.00000
462.00000, 65.00000
464.00000, 64.00000
468.00000, 62.00000
490.00000, 69.00000
492.00000, 70.00000
495.00000, 69.00000
496.00000, 67.00000
498.00000, 65.00000
500.00000, 64.00000
504.00000, 62.00000
pattern2
occurrence1
60.00000, 67.00000
62.00000, 67.00000
64.00000, 67.00000
66.00000, 69.00000
69.00000, 67.00000
70.00000, 67.00000
74.00000, 66.00000
76.00000, 67.00000
86.00000, 64.00000
88.00000, 65.00000
90.00000, 69.00000
93.00000, 67.00000
94.00000, 65.00000
95.00000, 64.00000
96.00000, 62.00000
110.00000, 69.00000
112.00000, 70.00000
115.00000, 69.00000
116.00000, 67.00000
118.00000, 65.00000
120.00000, 64.00000
124.00000, 62.00000
146.00000, 69.00000
148.00000, 70.00000
151.00000, 69.00000
152.00000, 67.00000
occurrence2
292.00000, 67.00000
298.00000, 69.00000
301.00000, 67.00000
302.00000, 64.00000
304.00000, 65.00000
308.00000, 67.00000
314.00000, 65.00000
317.00000, 64.00000
318.00000, 60.00000
320.00000, 62.00000
322.00000, 65.00000
324.00000, 65.00000
326.00000, 65.00000
328.00000, 64.00000
330.00000, 62.00000
332.00000, 64.00000
336.00000, 62.00000
380.00000, 70.00000
384.00000, 67.00000
occurrence3
404.00000, 67.00000
406.00000, 67.00000
408.00000, 67.00000
410.00000, 69.00000
413.00000, 67.00000
414.00000, 67.00000
418.00000, 66.00000
420.00000, 67.00000
430.00000, 64.00000
432.00000, 65.00000
434.00000, 69.00000
437.00000, 67.00000
438.00000, 65.00000
439.00000, 64.00000
440.00000, 62.00000
454.00000, 69.00000
456.00000, 70.00000
459.00000, 69.00000
460.00000, 67.00000
462.00000, 65.00000
464.00000, 64.00000
468.00000, 62.00000
490.00000, 69.00000
492.00000, 70.00000
495.00000, 69.00000
496.00000, 67.00000
pattern3
occurrence1
66.00000, 69.00000
69.00000, 67.00000
70.00000, 67.00000
74.00000, 66.00000
76.00000, 67.00000
86.00000, 64.00000
88.00000, 65.00000
90.00000, 69.00000
93.00000, 67.00000
94.00000, 65.00000
95.00000, 64.00000
96.00000, 62.00000
110.00000, 69.00000
112.00000, 70.00000
115.00000, 69.00000
116.00000, 67.00000
118.00000, 65.00000
occurrence2
210.00000, 67.00000
212.00000, 67.00000
214.00000, 67.00000
216.00000, 65.00000
217.00000, 64.00000
218.00000, 62.00000
220.00000, 60.00000
222.00000, 67.00000
224.00000, 64.00000
226.00000, 67.00000
228.00000, 65.00000
229.00000, 64.00000
230.00000, 62.00000
232.00000, 60.00000
235.00000, 62.00000
236.00000, 64.00000
237.00000, 65.00000
238.00000, 67.00000
240.00000, 60.00000
241.00000, 62.00000
242.00000, 64.00000
243.00000, 65.00000
244.00000, 67.00000
245.00000, 69.00000
246.00000, 70.00000
249.00000, 69.00000
250.00000, 69.00000
254.00000, 67.00000
256.00000, 69.00000
262.00000, 64.00000
occurrence3
410.00000, 69.00000
413.00000, 67.00000
414.00000, 67.00000
418.00000, 66.00000
420.00000, 67.00000
430.00000, 64.00000
432.00000, 65.00000
434.00000, 69.00000
437.00000, 67.00000
438.00000, 65.00000
439.00000, 64.00000
440.00000, 62.00000
454.00000, 69.00000
456.00000, 70.00000
459.00000, 69.00000
460.00000, 67.00000
462.00000, 65.00000
pattern4
occurrence1
86.00000, 64.00000
88.00000, 65.00000
90.00000, 69.00000
93.00000, 67.00000
94.00000, 65.00000
95.00000, 64.00000
96.00000, 62.00000
110.00000, 69.00000
112.00000, 70.00000
115.00000, 69.00000
116.00000, 67.00000
118.00000, 65.00000
120.00000, 64.00000
occurrence2
430.00000, 64.00000
432.00000, 65.00000
434.00000, 69.00000
437.00000, 67.00000
438.00000, 65.00000
439.00000, 64.00000
440.00000, 62.00000
454.00000, 69.00000
456.00000, 70.00000
459.00000, 69.00000
460.00000, 67.00000
462.00000, 65.00000
464.00000, 64.00000
occurrence3
526.00000, 62.00000
528.00000, 64.00000
530.00000, 67.00000
533.00000, 65.00000
534.00000, 62.00000
536.00000, 60.00000
539.00000, 62.00000
540.00000, 64.00000
542.00000, 65.00000
546.00000, 60.00000
547.00000, 62.00000
548.00000, 64.00000
550.00000, 65.00000
553.00000, 64.00000
554.00000, 62.00000
558.00000, 61.00000
560.00000, 62.00000
pattern5
occurrence1
44.00000, 70.00000
48.00000, 69.00000
51.00000, 67.00000
52.00000, 65.00000
58.00000, 65.00000
60.00000, 67.00000
62.00000, 67.00000
64.00000, 67.00000
66.00000, 69.00000
69.00000, 67.00000
70.00000, 67.00000
74.00000, 66.00000
76.00000, 67.00000
86.00000, 64.00000
88.00000, 65.00000
90.00000, 69.00000
93.00000, 67.00000
94.00000, 65.00000
95.00000, 64.00000
96.00000, 62.00000
110.00000, 69.00000
112.00000, 70.00000
115.00000, 69.00000
116.00000, 67.00000
118.00000, 65.00000
120.00000, 64.00000
124.00000, 62.00000
146.00000, 69.00000
148.00000, 70.00000
151.00000, 69.00000
152.00000, 67.00000
154.00000, 65.00000
occurrence2
210.00000, 67.00000
212.00000, 67.00000
214.00000, 67.00000
216.00000, 65.00000
217.00000, 64.00000
218.00000, 62.00000
220.00000, 60.00000
222.00000, 67.00000
224.00000, 64.00000
226.00000, 67.00000
228.00000, 65.00000
229.00000, 64.00000
230.00000, 62.00000
232.00000, 60.00000
235.00000, 62.00000
236.00000, 64.00000
237.00000, 65.00000
238.00000, 67.00000
240.00000, 60.00000
241.00000, 62.00000
242.00000, 64.00000
243.00000, 65.00000
244.00000, 67.00000
245.00000, 69.00000
246.00000, 70.00000
249.00000, 69.00000
250.00000, 69.00000
254.00000, 67.00000
256.00000, 69.00000
262.00000, 64.00000
264.00000, 64.00000
274.00000, 64.00000
277.00000, 62.00000
278.00000, 59.00000
280.00000, 60.00000
282.00000, 62.00000
284.00000, 57.00000
286.00000, 69.00000
289.00000, 67.00000
290.00000, 69.00000
291.00000, 65.00000
292.00000, 67.00000
298.00000, 69.00000
301.00000, 67.00000
302.00000, 64.00000
304.00000, 65.00000
308.00000, 67.00000
314.00000, 65.00000
317.00000, 64.00000
318.00000, 60.00000
320.00000, 62.00000
occurrence3
388.00000, 70.00000
392.00000, 69.00000
395.00000, 67.00000
396.00000, 65.00000
402.00000, 65.00000
404.00000, 67.00000
406.00000, 67.00000
408.00000, 67.00000
410.00000, 69.00000
413.00000, 67.00000
414.00000, 67.00000
418.00000, 66.00000
420.00000, 67.00000
430.00000, 64.00000
432.00000, 65.00000
434.00000, 69.00000
437.00000, 67.00000
438.00000, 65.00000
439.00000, 64.00000
440.00000, 62.00000
454.00000, 69.00000
456.00000, 70.00000
459.00000, 69.00000
460.00000, 67.00000
462.00000, 65.00000
464.00000, 64.00000
468.00000, 62.00000
490.00000, 69.00000
492.00000, 70.00000
495.00000, 69.00000
496.00000, 67.00000
498.00000, 65.00000
pattern6
occurrence1
74.00000, 66.00000
76.00000, 67.00000
86.00000, 64.00000
88.00000, 65.00000
90.00000, 69.00000
93.00000, 67.00000
94.00000, 65.00000
occurrence2
418.00000, 66.00000
420.00000, 67.00000
430.00000, 64.00000
432.00000, 65.00000
434.00000, 69.00000
437.00000, 67.00000
438.00000, 65.00000
occurrence3
534.00000, 62.00000
536.00000, 60.00000
539.00000, 62.00000
540.00000, 64.00000
542.00000, 65.00000
546.00000, 60.00000
547.00000, 62.00000
548.00000, 64.00000
550.00000, 65.00000
553.00000, 64.00000
554.00000, 62.00000
pattern7
occurrence1
48.00000, 69.00000
51.00000, 67.00000
52.00000, 65.00000
58.00000, 65.00000
60.00000, 67.00000
62.00000, 67.00000
64.00000, 67.00000
66.00000, 69.00000
69.00000, 67.00000
70.00000, 67.00000
74.00000, 66.00000
76.00000, 67.00000
86.00000, 64.00000
88.00000, 65.00000
90.00000, 69.00000
93.00000, 67.00000
94.00000, 65.00000
95.00000, 64.00000
96.00000, 62.00000
110.00000, 69.00000
112.00000, 70.00000
115.00000, 69.00000
116.00000, 67.00000
118.00000, 65.00000
120.00000, 64.00000
124.00000, 62.00000
146.00000, 69.00000
148.00000, 70.00000
occurrence2
314.00000, 65.00000
317.00000, 64.00000
318.00000, 60.00000
320.00000, 62.00000
322.00000, 65.00000
324.00000, 65.00000
326.00000, 65.00000
328.00000, 64.00000
330.00000, 62.00000
332.00000, 64.00000
336.00000, 62.00000
380.00000, 70.00000
384.00000, 67.00000
388.00000, 70.00000
392.00000, 69.00000
395.00000, 67.00000
396.00000, 65.00000
402.00000, 65.00000
404.00000, 67.00000
406.00000, 67.00000
408.00000, 67.00000
410.00000, 69.00000
413.00000, 67.00000
414.00000, 67.00000
occurrence3
392.00000, 69.00000
395.00000, 67.00000
396.00000, 65.00000
402.00000, 65.00000
404.00000, 67.00000
406.00000, 67.00000
408.00000, 67.00000
410.00000, 69.00000
413.00000, 67.00000
414.00000, 67.00000
418.00000, 66.00000
420.00000, 67.00000
430.00000, 64.00000
432.00000, 65.00000
434.00000, 69.00000
437.00000, 67.00000
438.00000, 65.00000
439.00000, 64.00000
440.00000, 62.00000
454.00000, 69.00000
456.00000, 70.00000
459.00000, 69.00000
460.00000, 67.00000
462.00000, 65.00000
464.00000, 64.00000
468.00000, 62.00000
490.00000, 69.00000
492.00000, 70.00000
pattern8
occurrence1
64.00000, 67.00000
66.00000, 69.00000
69.00000, 67.00000
70.00000, 67.00000
74.00000, 66.00000
76.00000, 67.00000
86.00000, 64.00000
88.00000, 65.00000
90.00000, 69.00000
93.00000, 67.00000
94.00000, 65.00000
95.00000, 64.00000
96.00000, 62.00000
110.00000, 69.00000
112.00000, 70.00000
115.00000, 69.00000
116.00000, 67.00000
118.00000, 65.00000
120.00000, 64.00000
124.00000, 62.00000
146.00000, 69.00000
148.00000, 70.00000
151.00000, 69.00000
152.00000, 67.00000
154.00000, 65.00000
156.00000, 64.00000
160.00000, 62.00000
182.00000, 69.00000
184.00000, 70.00000
187.00000, 72.00000
188.00000, 74.00000
occurrence2
278.00000, 59.00000
280.00000, 60.00000
282.00000, 62.00000
284.00000, 57.00000
286.00000, 69.00000
289.00000, 67.00000
290.00000, 69.00000
291.00000, 65.00000
292.00000, 67.00000
298.00000, 69.00000
301.00000, 67.00000
302.00000, 64.00000
304.00000, 65.00000
308.00000, 67.00000
314.00000, 65.00000
317.00000, 64.00000
318.00000, 60.00000
320.00000, 62.00000
322.00000, 65.00000
324.00000, 65.00000
326.00000, 65.00000
328.00000, 64.00000
330.00000, 62.00000
332.00000, 64.00000
336.00000, 62.00000
380.00000, 70.00000
384.00000, 67.00000
388.00000, 70.00000
392.00000, 69.00000
395.00000, 67.00000
396.00000, 65.00000
402.00000, 65.00000
occurrence3
280.00000, 60.00000
282.00000, 62.00000
284.00000, 57.00000
286.00000, 69.00000
289.00000, 67.00000
290.00000, 69.00000
291.00000, 65.00000
292.00000, 67.00000
298.00000, 69.00000
301.00000, 67.00000
302.00000, 64.00000
304.00000, 65.00000
308.00000, 67.00000
314.00000, 65.00000
317.00000, 64.00000
318.00000, 60.00000
320.00000, 62.00000
322.00000, 65.00000
324.00000, 65.00000
326.00000, 65.00000
328.00000, 64.00000
330.00000, 62.00000
332.00000, 64.00000
336.00000, 62.00000
380.00000, 70.00000
384.00000, 67.00000
388.00000, 70.00000
392.00000, 69.00000
395.00000, 67.00000
396.00000, 65.00000
402.00000, 65.00000
404.00000, 67.00000
occurrence4
330.00000, 62.00000
332.00000, 64.00000
336.00000, 62.00000
380.00000, 70.00000
384.00000, 67.00000
388.00000, 70.00000
392.00000, 69.00000
395.00000, 67.00000
396.00000, 65.00000
402.00000, 65.00000
404.00000, 67.00000
406.00000, 67.00000
408.00000, 67.00000
410.00000, 69.00000
413.00000, 67.00000
414.00000, 67.00000
418.00000, 66.00000
420.00000, 67.00000
430.00000, 64.00000
432.00000, 65.00000
434.00000, 69.00000
437.00000, 67.00000
438.00000, 65.00000
439.00000, 64.00000
440.00000, 62.00000
454.00000, 69.00000
pattern9
occurrence1
214.00000, 67.00000
216.00000, 65.00000
217.00000, 64.00000
218.00000, 62.00000
occurrence2
216.00000, 65.00000
217.00000, 64.00000
218.00000, 62.00000
220.00000, 60.00000
occurrence3
226.00000, 67.00000
228.00000, 65.00000
229.00000, 64.00000
230.00000, 62.00000
occurrence4
228.00000, 65.00000
229.00000, 64.00000
230.00000, 62.00000
232.00000, 60.00000
occurrence5
274.00000, 64.00000
277.00000, 62.00000
278.00000, 59.00000
occurrence6
298.00000, 69.00000
301.00000, 67.00000
302.00000, 64.00000
occurrence7
314.00000, 65.00000
317.00000, 64.00000
318.00000, 60.00000
occurrence8
530.00000, 67.00000
533.00000, 65.00000
534.00000, 62.00000
occurrence9
542.00000, 65.00000
546.00000, 60.00000
pattern10
occurrence1
235.00000, 62.00000
236.00000, 64.00000
237.00000, 65.00000
238.00000, 67.00000
240.00000, 60.00000
241.00000, 62.00000
242.00000, 64.00000
occurrence2
236.00000, 64.00000
237.00000, 65.00000
238.00000, 67.00000
240.00000, 60.00000
241.00000, 62.00000
242.00000, 64.00000
243.00000, 65.00000
occurrence3
237.00000, 65.00000
238.00000, 67.00000
240.00000, 60.00000
241.00000, 62.00000
242.00000, 64.00000
243.00000, 65.00000
244.00000, 67.00000
occurrence4
238.00000, 67.00000
240.00000, 60.00000
241.00000, 62.00000
242.00000, 64.00000
243.00000, 65.00000
244.00000, 67.00000
245.00000, 69.00000
occurrence5
317.00000, 64.00000
318.00000, 60.00000
320.00000, 62.00000
322.00000, 65.00000
324.00000, 65.00000
pattern11
occurrence1
38.00000, 70.00000
42.00000, 67.00000
44.00000, 70.00000
48.00000, 69.00000
51.00000, 67.00000
52.00000, 65.00000
58.00000, 65.00000
60.00000, 67.00000
62.00000, 67.00000
64.00000, 67.00000
66.00000, 69.00000
69.00000, 67.00000
70.00000, 67.00000
74.00000, 66.00000
76.00000, 67.00000
86.00000, 64.00000
88.00000, 65.00000
90.00000, 69.00000
93.00000, 67.00000
94.00000, 65.00000
95.00000, 64.00000
96.00000, 62.00000
110.00000, 69.00000
112.00000, 70.00000
115.00000, 69.00000
116.00000, 67.00000
118.00000, 65.00000
120.00000, 64.00000
124.00000, 62.00000
146.00000, 69.00000
148.00000, 70.00000
151.00000, 69.00000
152.00000, 67.00000
154.00000, 65.00000
156.00000, 64.00000
160.00000, 62.00000
182.00000, 69.00000
184.00000, 70.00000
187.00000, 72.00000
188.00000, 74.00000
210.00000, 67.00000
212.00000, 67.00000
214.00000, 67.00000
216.00000, 65.00000
217.00000, 64.00000
218.00000, 62.00000
220.00000, 60.00000
222.00000, 67.00000
224.00000, 64.00000
226.00000, 67.00000
228.00000, 65.00000
229.00000, 64.00000
230.00000, 62.00000
232.00000, 60.00000
235.00000, 62.00000
236.00000, 64.00000
237.00000, 65.00000
238.00000, 67.00000
240.00000, 60.00000
241.00000, 62.00000
242.00000, 64.00000
243.00000, 65.00000
244.00000, 67.00000
245.00000, 69.00000
246.00000, 70.00000
249.00000, 69.00000
250.00000, 69.00000
254.00000, 67.00000
256.00000, 69.00000
262.00000, 64.00000
264.00000, 64.00000
274.00000, 64.00000
277.00000, 62.00000
278.00000, 59.00000
280.00000, 60.00000
282.00000, 62.00000
284.00000, 57.00000
286.00000, 69.00000
289.00000, 67.00000
290.00000, 69.00000
291.00000, 65.00000
292.00000, 67.00000
298.00000, 69.00000
301.00000, 67.00000
302.00000, 64.00000
304.00000, 65.00000
308.00000, 67.00000
314.00000, 65.00000
317.00000, 64.00000
318.00000, 60.00000
320.00000, 62.00000
322.00000, 65.00000
324.00000, 65.00000
326.00000, 65.00000
328.00000, 64.00000
330.00000, 62.00000
332.00000, 64.00000
336.00000, 62.00000
380.00000, 70.00000
384.00000, 67.00000
388.00000, 70.00000
392.00000, 69.00000
395.00000, 67.00000
396.00000, 65.00000
402.00000, 65.00000
404.00000, 67.00000
406.00000, 67.00000
408.00000, 67.00000
410.00000, 69.00000
413.00000, 67.00000
414.00000, 67.00000
418.00000, 66.00000
420.00000, 67.00000
430.00000, 64.00000
432.00000, 65.00000
434.00000, 69.00000
437.00000, 67.00000
438.00000, 65.00000
439.00000, 64.00000
440.00000, 62.00000
454.00000, 69.00000
456.00000, 70.00000
459.00000, 69.00000
460.00000, 67.00000
462.00000, 65.00000
464.00000, 64.00000
468.00000, 62.00000
490.00000, 69.00000
492.00000, 70.00000
495.00000, 69.00000
496.00000, 67.00000
498.00000, 65.00000
500.00000, 64.00000
504.00000, 62.00000
526.00000, 62.00000
528.00000, 64.00000
530.00000, 67.00000
533.00000, 65.00000
534.00000, 62.00000
536.00000, 60.00000
539.00000, 62.00000
540.00000, 64.00000
542.00000, 65.00000
546.00000, 60.00000
547.00000, 62.00000
548.00000, 64.00000
550.00000, 65.00000
553.00000, 64.00000
554.00000, 62.00000
558.00000, 61.00000
