pattern1
occurrence1
18.00000, 64.00000
19.00000, 62.00000
20.00000, 64.00000
24.00000, 62.00000
occurrence2
270.00000, 67.00000
271.00000, 65.00000
272.00000, 67.00000
276.00000, 65.00000
occurrence3
366.00000, 69.00000
367.00000, 67.00000
368.00000, 69.00000
370.00000, 70.00000
372.00000, 67.00000
occurrence4
378.00000, 70.00000
379.00000, 69.00000
380.00000, 70.00000
382.00000, 72.00000
384.00000, 69.00000
occurrence5
390.00000, 67.00000
391.00000, 65.00000
392.00000, 67.00000
394.00000, 69.00000
396.00000, 65.00000
occurrence6
426.00000, 67.00000
427.00000, 65.00000
428.00000, 67.00000
432.00000, 65.00000
occurrence7
754.00000, 64.00000
755.00000, 62.00000
756.00000, 64.00000
760.00000, 62.00000
occurrence8
1178.00000, 64.00000
1179.00000, 62.00000
1180.00000, 64.00000
1184.00000, 62.00000
occurrence9
1218.00000, 67.00000
1219.00000, 65.00000
1220.00000, 67.00000
1224.00000, 65.00000
pattern2
occurrence1
28.00000, 69.00000
30.00000, 70.00000
33.00000, 69.00000
34.00000, 69.00000
35.00000, 67.00000
36.00000, 65.00000
occurrence2
48.00000, 67.00000
50.00000, 69.00000
54.00000, 67.00000
55.00000, 65.00000
56.00000, 64.00000
occurrence3
292.00000, 69.00000
294.00000, 69.00000
296.00000, 70.00000
298.00000, 69.00000
299.00000, 67.00000
300.00000, 65.00000
occurrence4
680.00000, 62.00000
682.00000, 65.00000
685.00000, 64.00000
686.00000, 62.00000
687.00000, 60.00000
688.00000, 58.00000
occurrence5
1124.00000, 69.00000
1126.00000, 70.00000
1130.00000, 69.00000
1131.00000, 67.00000
1132.00000, 65.00000
occurrence6
1210.00000, 70.00000
1214.00000, 70.00000
1216.00000, 70.00000
1217.00000, 69.00000
1218.00000, 67.00000
pattern3
occurrence1
260.00000, 67.00000
262.00000, 69.00000
264.00000, 72.00000
267.00000, 70.00000
268.00000, 69.00000
270.00000, 67.00000
271.00000, 65.00000
272.00000, 67.00000
occurrence2
414.00000, 67.00000
416.00000, 69.00000
418.00000, 72.00000
420.00000, 70.00000
422.00000, 69.00000
426.00000, 67.00000
occurrence3
898.00000, 60.00000
900.00000, 62.00000
902.00000, 65.00000
904.00000, 64.00000
906.00000, 62.00000
910.00000, 60.00000
occurrence4
1062.00000, 67.00000
1064.00000, 69.00000
1066.00000, 72.00000
1069.00000, 70.00000
1070.00000, 69.00000
1071.00000, 67.00000
1072.00000, 69.00000
1074.00000, 67.00000
pattern4
occurrence1
56.00000, 64.00000
57.00000, 62.00000
58.00000, 65.00000
60.00000, 64.00000
62.00000, 69.00000
66.00000, 67.00000
occurrence2
770.00000, 60.00000
772.00000, 62.00000
775.00000, 63.00000
776.00000, 65.00000
778.00000, 67.00000
780.00000, 63.00000
occurrence3
794.00000, 60.00000
796.00000, 62.00000
799.00000, 63.00000
800.00000, 65.00000
802.00000, 67.00000
804.00000, 63.00000
occurrence4
1120.00000, 65.00000
1122.00000, 67.00000
1124.00000, 69.00000
1126.00000, 70.00000
1130.00000, 69.00000
occurrence5
1190.00000, 58.00000
1192.00000, 60.00000
1194.00000, 62.00000
1196.00000, 63.00000
1200.00000, 62.00000
pattern5
occurrence1
50.00000, 69.00000
54.00000, 67.00000
55.00000, 65.00000
56.00000, 64.00000
57.00000, 62.00000
58.00000, 65.00000
60.00000, 64.00000
62.00000, 69.00000
66.00000, 67.00000
occurrence2
54.00000, 67.00000
55.00000, 65.00000
56.00000, 64.00000
57.00000, 62.00000
58.00000, 65.00000
60.00000, 64.00000
62.00000, 69.00000
66.00000, 67.00000
70.00000, 66.00000
occurrence3
878.00000, 64.00000
882.00000, 62.00000
883.00000, 60.00000
884.00000, 62.00000
886.00000, 64.00000
888.00000, 65.00000
890.00000, 64.00000
894.00000, 62.00000
occurrence4
894.00000, 62.00000
898.00000, 60.00000
900.00000, 62.00000
902.00000, 65.00000
904.00000, 64.00000
906.00000, 62.00000
910.00000, 60.00000
occurrence5
1048.00000, 70.00000
1052.00000, 69.00000
1058.00000, 69.00000
1060.00000, 70.00000
1062.00000, 67.00000
1064.00000, 69.00000
occurrence6
1058.00000, 69.00000
1060.00000, 70.00000
1062.00000, 67.00000
1064.00000, 69.00000
1066.00000, 72.00000
1069.00000, 70.00000
1070.00000, 69.00000
1071.00000, 67.00000
1072.00000, 69.00000
1074.00000, 67.00000
pattern6
occurrence1
20.00000, 64.00000
24.00000, 62.00000
26.00000, 69.00000
28.00000, 69.00000
30.00000, 70.00000
33.00000, 69.00000
34.00000, 69.00000
35.00000, 67.00000
36.00000, 65.00000
42.00000, 72.00000
46.00000, 70.00000
48.00000, 67.00000
50.00000, 69.00000
54.00000, 67.00000
55.00000, 65.00000
56.00000, 64.00000
57.00000, 62.00000
58.00000, 65.00000
60.00000, 64.00000
62.00000, 69.00000
66.00000, 67.00000
70.00000, 66.00000
72.00000, 67.00000
occurrence2
448.00000, 65.00000
452.00000, 64.00000
456.00000, 62.00000
462.00000, 62.00000
466.00000, 62.00000
468.00000, 64.00000
474.00000, 60.00000
476.00000, 60.00000
482.00000, 65.00000
486.00000, 64.00000
487.00000, 62.00000
488.00000, 65.00000
489.00000, 67.00000
490.00000, 69.00000
491.00000, 70.00000
492.00000, 69.00000
494.00000, 65.00000
498.00000, 67.00000
500.00000, 69.00000
occurrence3
1074.00000, 67.00000
1078.00000, 66.00000
1080.00000, 67.00000
1116.00000, 67.00000
1120.00000, 65.00000
1122.00000, 67.00000
1124.00000, 69.00000
1126.00000, 70.00000
occurrence4
1196.00000, 63.00000
1200.00000, 62.00000
1202.00000, 67.00000
1206.00000, 65.00000
1208.00000, 67.00000
1210.00000, 70.00000
1214.00000, 70.00000
1216.00000, 70.00000
1217.00000, 69.00000
1218.00000, 67.00000
1219.00000, 65.00000
1220.00000, 67.00000
1224.00000, 65.00000
1226.00000, 62.00000
1229.00000, 64.00000
1230.00000, 65.00000
1232.00000, 60.00000
1233.00000, 62.00000
1234.00000, 64.00000
1235.00000, 65.00000
1236.00000, 67.00000
1238.00000, 64.00000
1240.00000, 62.00000
1242.00000, 67.00000
1246.00000, 66.00000
1248.00000, 67.00000
pattern7
occurrence1
400.00000, 62.00000
401.00000, 64.00000
402.00000, 65.00000
403.00000, 67.00000
occurrence2
488.00000, 65.00000
489.00000, 67.00000
490.00000, 69.00000
491.00000, 70.00000
occurrence3
537.00000, 64.00000
538.00000, 65.00000
539.00000, 67.00000
540.00000, 69.00000
occurrence4
1232.00000, 60.00000
1233.00000, 62.00000
1234.00000, 64.00000
1235.00000, 65.00000
occurrence5
1233.00000, 62.00000
1234.00000, 64.00000
1235.00000, 65.00000
1236.00000, 67.00000
pattern8
occurrence1
26.00000, 69.00000
28.00000, 69.00000
30.00000, 70.00000
33.00000, 69.00000
34.00000, 69.00000
35.00000, 67.00000
36.00000, 65.00000
42.00000, 72.00000
46.00000, 70.00000
occurrence2
292.00000, 69.00000
294.00000, 69.00000
296.00000, 70.00000
298.00000, 69.00000
299.00000, 67.00000
300.00000, 65.00000
302.00000, 69.00000
306.00000, 65.00000
308.00000, 67.00000
310.00000, 69.00000
312.00000, 70.00000
occurrence3
792.00000, 60.00000
794.00000, 60.00000
796.00000, 62.00000
799.00000, 63.00000
800.00000, 65.00000
802.00000, 67.00000
804.00000, 63.00000
808.00000, 62.00000
812.00000, 62.00000
pattern9
occurrence1
378.00000, 70.00000
379.00000, 69.00000
380.00000, 70.00000
382.00000, 72.00000
384.00000, 69.00000
390.00000, 67.00000
391.00000, 65.00000
392.00000, 67.00000
394.00000, 69.00000
396.00000, 65.00000
399.00000, 64.00000
400.00000, 62.00000
401.00000, 64.00000
402.00000, 65.00000
403.00000, 67.00000
404.00000, 64.00000
406.00000, 62.00000
410.00000, 70.00000
414.00000, 67.00000
416.00000, 69.00000
418.00000, 72.00000
420.00000, 70.00000
422.00000, 69.00000
426.00000, 67.00000
427.00000, 65.00000
428.00000, 67.00000
432.00000, 65.00000
440.00000, 65.00000
446.00000, 65.00000
448.00000, 65.00000
452.00000, 64.00000
456.00000, 62.00000
462.00000, 62.00000
466.00000, 62.00000
468.00000, 64.00000
474.00000, 60.00000
476.00000, 60.00000
482.00000, 65.00000
486.00000, 64.00000
487.00000, 62.00000
488.00000, 65.00000
489.00000, 67.00000
490.00000, 69.00000
491.00000, 70.00000
492.00000, 69.00000
494.00000, 65.00000
498.00000, 67.00000
500.00000, 69.00000
502.00000, 72.00000
506.00000, 70.00000
509.00000, 69.00000
510.00000, 67.00000
514.00000, 65.00000
516.00000, 67.00000
518.00000, 62.00000
520.00000, 67.00000
530.00000, 65.00000
532.00000, 67.00000
534.00000, 62.00000
537.00000, 64.00000
538.00000, 65.00000
539.00000, 67.00000
540.00000, 69.00000
544.00000, 62.00000
564.00000, 62.00000
664.00000, 65.00000
672.00000, 65.00000
676.00000, 65.00000
680.00000, 62.00000
682.00000, 65.00000
685.00000, 64.00000
686.00000, 62.00000
687.00000, 60.00000
688.00000, 58.00000
694.00000, 69.00000
696.00000, 70.00000
occurrence2
474.00000, 60.00000
476.00000, 60.00000
482.00000, 65.00000
486.00000, 64.00000
487.00000, 62.00000
488.00000, 65.00000
489.00000, 67.00000
490.00000, 69.00000
491.00000, 70.00000
492.00000, 69.00000
494.00000, 65.00000
498.00000, 67.00000
500.00000, 69.00000
502.00000, 72.00000
506.00000, 70.00000
509.00000, 69.00000
510.00000, 67.00000
514.00000, 65.00000
516.00000, 67.00000
518.00000, 62.00000
520.00000, 67.00000
530.00000, 65.00000
532.00000, 67.00000
534.00000, 62.00000
537.00000, 64.00000
538.00000, 65.00000
539.00000, 67.00000
540.00000, 69.00000
544.00000, 62.00000
564.00000, 62.00000
664.00000, 65.00000
672.00000, 65.00000
676.00000, 65.00000
680.00000, 62.00000
682.00000, 65.00000
685.00000, 64.00000
686.00000, 62.00000
687.00000, 60.00000
688.00000, 58.00000
694.00000, 69.00000
696.00000, 70.00000
699.00000, 69.00000
700.00000, 70.00000
701.00000, 69.00000
702.00000, 67.00000
703.00000, 65.00000
704.00000, 67.00000
706.00000, 72.00000
710.00000, 70.00000
714.00000, 69.00000
716.00000, 70.00000
720.00000, 69.00000
726.00000, 69.00000
728.00000, 69.00000
732.00000, 69.00000
736.00000, 69.00000
740.00000, 69.00000
744.00000, 70.00000
748.00000, 69.00000
750.00000, 67.00000
753.00000, 65.00000
754.00000, 64.00000
755.00000, 62.00000
756.00000, 64.00000
760.00000, 62.00000
770.00000, 60.00000
772.00000, 62.00000
775.00000, 63.00000
776.00000, 65.00000
778.00000, 67.00000
780.00000, 63.00000
784.00000, 62.00000
790.00000, 58.00000
792.00000, 60.00000
occurrence3
726.00000, 69.00000
728.00000, 69.00000
732.00000, 69.00000
736.00000, 69.00000
740.00000, 69.00000
744.00000, 70.00000
748.00000, 69.00000
750.00000, 67.00000
753.00000, 65.00000
754.00000, 64.00000
755.00000, 62.00000
756.00000, 64.00000
760.00000, 62.00000
770.00000, 60.00000
772.00000, 62.00000
775.00000, 63.00000
776.00000, 65.00000
778.00000, 67.00000
780.00000, 63.00000
784.00000, 62.00000
790.00000, 58.00000
792.00000, 60.00000
794.00000, 60.00000
796.00000, 62.00000
799.00000, 63.00000
800.00000, 65.00000
802.00000, 67.00000
804.00000, 63.00000
808.00000, 62.00000
812.00000, 62.00000
816.00000, 65.00000
824.00000, 65.00000
836.00000, 65.00000
840.00000, 65.00000
844.00000, 65.00000
848.00000, 65.00000
856.00000, 65.00000
864.00000, 67.00000
872.00000, 67.00000
876.00000, 64.00000
878.00000, 64.00000
882.00000, 62.00000
883.00000, 60.00000
884.00000, 62.00000
886.00000, 64.00000
888.00000, 65.00000
890.00000, 64.00000
894.00000, 62.00000
898.00000, 60.00000
900.00000, 62.00000
902.00000, 65.00000
904.00000, 64.00000
906.00000, 62.00000
910.00000, 60.00000
911.00000, 58.00000
912.00000, 57.00000
964.00000, 69.00000
968.00000, 70.00000
974.00000, 70.00000
976.00000, 67.00000
978.00000, 67.00000
980.00000, 72.00000
986.00000, 70.00000
987.00000, 69.00000
988.00000, 69.00000
992.00000, 70.00000
994.00000, 69.00000
998.00000, 67.00000
999.00000, 65.00000
1000.00000, 69.00000
1002.00000, 67.00000
1003.00000, 65.00000
1004.00000, 64.00000
1006.00000, 69.00000
1010.00000, 65.00000
1014.00000, 62.00000
1016.00000, 62.00000
1026.00000, 74.00000
1028.00000, 74.00000
1030.00000, 74.00000
1033.00000, 72.00000
1034.00000, 70.00000
1035.00000, 69.00000
1036.00000, 67.00000
1042.00000, 67.00000
1044.00000, 69.00000
pattern10
occurrence1
240.00000, 74.00000
246.00000, 74.00000
248.00000, 74.00000
250.00000, 74.00000
252.00000, 72.00000
254.00000, 69.00000
258.00000, 67.00000
259.00000, 65.00000
260.00000, 67.00000
262.00000, 69.00000
264.00000, 72.00000
267.00000, 70.00000
268.00000, 69.00000
occurrence2
726.00000, 69.00000
728.00000, 69.00000
732.00000, 69.00000
736.00000, 69.00000
740.00000, 69.00000
744.00000, 70.00000
748.00000, 69.00000
750.00000, 67.00000
753.00000, 65.00000
754.00000, 64.00000
occurrence3
884.00000, 62.00000
886.00000, 64.00000
888.00000, 65.00000
890.00000, 64.00000
894.00000, 62.00000
898.00000, 60.00000
900.00000, 62.00000
902.00000, 65.00000
904.00000, 64.00000
906.00000, 62.00000
910.00000, 60.00000
911.00000, 58.00000
912.00000, 57.00000
pattern11
occurrence1
11.00000, 69.00000
12.00000, 67.00000
14.00000, 65.00000
18.00000, 64.00000
19.00000, 62.00000
20.00000, 64.00000
24.00000, 62.00000
26.00000, 69.00000
28.00000, 69.00000
30.00000, 70.00000
33.00000, 69.00000
34.00000, 69.00000
35.00000, 67.00000
36.00000, 65.00000
42.00000, 72.00000
46.00000, 70.00000
48.00000, 67.00000
50.00000, 69.00000
54.00000, 67.00000
55.00000, 65.00000
56.00000, 64.00000
57.00000, 62.00000
58.00000, 65.00000
60.00000, 64.00000
62.00000, 69.00000
66.00000, 67.00000
70.00000, 66.00000
72.00000, 67.00000
200.00000, 67.00000
occurrence2
35.00000, 67.00000
36.00000, 65.00000
42.00000, 72.00000
46.00000, 70.00000
48.00000, 67.00000
50.00000, 69.00000
54.00000, 67.00000
55.00000, 65.00000
56.00000, 64.00000
57.00000, 62.00000
58.00000, 65.00000
60.00000, 64.00000
62.00000, 69.00000
66.00000, 67.00000
70.00000, 66.00000
72.00000, 67.00000
200.00000, 67.00000
204.00000, 67.00000
206.00000, 67.00000
210.00000, 65.00000
211.00000, 64.00000
212.00000, 62.00000
216.00000, 64.00000
218.00000, 62.00000
220.00000, 67.00000
224.00000, 65.00000
occurrence3
210.00000, 65.00000
211.00000, 64.00000
212.00000, 62.00000
216.00000, 64.00000
218.00000, 62.00000
220.00000, 67.00000
224.00000, 65.00000
226.00000, 65.00000
228.00000, 70.00000
230.00000, 70.00000
232.00000, 72.00000
240.00000, 74.00000
246.00000, 74.00000
248.00000, 74.00000
250.00000, 74.00000
252.00000, 72.00000
254.00000, 69.00000
258.00000, 67.00000
259.00000, 65.00000
260.00000, 67.00000
262.00000, 69.00000
264.00000, 72.00000
267.00000, 70.00000
268.00000, 69.00000
270.00000, 67.00000
271.00000, 65.00000
272.00000, 67.00000
276.00000, 65.00000
290.00000, 69.00000
292.00000, 69.00000
294.00000, 69.00000
296.00000, 70.00000
298.00000, 69.00000
299.00000, 67.00000
300.00000, 65.00000
302.00000, 69.00000
306.00000, 65.00000
308.00000, 67.00000
310.00000, 69.00000
312.00000, 70.00000
314.00000, 69.00000
315.00000, 67.00000
316.00000, 65.00000
318.00000, 62.00000
320.00000, 60.00000
324.00000, 58.00000
360.00000, 70.00000
366.00000, 69.00000
367.00000, 67.00000
368.00000, 69.00000
370.00000, 70.00000
372.00000, 67.00000
374.00000, 72.00000
376.00000, 72.00000
378.00000, 70.00000
379.00000, 69.00000
380.00000, 70.00000
382.00000, 72.00000
384.00000, 69.00000
390.00000, 67.00000
391.00000, 65.00000
392.00000, 67.00000
394.00000, 69.00000
396.00000, 65.00000
399.00000, 64.00000
occurrence4
211.00000, 64.00000
212.00000, 62.00000
216.00000, 64.00000
218.00000, 62.00000
220.00000, 67.00000
224.00000, 65.00000
226.00000, 65.00000
228.00000, 70.00000
230.00000, 70.00000
232.00000, 72.00000
240.00000, 74.00000
246.00000, 74.00000
248.00000, 74.00000
250.00000, 74.00000
252.00000, 72.00000
254.00000, 69.00000
258.00000, 67.00000
259.00000, 65.00000
260.00000, 67.00000
262.00000, 69.00000
264.00000, 72.00000
267.00000, 70.00000
268.00000, 69.00000
270.00000, 67.00000
271.00000, 65.00000
272.00000, 67.00000
276.00000, 65.00000
290.00000, 69.00000
292.00000, 69.00000
294.00000, 69.00000
296.00000, 70.00000
298.00000, 69.00000
299.00000, 67.00000
300.00000, 65.00000
302.00000, 69.00000
306.00000, 65.00000
308.00000, 67.00000
310.00000, 69.00000
312.00000, 70.00000
314.00000, 69.00000
315.00000, 67.00000
316.00000, 65.00000
318.00000, 62.00000
320.00000, 60.00000
324.00000, 58.00000
360.00000, 70.00000
366.00000, 69.00000
367.00000, 67.00000
368.00000, 69.00000
370.00000, 70.00000
372.00000, 67.00000
374.00000, 72.00000
376.00000, 72.00000
378.00000, 70.00000
379.00000, 69.00000
380.00000, 70.00000
382.00000, 72.00000
384.00000, 69.00000
390.00000, 67.00000
391.00000, 65.00000
392.00000, 67.00000
394.00000, 69.00000
396.00000, 65.00000
399.00000, 64.00000
400.00000, 62.00000
occurrence5
299.00000, 67.00000
300.00000, 65.00000
302.00000, 69.00000
306.00000, 65.00000
308.00000, 67.00000
310.00000, 69.00000
312.00000, 70.00000
314.00000, 69.00000
315.00000, 67.00000
316.00000, 65.00000
318.00000, 62.00000
320.00000, 60.00000
324.00000, 58.00000
360.00000, 70.00000
366.00000, 69.00000
367.00000, 67.00000
368.00000, 69.00000
370.00000, 70.00000
372.00000, 67.00000
374.00000, 72.00000
376.00000, 72.00000
378.00000, 70.00000
379.00000, 69.00000
380.00000, 70.00000
382.00000, 72.00000
384.00000, 69.00000
390.00000, 67.00000
391.00000, 65.00000
392.00000, 67.00000
394.00000, 69.00000
396.00000, 65.00000
399.00000, 64.00000
400.00000, 62.00000
401.00000, 64.00000
402.00000, 65.00000
403.00000, 67.00000
404.00000, 64.00000
406.00000, 62.00000
410.00000, 70.00000
414.00000, 67.00000
416.00000, 69.00000
418.00000, 72.00000
420.00000, 70.00000
422.00000, 69.00000
426.00000, 67.00000
427.00000, 65.00000
428.00000, 67.00000
432.00000, 65.00000
440.00000, 65.00000
446.00000, 65.00000
448.00000, 65.00000
452.00000, 64.00000
456.00000, 62.00000
462.00000, 62.00000
466.00000, 62.00000
468.00000, 64.00000
474.00000, 60.00000
476.00000, 60.00000
482.00000, 65.00000
486.00000, 64.00000
487.00000, 62.00000
488.00000, 65.00000
pattern12
occurrence1
14.00000, 65.00000
18.00000, 64.00000
19.00000, 62.00000
20.00000, 64.00000
24.00000, 62.00000
26.00000, 69.00000
28.00000, 69.00000
30.00000, 70.00000
33.00000, 69.00000
34.00000, 69.00000
35.00000, 67.00000
36.00000, 65.00000
42.00000, 72.00000
46.00000, 70.00000
48.00000, 67.00000
occurrence2
220.00000, 67.00000
224.00000, 65.00000
226.00000, 65.00000
228.00000, 70.00000
230.00000, 70.00000
232.00000, 72.00000
240.00000, 74.00000
246.00000, 74.00000
248.00000, 74.00000
250.00000, 74.00000
252.00000, 72.00000
254.00000, 69.00000
occurrence3
1192.00000, 60.00000
1194.00000, 62.00000
1196.00000, 63.00000
1200.00000, 62.00000
1202.00000, 67.00000
1206.00000, 65.00000
1208.00000, 67.00000
1210.00000, 70.00000
1214.00000, 70.00000
1216.00000, 70.00000
1217.00000, 69.00000
1218.00000, 67.00000
1219.00000, 65.00000
1220.00000, 67.00000
1224.00000, 65.00000
1226.00000, 62.00000
pattern13
occurrence1
224.00000, 65.00000
226.00000, 65.00000
228.00000, 70.00000
230.00000, 70.00000
232.00000, 72.00000
240.00000, 74.00000
246.00000, 74.00000
248.00000, 74.00000
250.00000, 74.00000
252.00000, 72.00000
254.00000, 69.00000
258.00000, 67.00000
259.00000, 65.00000
260.00000, 67.00000
262.00000, 69.00000
264.00000, 72.00000
267.00000, 70.00000
268.00000, 69.00000
270.00000, 67.00000
271.00000, 65.00000
272.00000, 67.00000
276.00000, 65.00000
290.00000, 69.00000
292.00000, 69.00000
294.00000, 69.00000
296.00000, 70.00000
298.00000, 69.00000
299.00000, 67.00000
300.00000, 65.00000
302.00000, 69.00000
306.00000, 65.00000
308.00000, 67.00000
310.00000, 69.00000
312.00000, 70.00000
314.00000, 69.00000
315.00000, 67.00000
316.00000, 65.00000
318.00000, 62.00000
occurrence2
1126.00000, 70.00000
1130.00000, 69.00000
1131.00000, 67.00000
1132.00000, 65.00000
1134.00000, 70.00000
1138.00000, 69.00000
1142.00000, 67.00000
1144.00000, 69.00000
1156.00000, 74.00000
1160.00000, 72.00000
1162.00000, 69.00000
1166.00000, 67.00000
1168.00000, 69.00000
1170.00000, 64.00000
1172.00000, 69.00000
1175.00000, 67.00000
1176.00000, 65.00000
1178.00000, 64.00000
1179.00000, 62.00000
1180.00000, 64.00000
1184.00000, 62.00000
1190.00000, 58.00000
1192.00000, 60.00000
1194.00000, 62.00000
1196.00000, 63.00000
1200.00000, 62.00000
1202.00000, 67.00000
1206.00000, 65.00000
1208.00000, 67.00000
1210.00000, 70.00000
1214.00000, 70.00000
1216.00000, 70.00000
1217.00000, 69.00000
1218.00000, 67.00000
1219.00000, 65.00000
1220.00000, 67.00000
occurrence3
1132.00000, 65.00000
1134.00000, 70.00000
1138.00000, 69.00000
1142.00000, 67.00000
1144.00000, 69.00000
1156.00000, 74.00000
1160.00000, 72.00000
1162.00000, 69.00000
1166.00000, 67.00000
1168.00000, 69.00000
1170.00000, 64.00000
1172.00000, 69.00000
1175.00000, 67.00000
1176.00000, 65.00000
1178.00000, 64.00000
1179.00000, 62.00000
1180.00000, 64.00000
1184.00000, 62.00000
1190.00000, 58.00000
1192.00000, 60.00000
1194.00000, 62.00000
1196.00000, 63.00000
1200.00000, 62.00000
1202.00000, 67.00000
1206.00000, 65.00000
1208.00000, 67.00000
1210.00000, 70.00000
1214.00000, 70.00000
1216.00000, 70.00000
1217.00000, 69.00000
1218.00000, 67.00000
1219.00000, 65.00000
1220.00000, 67.00000
1224.00000, 65.00000
1226.00000, 62.00000
pattern14
occurrence1
30.00000, 70.00000
33.00000, 69.00000
34.00000, 69.00000
35.00000, 67.00000
36.00000, 65.00000
42.00000, 72.00000
46.00000, 70.00000
48.00000, 67.00000
50.00000, 69.00000
54.00000, 67.00000
55.00000, 65.00000
56.00000, 64.00000
57.00000, 62.00000
58.00000, 65.00000
60.00000, 64.00000
62.00000, 69.00000
66.00000, 67.00000
70.00000, 66.00000
72.00000, 67.00000
200.00000, 67.00000
204.00000, 67.00000
206.00000, 67.00000
210.00000, 65.00000
211.00000, 64.00000
212.00000, 62.00000
216.00000, 64.00000
218.00000, 62.00000
220.00000, 67.00000
224.00000, 65.00000
226.00000, 65.00000
228.00000, 70.00000
230.00000, 70.00000
232.00000, 72.00000
240.00000, 74.00000
246.00000, 74.00000
248.00000, 74.00000
250.00000, 74.00000
252.00000, 72.00000
254.00000, 69.00000
258.00000, 67.00000
259.00000, 65.00000
260.00000, 67.00000
occurrence2
1000.00000, 69.00000
1002.00000, 67.00000
1003.00000, 65.00000
1004.00000, 64.00000
1006.00000, 69.00000
1010.00000, 65.00000
1014.00000, 62.00000
1016.00000, 62.00000
1026.00000, 74.00000
1028.00000, 74.00000
1030.00000, 74.00000
1033.00000, 72.00000
1034.00000, 70.00000
1035.00000, 69.00000
1036.00000, 67.00000
1042.00000, 67.00000
1044.00000, 69.00000
1048.00000, 70.00000
1052.00000, 69.00000
1058.00000, 69.00000
1060.00000, 70.00000
1062.00000, 67.00000
1064.00000, 69.00000
1066.00000, 72.00000
1069.00000, 70.00000
1070.00000, 69.00000
1071.00000, 67.00000
1072.00000, 69.00000
1074.00000, 67.00000
1078.00000, 66.00000
1080.00000, 67.00000
1116.00000, 67.00000
1120.00000, 65.00000
1122.00000, 67.00000
1124.00000, 69.00000
1126.00000, 70.00000
1130.00000, 69.00000
1131.00000, 67.00000
1132.00000, 65.00000
1134.00000, 70.00000
1138.00000, 69.00000
1142.00000, 67.00000
1144.00000, 69.00000
1156.00000, 74.00000
1160.00000, 72.00000
1162.00000, 69.00000
1166.00000, 67.00000
1168.00000, 69.00000
1170.00000, 64.00000
1172.00000, 69.00000
1175.00000, 67.00000
1176.00000, 65.00000
1178.00000, 64.00000
1179.00000, 62.00000
1180.00000, 64.00000
1184.00000, 62.00000
1190.00000, 58.00000
1192.00000, 60.00000
1194.00000, 62.00000
1196.00000, 63.00000
1200.00000, 62.00000
1202.00000, 67.00000
1206.00000, 65.00000
1208.00000, 67.00000
1210.00000, 70.00000
1214.00000, 70.00000
1216.00000, 70.00000
1217.00000, 69.00000
1218.00000, 67.00000
1219.00000, 65.00000
1220.00000, 67.00000
1224.00000, 65.00000
1226.00000, 62.00000
1229.00000, 64.00000
1230.00000, 65.00000
occurrence3
1003.00000, 65.00000
1004.00000, 64.00000
1006.00000, 69.00000
1010.00000, 65.00000
1014.00000, 62.00000
1016.00000, 62.00000
1026.00000, 74.00000
1028.00000, 74.00000
1030.00000, 74.00000
1033.00000, 72.00000
1034.00000, 70.00000
1035.00000, 69.00000
1036.00000, 67.00000
1042.00000, 67.00000
1044.00000, 69.00000
1048.00000, 70.00000
1052.00000, 69.00000
1058.00000, 69.00000
1060.00000, 70.00000
1062.00000, 67.00000
1064.00000, 69.00000
1066.00000, 72.00000
1069.00000, 70.00000
1070.00000, 69.00000
1071.00000, 67.00000
1072.00000, 69.00000
1074.00000, 67.00000
1078.00000, 66.00000
1080.00000, 67.00000
1116.00000, 67.00000
1120.00000, 65.00000
1122.00000, 67.00000
1124.00000, 69.00000
1126.00000, 70.00000
1130.00000, 69.00000
1131.00000, 67.00000
1132.00000, 65.00000
1134.00000, 70.00000
1138.00000, 69.00000
1142.00000, 67.00000
1144.00000, 69.00000
1156.00000, 74.00000
1160.00000, 72.00000
1162.00000, 69.00000
1166.00000, 67.00000
1168.00000, 69.00000
1170.00000, 64.00000
1172.00000, 69.00000
1175.00000, 67.00000
1176.00000, 65.00000
1178.00000, 64.00000
1179.00000, 62.00000
1180.00000, 64.00000
1184.00000, 62.00000
1190.00000, 58.00000
1192.00000, 60.00000
1194.00000, 62.00000
1196.00000, 63.00000
1200.00000, 62.00000
1202.00000, 67.00000
1206.00000, 65.00000
1208.00000, 67.00000
1210.00000, 70.00000
1214.00000, 70.00000
1216.00000, 70.00000
1217.00000, 69.00000
1218.00000, 67.00000
1219.00000, 65.00000
1220.00000, 67.00000
1224.00000, 65.00000
1226.00000, 62.00000
1229.00000, 64.00000
1230.00000, 65.00000
1232.00000, 60.00000
1233.00000, 62.00000
pattern15
occurrence1
414.00000, 67.00000
416.00000, 69.00000
418.00000, 72.00000
420.00000, 70.00000
422.00000, 69.00000
426.00000, 67.00000
427.00000, 65.00000
428.00000, 67.00000
432.00000, 65.00000
440.00000, 65.00000
446.00000, 65.00000
448.00000, 65.00000
452.00000, 64.00000
456.00000, 62.00000
462.00000, 62.00000
466.00000, 62.00000
468.00000, 64.00000
474.00000, 60.00000
476.00000, 60.00000
482.00000, 65.00000
486.00000, 64.00000
487.00000, 62.00000
488.00000, 65.00000
489.00000, 67.00000
490.00000, 69.00000
491.00000, 70.00000
492.00000, 69.00000
494.00000, 65.00000
498.00000, 67.00000
500.00000, 69.00000
502.00000, 72.00000
506.00000, 70.00000
509.00000, 69.00000
510.00000, 67.00000
514.00000, 65.00000
516.00000, 67.00000
518.00000, 62.00000
520.00000, 67.00000
530.00000, 65.00000
532.00000, 67.00000
534.00000, 62.00000
537.00000, 64.00000
538.00000, 65.00000
539.00000, 67.00000
540.00000, 69.00000
544.00000, 62.00000
564.00000, 62.00000
664.00000, 65.00000
672.00000, 65.00000
676.00000, 65.00000
680.00000, 62.00000
682.00000, 65.00000
685.00000, 64.00000
686.00000, 62.00000
687.00000, 60.00000
688.00000, 58.00000
694.00000, 69.00000
696.00000, 70.00000
699.00000, 69.00000
700.00000, 70.00000
701.00000, 69.00000
702.00000, 67.00000
703.00000, 65.00000
704.00000, 67.00000
706.00000, 72.00000
710.00000, 70.00000
714.00000, 69.00000
716.00000, 70.00000
720.00000, 69.00000
726.00000, 69.00000
728.00000, 69.00000
732.00000, 69.00000
736.00000, 69.00000
740.00000, 69.00000
744.00000, 70.00000
748.00000, 69.00000
750.00000, 67.00000
occurrence2
699.00000, 69.00000
700.00000, 70.00000
701.00000, 69.00000
702.00000, 67.00000
703.00000, 65.00000
704.00000, 67.00000
706.00000, 72.00000
710.00000, 70.00000
714.00000, 69.00000
716.00000, 70.00000
720.00000, 69.00000
726.00000, 69.00000
728.00000, 69.00000
732.00000, 69.00000
736.00000, 69.00000
740.00000, 69.00000
744.00000, 70.00000
748.00000, 69.00000
750.00000, 67.00000
753.00000, 65.00000
754.00000, 64.00000
755.00000, 62.00000
756.00000, 64.00000
760.00000, 62.00000
770.00000, 60.00000
772.00000, 62.00000
775.00000, 63.00000
776.00000, 65.00000
778.00000, 67.00000
780.00000, 63.00000
784.00000, 62.00000
790.00000, 58.00000
792.00000, 60.00000
794.00000, 60.00000
796.00000, 62.00000
799.00000, 63.00000
800.00000, 65.00000
802.00000, 67.00000
804.00000, 63.00000
808.00000, 62.00000
812.00000, 62.00000
816.00000, 65.00000
824.00000, 65.00000
836.00000, 65.00000
840.00000, 65.00000
844.00000, 65.00000
848.00000, 65.00000
856.00000, 65.00000
864.00000, 67.00000
872.00000, 67.00000
876.00000, 64.00000
878.00000, 64.00000
882.00000, 62.00000
883.00000, 60.00000
884.00000, 62.00000
886.00000, 64.00000
888.00000, 65.00000
890.00000, 64.00000
894.00000, 62.00000
898.00000, 60.00000
900.00000, 62.00000
902.00000, 65.00000
904.00000, 64.00000
906.00000, 62.00000
910.00000, 60.00000
911.00000, 58.00000
912.00000, 57.00000
964.00000, 69.00000
968.00000, 70.00000
974.00000, 70.00000
976.00000, 67.00000
978.00000, 67.00000
980.00000, 72.00000
986.00000, 70.00000
987.00000, 69.00000
988.00000, 69.00000
992.00000, 70.00000
994.00000, 69.00000
998.00000, 67.00000
999.00000, 65.00000
1000.00000, 69.00000
1002.00000, 67.00000
1003.00000, 65.00000
1004.00000, 64.00000
1006.00000, 69.00000
1010.00000, 65.00000
1014.00000, 62.00000
1016.00000, 62.00000
1026.00000, 74.00000
1028.00000, 74.00000
1030.00000, 74.00000
1033.00000, 72.00000
1034.00000, 70.00000
1035.00000, 69.00000
occurrence3
888.00000, 65.00000
890.00000, 64.00000
894.00000, 62.00000
898.00000, 60.00000
900.00000, 62.00000
902.00000, 65.00000
904.00000, 64.00000
906.00000, 62.00000
910.00000, 60.00000
911.00000, 58.00000
912.00000, 57.00000
964.00000, 69.00000
968.00000, 70.00000
974.00000, 70.00000
976.00000, 67.00000
978.00000, 67.00000
980.00000, 72.00000
986.00000, 70.00000
987.00000, 69.00000
988.00000, 69.00000
992.00000, 70.00000
994.00000, 69.00000
998.00000, 67.00000
999.00000, 65.00000
1000.00000, 69.00000
1002.00000, 67.00000
1003.00000, 65.00000
1004.00000, 64.00000
1006.00000, 69.00000
1010.00000, 65.00000
1014.00000, 62.00000
1016.00000, 62.00000
1026.00000, 74.00000
1028.00000, 74.00000
1030.00000, 74.00000
1033.00000, 72.00000
1034.00000, 70.00000
1035.00000, 69.00000
1036.00000, 67.00000
1042.00000, 67.00000
1044.00000, 69.00000
1048.00000, 70.00000
1052.00000, 69.00000
1058.00000, 69.00000
1060.00000, 70.00000
1062.00000, 67.00000
1064.00000, 69.00000
1066.00000, 72.00000
1069.00000, 70.00000
1070.00000, 69.00000
1071.00000, 67.00000
1072.00000, 69.00000
1074.00000, 67.00000
1078.00000, 66.00000
1080.00000, 67.00000
1116.00000, 67.00000
1120.00000, 65.00000
1122.00000, 67.00000
1124.00000, 69.00000
1126.00000, 70.00000
1130.00000, 69.00000
1131.00000, 67.00000
1132.00000, 65.00000
1134.00000, 70.00000
1138.00000, 69.00000
1142.00000, 67.00000
1144.00000, 69.00000
1156.00000, 74.00000
1160.00000, 72.00000
1162.00000, 69.00000
1166.00000, 67.00000
1168.00000, 69.00000
1170.00000, 64.00000
1172.00000, 69.00000
1175.00000, 67.00000
1176.00000, 65.00000
1178.00000, 64.00000
1179.00000, 62.00000
1180.00000, 64.00000
1184.00000, 62.00000
1190.00000, 58.00000
1192.00000, 60.00000
1194.00000, 62.00000
1196.00000, 63.00000
1200.00000, 62.00000
1202.00000, 67.00000
1206.00000, 65.00000
1208.00000, 67.00000
1210.00000, 70.00000
1214.00000, 70.00000
1216.00000, 70.00000
1217.00000, 69.00000
1218.00000, 67.00000
1219.00000, 65.00000
1220.00000, 67.00000
1224.00000, 65.00000
pattern16
occurrence1
315.00000, 67.00000
316.00000, 65.00000
318.00000, 62.00000
320.00000, 60.00000
324.00000, 58.00000
360.00000, 70.00000
366.00000, 69.00000
367.00000, 67.00000
368.00000, 69.00000
370.00000, 70.00000
372.00000, 67.00000
374.00000, 72.00000
376.00000, 72.00000
378.00000, 70.00000
379.00000, 69.00000
380.00000, 70.00000
382.00000, 72.00000
384.00000, 69.00000
390.00000, 67.00000
391.00000, 65.00000
392.00000, 67.00000
394.00000, 69.00000
396.00000, 65.00000
399.00000, 64.00000
400.00000, 62.00000
401.00000, 64.00000
402.00000, 65.00000
403.00000, 67.00000
404.00000, 64.00000
406.00000, 62.00000
410.00000, 70.00000
414.00000, 67.00000
416.00000, 69.00000
418.00000, 72.00000
420.00000, 70.00000
422.00000, 69.00000
426.00000, 67.00000
427.00000, 65.00000
428.00000, 67.00000
432.00000, 65.00000
440.00000, 65.00000
446.00000, 65.00000
448.00000, 65.00000
452.00000, 64.00000
456.00000, 62.00000
462.00000, 62.00000
466.00000, 62.00000
468.00000, 64.00000
474.00000, 60.00000
occurrence2
378.00000, 70.00000
379.00000, 69.00000
380.00000, 70.00000
382.00000, 72.00000
384.00000, 69.00000
390.00000, 67.00000
391.00000, 65.00000
392.00000, 67.00000
394.00000, 69.00000
396.00000, 65.00000
399.00000, 64.00000
400.00000, 62.00000
401.00000, 64.00000
402.00000, 65.00000
403.00000, 67.00000
404.00000, 64.00000
406.00000, 62.00000
410.00000, 70.00000
414.00000, 67.00000
416.00000, 69.00000
418.00000, 72.00000
420.00000, 70.00000
422.00000, 69.00000
426.00000, 67.00000
427.00000, 65.00000
428.00000, 67.00000
432.00000, 65.00000
440.00000, 65.00000
446.00000, 65.00000
448.00000, 65.00000
452.00000, 64.00000
456.00000, 62.00000
462.00000, 62.00000
466.00000, 62.00000
468.00000, 64.00000
474.00000, 60.00000
476.00000, 60.00000
482.00000, 65.00000
486.00000, 64.00000
487.00000, 62.00000
488.00000, 65.00000
489.00000, 67.00000
490.00000, 69.00000
491.00000, 70.00000
492.00000, 69.00000
494.00000, 65.00000
498.00000, 67.00000
500.00000, 69.00000
502.00000, 72.00000
506.00000, 70.00000
509.00000, 69.00000
510.00000, 67.00000
514.00000, 65.00000
516.00000, 67.00000
518.00000, 62.00000
520.00000, 67.00000
530.00000, 65.00000
532.00000, 67.00000
534.00000, 62.00000
537.00000, 64.00000
occurrence3
1035.00000, 69.00000
1036.00000, 67.00000
1042.00000, 67.00000
1044.00000, 69.00000
1048.00000, 70.00000
1052.00000, 69.00000
1058.00000, 69.00000
1060.00000, 70.00000
1062.00000, 67.00000
1064.00000, 69.00000
1066.00000, 72.00000
1069.00000, 70.00000
1070.00000, 69.00000
1071.00000, 67.00000
1072.00000, 69.00000
1074.00000, 67.00000
1078.00000, 66.00000
1080.00000, 67.00000
1116.00000, 67.00000
1120.00000, 65.00000
1122.00000, 67.00000
1124.00000, 69.00000
1126.00000, 70.00000
1130.00000, 69.00000
1131.00000, 67.00000
1132.00000, 65.00000
1134.00000, 70.00000
1138.00000, 69.00000
1142.00000, 67.00000
1144.00000, 69.00000
1156.00000, 74.00000
1160.00000, 72.00000
1162.00000, 69.00000
1166.00000, 67.00000
1168.00000, 69.00000
1170.00000, 64.00000
1172.00000, 69.00000
1175.00000, 67.00000
1176.00000, 65.00000
1178.00000, 64.00000
1179.00000, 62.00000
1180.00000, 64.00000
1184.00000, 62.00000
1190.00000, 58.00000
1192.00000, 60.00000
1194.00000, 62.00000
pattern17
occurrence1
12.00000, 67.00000
14.00000, 65.00000
18.00000, 64.00000
19.00000, 62.00000
20.00000, 64.00000
24.00000, 62.00000
26.00000, 69.00000
28.00000, 69.00000
occurrence2
20.00000, 64.00000
24.00000, 62.00000
26.00000, 69.00000
28.00000, 69.00000
30.00000, 70.00000
33.00000, 69.00000
34.00000, 69.00000
35.00000, 67.00000
36.00000, 65.00000
occurrence3
232.00000, 72.00000
240.00000, 74.00000
246.00000, 74.00000
248.00000, 74.00000
occurrence4
360.00000, 70.00000
366.00000, 69.00000
367.00000, 67.00000
368.00000, 69.00000
370.00000, 70.00000
372.00000, 67.00000
374.00000, 72.00000
376.00000, 72.00000
occurrence5
394.00000, 69.00000
396.00000, 65.00000
399.00000, 64.00000
400.00000, 62.00000
401.00000, 64.00000
402.00000, 65.00000
403.00000, 67.00000
404.00000, 64.00000
406.00000, 62.00000
410.00000, 70.00000
occurrence6
482.00000, 65.00000
486.00000, 64.00000
487.00000, 62.00000
488.00000, 65.00000
489.00000, 67.00000
490.00000, 69.00000
491.00000, 70.00000
492.00000, 69.00000
494.00000, 65.00000
498.00000, 67.00000
occurrence7
490.00000, 69.00000
491.00000, 70.00000
492.00000, 69.00000
494.00000, 65.00000
498.00000, 67.00000
500.00000, 69.00000
502.00000, 72.00000
506.00000, 70.00000
occurrence8
494.00000, 65.00000
498.00000, 67.00000
500.00000, 69.00000
502.00000, 72.00000
506.00000, 70.00000
509.00000, 69.00000
510.00000, 67.00000
occurrence9
694.00000, 69.00000
696.00000, 70.00000
699.00000, 69.00000
700.00000, 70.00000
701.00000, 69.00000
702.00000, 67.00000
703.00000, 65.00000
704.00000, 67.00000
706.00000, 72.00000
710.00000, 70.00000
occurrence10
704.00000, 67.00000
706.00000, 72.00000
710.00000, 70.00000
714.00000, 69.00000
716.00000, 70.00000
720.00000, 69.00000
occurrence11
728.00000, 69.00000
732.00000, 69.00000
736.00000, 69.00000
740.00000, 69.00000
744.00000, 70.00000
occurrence12
792.00000, 60.00000
794.00000, 60.00000
796.00000, 62.00000
799.00000, 63.00000
800.00000, 65.00000
802.00000, 67.00000
804.00000, 63.00000
808.00000, 62.00000
occurrence13
848.00000, 65.00000
856.00000, 65.00000
864.00000, 67.00000
occurrence14
856.00000, 65.00000
864.00000, 67.00000
872.00000, 67.00000
occurrence15
886.00000, 64.00000
888.00000, 65.00000
890.00000, 64.00000
894.00000, 62.00000
898.00000, 60.00000
900.00000, 62.00000
902.00000, 65.00000
occurrence16
978.00000, 67.00000
980.00000, 72.00000
986.00000, 70.00000
987.00000, 69.00000
988.00000, 69.00000
992.00000, 70.00000
994.00000, 69.00000
occurrence17
1036.00000, 67.00000
1042.00000, 67.00000
1044.00000, 69.00000
1048.00000, 70.00000
1052.00000, 69.00000
occurrence18
1042.00000, 67.00000
1044.00000, 69.00000
1048.00000, 70.00000
1052.00000, 69.00000
1058.00000, 69.00000
occurrence19
1044.00000, 69.00000
1048.00000, 70.00000
1052.00000, 69.00000
1058.00000, 69.00000
1060.00000, 70.00000
occurrence20
1122.00000, 67.00000
1124.00000, 69.00000
1126.00000, 70.00000
1130.00000, 69.00000
1131.00000, 67.00000
1132.00000, 65.00000
1134.00000, 70.00000
1138.00000, 69.00000
pattern18
occurrence1
296.00000, 70.00000
298.00000, 69.00000
299.00000, 67.00000
300.00000, 65.00000
302.00000, 69.00000
306.00000, 65.00000
308.00000, 67.00000
310.00000, 69.00000
312.00000, 70.00000
314.00000, 69.00000
315.00000, 67.00000
316.00000, 65.00000
318.00000, 62.00000
320.00000, 60.00000
324.00000, 58.00000
360.00000, 70.00000
366.00000, 69.00000
367.00000, 67.00000
368.00000, 69.00000
370.00000, 70.00000
372.00000, 67.00000
374.00000, 72.00000
376.00000, 72.00000
378.00000, 70.00000
379.00000, 69.00000
380.00000, 70.00000
382.00000, 72.00000
384.00000, 69.00000
390.00000, 67.00000
391.00000, 65.00000
392.00000, 67.00000
occurrence2
308.00000, 67.00000
310.00000, 69.00000
312.00000, 70.00000
314.00000, 69.00000
315.00000, 67.00000
316.00000, 65.00000
318.00000, 62.00000
320.00000, 60.00000
324.00000, 58.00000
360.00000, 70.00000
366.00000, 69.00000
367.00000, 67.00000
368.00000, 69.00000
370.00000, 70.00000
372.00000, 67.00000
374.00000, 72.00000
376.00000, 72.00000
378.00000, 70.00000
379.00000, 69.00000
380.00000, 70.00000
382.00000, 72.00000
384.00000, 69.00000
390.00000, 67.00000
391.00000, 65.00000
392.00000, 67.00000
394.00000, 69.00000
396.00000, 65.00000
399.00000, 64.00000
400.00000, 62.00000
401.00000, 64.00000
402.00000, 65.00000
403.00000, 67.00000
404.00000, 64.00000
occurrence3
372.00000, 67.00000
374.00000, 72.00000
376.00000, 72.00000
378.00000, 70.00000
379.00000, 69.00000
380.00000, 70.00000
382.00000, 72.00000
384.00000, 69.00000
390.00000, 67.00000
391.00000, 65.00000
392.00000, 67.00000
394.00000, 69.00000
396.00000, 65.00000
399.00000, 64.00000
400.00000, 62.00000
401.00000, 64.00000
402.00000, 65.00000
403.00000, 67.00000
404.00000, 64.00000
406.00000, 62.00000
410.00000, 70.00000
414.00000, 67.00000
416.00000, 69.00000
418.00000, 72.00000
420.00000, 70.00000
422.00000, 69.00000
426.00000, 67.00000
427.00000, 65.00000
428.00000, 67.00000
432.00000, 65.00000
440.00000, 65.00000
446.00000, 65.00000
448.00000, 65.00000
452.00000, 64.00000
456.00000, 62.00000
462.00000, 62.00000
466.00000, 62.00000
468.00000, 64.00000
occurrence4
390.00000, 67.00000
391.00000, 65.00000
392.00000, 67.00000
394.00000, 69.00000
396.00000, 65.00000
399.00000, 64.00000
400.00000, 62.00000
401.00000, 64.00000
402.00000, 65.00000
403.00000, 67.00000
404.00000, 64.00000
406.00000, 62.00000
410.00000, 70.00000
414.00000, 67.00000
416.00000, 69.00000
418.00000, 72.00000
420.00000, 70.00000
422.00000, 69.00000
426.00000, 67.00000
427.00000, 65.00000
428.00000, 67.00000
432.00000, 65.00000
440.00000, 65.00000
446.00000, 65.00000
448.00000, 65.00000
452.00000, 64.00000
456.00000, 62.00000
462.00000, 62.00000
466.00000, 62.00000
468.00000, 64.00000
474.00000, 60.00000
476.00000, 60.00000
482.00000, 65.00000
486.00000, 64.00000
occurrence5
391.00000, 65.00000
392.00000, 67.00000
394.00000, 69.00000
396.00000, 65.00000
399.00000, 64.00000
400.00000, 62.00000
401.00000, 64.00000
402.00000, 65.00000
403.00000, 67.00000
404.00000, 64.00000
406.00000, 62.00000
410.00000, 70.00000
414.00000, 67.00000
416.00000, 69.00000
418.00000, 72.00000
420.00000, 70.00000
422.00000, 69.00000
426.00000, 67.00000
427.00000, 65.00000
428.00000, 67.00000
432.00000, 65.00000
440.00000, 65.00000
446.00000, 65.00000
448.00000, 65.00000
452.00000, 64.00000
456.00000, 62.00000
462.00000, 62.00000
466.00000, 62.00000
468.00000, 64.00000
474.00000, 60.00000
476.00000, 60.00000
482.00000, 65.00000
486.00000, 64.00000
487.00000, 62.00000
occurrence6
420.00000, 70.00000
422.00000, 69.00000
426.00000, 67.00000
427.00000, 65.00000
428.00000, 67.00000
432.00000, 65.00000
440.00000, 65.00000
446.00000, 65.00000
448.00000, 65.00000
452.00000, 64.00000
456.00000, 62.00000
462.00000, 62.00000
466.00000, 62.00000
468.00000, 64.00000
474.00000, 60.00000
476.00000, 60.00000
482.00000, 65.00000
486.00000, 64.00000
487.00000, 62.00000
488.00000, 65.00000
489.00000, 67.00000
490.00000, 69.00000
491.00000, 70.00000
492.00000, 69.00000
494.00000, 65.00000
498.00000, 67.00000
500.00000, 69.00000
502.00000, 72.00000
506.00000, 70.00000
509.00000, 69.00000
510.00000, 67.00000
514.00000, 65.00000
516.00000, 67.00000
occurrence7
448.00000, 65.00000
452.00000, 64.00000
456.00000, 62.00000
462.00000, 62.00000
466.00000, 62.00000
468.00000, 64.00000
474.00000, 60.00000
476.00000, 60.00000
482.00000, 65.00000
486.00000, 64.00000
487.00000, 62.00000
488.00000, 65.00000
489.00000, 67.00000
490.00000, 69.00000
491.00000, 70.00000
492.00000, 69.00000
494.00000, 65.00000
498.00000, 67.00000
500.00000, 69.00000
502.00000, 72.00000
506.00000, 70.00000
509.00000, 69.00000
510.00000, 67.00000
514.00000, 65.00000
516.00000, 67.00000
518.00000, 62.00000
520.00000, 67.00000
530.00000, 65.00000
532.00000, 67.00000
534.00000, 62.00000
537.00000, 64.00000
538.00000, 65.00000
539.00000, 67.00000
540.00000, 69.00000
544.00000, 62.00000
occurrence8
664.00000, 65.00000
672.00000, 65.00000
676.00000, 65.00000
680.00000, 62.00000
682.00000, 65.00000
685.00000, 64.00000
686.00000, 62.00000
687.00000, 60.00000
688.00000, 58.00000
694.00000, 69.00000
696.00000, 70.00000
699.00000, 69.00000
700.00000, 70.00000
701.00000, 69.00000
702.00000, 67.00000
703.00000, 65.00000
704.00000, 67.00000
706.00000, 72.00000
710.00000, 70.00000
714.00000, 69.00000
716.00000, 70.00000
720.00000, 69.00000
726.00000, 69.00000
728.00000, 69.00000
732.00000, 69.00000
736.00000, 69.00000
740.00000, 69.00000
744.00000, 70.00000
748.00000, 69.00000
750.00000, 67.00000
753.00000, 65.00000
754.00000, 64.00000
755.00000, 62.00000
756.00000, 64.00000
760.00000, 62.00000
occurrence9
676.00000, 65.00000
680.00000, 62.00000
682.00000, 65.00000
685.00000, 64.00000
686.00000, 62.00000
687.00000, 60.00000
688.00000, 58.00000
694.00000, 69.00000
696.00000, 70.00000
699.00000, 69.00000
700.00000, 70.00000
701.00000, 69.00000
702.00000, 67.00000
703.00000, 65.00000
704.00000, 67.00000
706.00000, 72.00000
710.00000, 70.00000
714.00000, 69.00000
716.00000, 70.00000
720.00000, 69.00000
726.00000, 69.00000
728.00000, 69.00000
732.00000, 69.00000
736.00000, 69.00000
740.00000, 69.00000
744.00000, 70.00000
748.00000, 69.00000
750.00000, 67.00000
753.00000, 65.00000
754.00000, 64.00000
755.00000, 62.00000
756.00000, 64.00000
760.00000, 62.00000
770.00000, 60.00000
772.00000, 62.00000
occurrence10
720.00000, 69.00000
726.00000, 69.00000
728.00000, 69.00000
732.00000, 69.00000
736.00000, 69.00000
740.00000, 69.00000
744.00000, 70.00000
748.00000, 69.00000
750.00000, 67.00000
753.00000, 65.00000
754.00000, 64.00000
755.00000, 62.00000
756.00000, 64.00000
760.00000, 62.00000
770.00000, 60.00000
772.00000, 62.00000
775.00000, 63.00000
776.00000, 65.00000
778.00000, 67.00000
780.00000, 63.00000
784.00000, 62.00000
790.00000, 58.00000
792.00000, 60.00000
794.00000, 60.00000
796.00000, 62.00000
799.00000, 63.00000
800.00000, 65.00000
802.00000, 67.00000
804.00000, 63.00000
808.00000, 62.00000
812.00000, 62.00000
816.00000, 65.00000
occurrence11
728.00000, 69.00000
732.00000, 69.00000
736.00000, 69.00000
740.00000, 69.00000
744.00000, 70.00000
748.00000, 69.00000
750.00000, 67.00000
753.00000, 65.00000
754.00000, 64.00000
755.00000, 62.00000
756.00000, 64.00000
760.00000, 62.00000
770.00000, 60.00000
772.00000, 62.00000
775.00000, 63.00000
776.00000, 65.00000
778.00000, 67.00000
780.00000, 63.00000
784.00000, 62.00000
790.00000, 58.00000
792.00000, 60.00000
794.00000, 60.00000
796.00000, 62.00000
799.00000, 63.00000
800.00000, 65.00000
802.00000, 67.00000
804.00000, 63.00000
808.00000, 62.00000
812.00000, 62.00000
816.00000, 65.00000
824.00000, 65.00000
occurrence12
740.00000, 69.00000
744.00000, 70.00000
748.00000, 69.00000
750.00000, 67.00000
753.00000, 65.00000
754.00000, 64.00000
755.00000, 62.00000
756.00000, 64.00000
760.00000, 62.00000
770.00000, 60.00000
772.00000, 62.00000
775.00000, 63.00000
776.00000, 65.00000
778.00000, 67.00000
780.00000, 63.00000
784.00000, 62.00000
790.00000, 58.00000
792.00000, 60.00000
794.00000, 60.00000
796.00000, 62.00000
799.00000, 63.00000
800.00000, 65.00000
802.00000, 67.00000
804.00000, 63.00000
808.00000, 62.00000
812.00000, 62.00000
816.00000, 65.00000
824.00000, 65.00000
836.00000, 65.00000
occurrence13
748.00000, 69.00000
750.00000, 67.00000
753.00000, 65.00000
754.00000, 64.00000
755.00000, 62.00000
756.00000, 64.00000
760.00000, 62.00000
770.00000, 60.00000
772.00000, 62.00000
775.00000, 63.00000
776.00000, 65.00000
778.00000, 67.00000
780.00000, 63.00000
784.00000, 62.00000
790.00000, 58.00000
792.00000, 60.00000
794.00000, 60.00000
796.00000, 62.00000
799.00000, 63.00000
800.00000, 65.00000
802.00000, 67.00000
804.00000, 63.00000
808.00000, 62.00000
812.00000, 62.00000
816.00000, 65.00000
824.00000, 65.00000
836.00000, 65.00000
840.00000, 65.00000
844.00000, 65.00000
occurrence14
1030.00000, 74.00000
1033.00000, 72.00000
1034.00000, 70.00000
1035.00000, 69.00000
1036.00000, 67.00000
1042.00000, 67.00000
1044.00000, 69.00000
1048.00000, 70.00000
1052.00000, 69.00000
1058.00000, 69.00000
1060.00000, 70.00000
1062.00000, 67.00000
1064.00000, 69.00000
1066.00000, 72.00000
1069.00000, 70.00000
1070.00000, 69.00000
1071.00000, 67.00000
1072.00000, 69.00000
1074.00000, 67.00000
1078.00000, 66.00000
1080.00000, 67.00000
1116.00000, 67.00000
1120.00000, 65.00000
1122.00000, 67.00000
1124.00000, 69.00000
1126.00000, 70.00000
occurrence15
1066.00000, 72.00000
1069.00000, 70.00000
1070.00000, 69.00000
1071.00000, 67.00000
1072.00000, 69.00000
1074.00000, 67.00000
1078.00000, 66.00000
1080.00000, 67.00000
1116.00000, 67.00000
1120.00000, 65.00000
1122.00000, 67.00000
1124.00000, 69.00000
1126.00000, 70.00000
1130.00000, 69.00000
1131.00000, 67.00000
1132.00000, 65.00000
1134.00000, 70.00000
1138.00000, 69.00000
1142.00000, 67.00000
1144.00000, 69.00000
1156.00000, 74.00000
1160.00000, 72.00000
1162.00000, 69.00000
occurrence16
1074.00000, 67.00000
1078.00000, 66.00000
1080.00000, 67.00000
1116.00000, 67.00000
1120.00000, 65.00000
1122.00000, 67.00000
1124.00000, 69.00000
1126.00000, 70.00000
1130.00000, 69.00000
1131.00000, 67.00000
1132.00000, 65.00000
1134.00000, 70.00000
1138.00000, 69.00000
1142.00000, 67.00000
1144.00000, 69.00000
1156.00000, 74.00000
1160.00000, 72.00000
1162.00000, 69.00000
1166.00000, 67.00000
1168.00000, 69.00000
1170.00000, 64.00000
occurrence17
1142.00000, 67.00000
1144.00000, 69.00000
1156.00000, 74.00000
1160.00000, 72.00000
1162.00000, 69.00000
1166.00000, 67.00000
1168.00000, 69.00000
1170.00000, 64.00000
1172.00000, 69.00000
1175.00000, 67.00000
1176.00000, 65.00000
1178.00000, 64.00000
1179.00000, 62.00000
1180.00000, 64.00000
1184.00000, 62.00000
1190.00000, 58.00000
1192.00000, 60.00000
1194.00000, 62.00000
1196.00000, 63.00000
1200.00000, 62.00000
1202.00000, 67.00000
1206.00000, 65.00000
1208.00000, 67.00000
1210.00000, 70.00000
1214.00000, 70.00000
1216.00000, 70.00000
1217.00000, 69.00000
1218.00000, 67.00000
1219.00000, 65.00000
1220.00000, 67.00000
1224.00000, 65.00000
1226.00000, 62.00000
1229.00000, 64.00000
1230.00000, 65.00000
1232.00000, 60.00000
1233.00000, 62.00000
1234.00000, 64.00000
1235.00000, 65.00000
1236.00000, 67.00000
1238.00000, 64.00000
pattern19
occurrence1
8.00000, 70.00000
11.00000, 69.00000
12.00000, 67.00000
14.00000, 65.00000
18.00000, 64.00000
19.00000, 62.00000
20.00000, 64.00000
24.00000, 62.00000
26.00000, 69.00000
28.00000, 69.00000
30.00000, 70.00000
33.00000, 69.00000
34.00000, 69.00000
35.00000, 67.00000
36.00000, 65.00000
42.00000, 72.00000
46.00000, 70.00000
48.00000, 67.00000
50.00000, 69.00000
54.00000, 67.00000
55.00000, 65.00000
56.00000, 64.00000
57.00000, 62.00000
58.00000, 65.00000
60.00000, 64.00000
62.00000, 69.00000
66.00000, 67.00000
70.00000, 66.00000
72.00000, 67.00000
200.00000, 67.00000
204.00000, 67.00000
206.00000, 67.00000
210.00000, 65.00000
211.00000, 64.00000
212.00000, 62.00000
216.00000, 64.00000
218.00000, 62.00000
220.00000, 67.00000
occurrence2
42.00000, 72.00000
46.00000, 70.00000
48.00000, 67.00000
50.00000, 69.00000
54.00000, 67.00000
55.00000, 65.00000
56.00000, 64.00000
57.00000, 62.00000
58.00000, 65.00000
60.00000, 64.00000
62.00000, 69.00000
66.00000, 67.00000
70.00000, 66.00000
72.00000, 67.00000
200.00000, 67.00000
204.00000, 67.00000
206.00000, 67.00000
210.00000, 65.00000
211.00000, 64.00000
212.00000, 62.00000
216.00000, 64.00000
218.00000, 62.00000
220.00000, 67.00000
224.00000, 65.00000
226.00000, 65.00000
228.00000, 70.00000
230.00000, 70.00000
232.00000, 72.00000
240.00000, 74.00000
246.00000, 74.00000
248.00000, 74.00000
250.00000, 74.00000
252.00000, 72.00000
254.00000, 69.00000
occurrence3
46.00000, 70.00000
48.00000, 67.00000
50.00000, 69.00000
54.00000, 67.00000
55.00000, 65.00000
56.00000, 64.00000
57.00000, 62.00000
58.00000, 65.00000
60.00000, 64.00000
62.00000, 69.00000
66.00000, 67.00000
70.00000, 66.00000
72.00000, 67.00000
200.00000, 67.00000
204.00000, 67.00000
206.00000, 67.00000
210.00000, 65.00000
211.00000, 64.00000
212.00000, 62.00000
216.00000, 64.00000
218.00000, 62.00000
220.00000, 67.00000
224.00000, 65.00000
226.00000, 65.00000
228.00000, 70.00000
230.00000, 70.00000
232.00000, 72.00000
240.00000, 74.00000
246.00000, 74.00000
248.00000, 74.00000
250.00000, 74.00000
252.00000, 72.00000
254.00000, 69.00000
258.00000, 67.00000
occurrence4
302.00000, 69.00000
306.00000, 65.00000
308.00000, 67.00000
310.00000, 69.00000
312.00000, 70.00000
314.00000, 69.00000
315.00000, 67.00000
316.00000, 65.00000
318.00000, 62.00000
320.00000, 60.00000
324.00000, 58.00000
360.00000, 70.00000
366.00000, 69.00000
367.00000, 67.00000
368.00000, 69.00000
370.00000, 70.00000
372.00000, 67.00000
374.00000, 72.00000
376.00000, 72.00000
378.00000, 70.00000
379.00000, 69.00000
380.00000, 70.00000
382.00000, 72.00000
384.00000, 69.00000
390.00000, 67.00000
391.00000, 65.00000
392.00000, 67.00000
394.00000, 69.00000
396.00000, 65.00000
399.00000, 64.00000
400.00000, 62.00000
401.00000, 64.00000
402.00000, 65.00000
403.00000, 67.00000
404.00000, 64.00000
406.00000, 62.00000
410.00000, 70.00000
414.00000, 67.00000
416.00000, 69.00000
418.00000, 72.00000
420.00000, 70.00000
422.00000, 69.00000
426.00000, 67.00000
427.00000, 65.00000
428.00000, 67.00000
432.00000, 65.00000
440.00000, 65.00000
446.00000, 65.00000
448.00000, 65.00000
452.00000, 64.00000
456.00000, 62.00000
462.00000, 62.00000
466.00000, 62.00000
468.00000, 64.00000
474.00000, 60.00000
476.00000, 60.00000
482.00000, 65.00000
486.00000, 64.00000
487.00000, 62.00000
488.00000, 65.00000
489.00000, 67.00000
490.00000, 69.00000
491.00000, 70.00000
492.00000, 69.00000
494.00000, 65.00000
498.00000, 67.00000
500.00000, 69.00000
502.00000, 72.00000
506.00000, 70.00000
509.00000, 69.00000
510.00000, 67.00000
514.00000, 65.00000
occurrence5
306.00000, 65.00000
308.00000, 67.00000
310.00000, 69.00000
312.00000, 70.00000
314.00000, 69.00000
315.00000, 67.00000
316.00000, 65.00000
318.00000, 62.00000
320.00000, 60.00000
324.00000, 58.00000
360.00000, 70.00000
366.00000, 69.00000
367.00000, 67.00000
368.00000, 69.00000
370.00000, 70.00000
372.00000, 67.00000
374.00000, 72.00000
376.00000, 72.00000
378.00000, 70.00000
379.00000, 69.00000
380.00000, 70.00000
382.00000, 72.00000
384.00000, 69.00000
390.00000, 67.00000
391.00000, 65.00000
392.00000, 67.00000
394.00000, 69.00000
396.00000, 65.00000
399.00000, 64.00000
400.00000, 62.00000
401.00000, 64.00000
402.00000, 65.00000
403.00000, 67.00000
404.00000, 64.00000
406.00000, 62.00000
410.00000, 70.00000
414.00000, 67.00000
416.00000, 69.00000
418.00000, 72.00000
420.00000, 70.00000
422.00000, 69.00000
426.00000, 67.00000
427.00000, 65.00000
428.00000, 67.00000
432.00000, 65.00000
440.00000, 65.00000
446.00000, 65.00000
448.00000, 65.00000
452.00000, 64.00000
456.00000, 62.00000
462.00000, 62.00000
466.00000, 62.00000
468.00000, 64.00000
474.00000, 60.00000
476.00000, 60.00000
482.00000, 65.00000
486.00000, 64.00000
487.00000, 62.00000
488.00000, 65.00000
489.00000, 67.00000
490.00000, 69.00000
491.00000, 70.00000
492.00000, 69.00000
494.00000, 65.00000
498.00000, 67.00000
500.00000, 69.00000
502.00000, 72.00000
506.00000, 70.00000
509.00000, 69.00000
510.00000, 67.00000
514.00000, 65.00000
516.00000, 67.00000
518.00000, 62.00000
occurrence6
502.00000, 72.00000
506.00000, 70.00000
509.00000, 69.00000
510.00000, 67.00000
514.00000, 65.00000
516.00000, 67.00000
518.00000, 62.00000
520.00000, 67.00000
530.00000, 65.00000
532.00000, 67.00000
534.00000, 62.00000
537.00000, 64.00000
538.00000, 65.00000
539.00000, 67.00000
540.00000, 69.00000
544.00000, 62.00000
564.00000, 62.00000
664.00000, 65.00000
672.00000, 65.00000
676.00000, 65.00000
680.00000, 62.00000
682.00000, 65.00000
685.00000, 64.00000
686.00000, 62.00000
687.00000, 60.00000
688.00000, 58.00000
694.00000, 69.00000
696.00000, 70.00000
699.00000, 69.00000
700.00000, 70.00000
701.00000, 69.00000
702.00000, 67.00000
703.00000, 65.00000
704.00000, 67.00000
706.00000, 72.00000
710.00000, 70.00000
714.00000, 69.00000
occurrence7
672.00000, 65.00000
676.00000, 65.00000
680.00000, 62.00000
682.00000, 65.00000
685.00000, 64.00000
686.00000, 62.00000
687.00000, 60.00000
688.00000, 58.00000
694.00000, 69.00000
696.00000, 70.00000
699.00000, 69.00000
700.00000, 70.00000
701.00000, 69.00000
702.00000, 67.00000
703.00000, 65.00000
704.00000, 67.00000
706.00000, 72.00000
710.00000, 70.00000
714.00000, 69.00000
716.00000, 70.00000
720.00000, 69.00000
726.00000, 69.00000
728.00000, 69.00000
732.00000, 69.00000
736.00000, 69.00000
740.00000, 69.00000
744.00000, 70.00000
748.00000, 69.00000
750.00000, 67.00000
753.00000, 65.00000
754.00000, 64.00000
755.00000, 62.00000
756.00000, 64.00000
760.00000, 62.00000
770.00000, 60.00000
772.00000, 62.00000
775.00000, 63.00000
776.00000, 65.00000
778.00000, 67.00000
780.00000, 63.00000
784.00000, 62.00000
790.00000, 58.00000
792.00000, 60.00000
794.00000, 60.00000
796.00000, 62.00000
799.00000, 63.00000
800.00000, 65.00000
802.00000, 67.00000
804.00000, 63.00000
808.00000, 62.00000
812.00000, 62.00000
816.00000, 65.00000
824.00000, 65.00000
836.00000, 65.00000
840.00000, 65.00000
844.00000, 65.00000
848.00000, 65.00000
856.00000, 65.00000
864.00000, 67.00000
872.00000, 67.00000
876.00000, 64.00000
878.00000, 64.00000
882.00000, 62.00000
883.00000, 60.00000
884.00000, 62.00000
occurrence8
682.00000, 65.00000
685.00000, 64.00000
686.00000, 62.00000
687.00000, 60.00000
688.00000, 58.00000
694.00000, 69.00000
696.00000, 70.00000
699.00000, 69.00000
700.00000, 70.00000
701.00000, 69.00000
702.00000, 67.00000
703.00000, 65.00000
704.00000, 67.00000
706.00000, 72.00000
710.00000, 70.00000
714.00000, 69.00000
716.00000, 70.00000
720.00000, 69.00000
726.00000, 69.00000
728.00000, 69.00000
732.00000, 69.00000
736.00000, 69.00000
740.00000, 69.00000
744.00000, 70.00000
748.00000, 69.00000
750.00000, 67.00000
753.00000, 65.00000
754.00000, 64.00000
755.00000, 62.00000
756.00000, 64.00000
760.00000, 62.00000
770.00000, 60.00000
772.00000, 62.00000
775.00000, 63.00000
776.00000, 65.00000
778.00000, 67.00000
780.00000, 63.00000
784.00000, 62.00000
790.00000, 58.00000
792.00000, 60.00000
794.00000, 60.00000
796.00000, 62.00000
799.00000, 63.00000
800.00000, 65.00000
802.00000, 67.00000
804.00000, 63.00000
808.00000, 62.00000
812.00000, 62.00000
816.00000, 65.00000
824.00000, 65.00000
836.00000, 65.00000
840.00000, 65.00000
844.00000, 65.00000
848.00000, 65.00000
856.00000, 65.00000
864.00000, 67.00000
872.00000, 67.00000
876.00000, 64.00000
878.00000, 64.00000
882.00000, 62.00000
883.00000, 60.00000
884.00000, 62.00000
886.00000, 64.00000
888.00000, 65.00000
890.00000, 64.00000
894.00000, 62.00000
occurrence9
964.00000, 69.00000
968.00000, 70.00000
974.00000, 70.00000
976.00000, 67.00000
978.00000, 67.00000
980.00000, 72.00000
986.00000, 70.00000
987.00000, 69.00000
988.00000, 69.00000
992.00000, 70.00000
994.00000, 69.00000
998.00000, 67.00000
999.00000, 65.00000
1000.00000, 69.00000
1002.00000, 67.00000
1003.00000, 65.00000
1004.00000, 64.00000
1006.00000, 69.00000
1010.00000, 65.00000
1014.00000, 62.00000
1016.00000, 62.00000
1026.00000, 74.00000
1028.00000, 74.00000
1030.00000, 74.00000
1033.00000, 72.00000
1034.00000, 70.00000
1035.00000, 69.00000
1036.00000, 67.00000
1042.00000, 67.00000
1044.00000, 69.00000
1048.00000, 70.00000
1052.00000, 69.00000
1058.00000, 69.00000
1060.00000, 70.00000
1062.00000, 67.00000
1064.00000, 69.00000
1066.00000, 72.00000
1069.00000, 70.00000
1070.00000, 69.00000
1071.00000, 67.00000
1072.00000, 69.00000
1074.00000, 67.00000
1078.00000, 66.00000
1080.00000, 67.00000
1116.00000, 67.00000
1120.00000, 65.00000
1122.00000, 67.00000
1124.00000, 69.00000
1126.00000, 70.00000
1130.00000, 69.00000
1131.00000, 67.00000
1132.00000, 65.00000
1134.00000, 70.00000
1138.00000, 69.00000
1142.00000, 67.00000
1144.00000, 69.00000
1156.00000, 74.00000
1160.00000, 72.00000
1162.00000, 69.00000
1166.00000, 67.00000
1168.00000, 69.00000
1170.00000, 64.00000
1172.00000, 69.00000
1175.00000, 67.00000
1176.00000, 65.00000
occurrence10
994.00000, 69.00000
998.00000, 67.00000
999.00000, 65.00000
1000.00000, 69.00000
1002.00000, 67.00000
1003.00000, 65.00000
1004.00000, 64.00000
1006.00000, 69.00000
1010.00000, 65.00000
1014.00000, 62.00000
1016.00000, 62.00000
1026.00000, 74.00000
1028.00000, 74.00000
1030.00000, 74.00000
1033.00000, 72.00000
1034.00000, 70.00000
1035.00000, 69.00000
1036.00000, 67.00000
1042.00000, 67.00000
1044.00000, 69.00000
1048.00000, 70.00000
1052.00000, 69.00000
1058.00000, 69.00000
1060.00000, 70.00000
1062.00000, 67.00000
1064.00000, 69.00000
1066.00000, 72.00000
1069.00000, 70.00000
1070.00000, 69.00000
1071.00000, 67.00000
1072.00000, 69.00000
1074.00000, 67.00000
1078.00000, 66.00000
1080.00000, 67.00000
1116.00000, 67.00000
1120.00000, 65.00000
1122.00000, 67.00000
1124.00000, 69.00000
1126.00000, 70.00000
1130.00000, 69.00000
1131.00000, 67.00000
1132.00000, 65.00000
1134.00000, 70.00000
1138.00000, 69.00000
1142.00000, 67.00000
1144.00000, 69.00000
1156.00000, 74.00000
1160.00000, 72.00000
1162.00000, 69.00000
1166.00000, 67.00000
1168.00000, 69.00000
1170.00000, 64.00000
1172.00000, 69.00000
1175.00000, 67.00000
1176.00000, 65.00000
1178.00000, 64.00000
1179.00000, 62.00000
1180.00000, 64.00000
1184.00000, 62.00000
1190.00000, 58.00000
1192.00000, 60.00000
1194.00000, 62.00000
1196.00000, 63.00000
1200.00000, 62.00000
1202.00000, 67.00000
1206.00000, 65.00000
pattern20
occurrence1
432.00000, 65.00000
440.00000, 65.00000
446.00000, 65.00000
448.00000, 65.00000
452.00000, 64.00000
456.00000, 62.00000
462.00000, 62.00000
466.00000, 62.00000
468.00000, 64.00000
474.00000, 60.00000
476.00000, 60.00000
482.00000, 65.00000
486.00000, 64.00000
487.00000, 62.00000
488.00000, 65.00000
489.00000, 67.00000
490.00000, 69.00000
491.00000, 70.00000
492.00000, 69.00000
494.00000, 65.00000
498.00000, 67.00000
500.00000, 69.00000
502.00000, 72.00000
506.00000, 70.00000
509.00000, 69.00000
510.00000, 67.00000
514.00000, 65.00000
516.00000, 67.00000
518.00000, 62.00000
520.00000, 67.00000
530.00000, 65.00000
532.00000, 67.00000
534.00000, 62.00000
537.00000, 64.00000
538.00000, 65.00000
539.00000, 67.00000
540.00000, 69.00000
544.00000, 62.00000
564.00000, 62.00000
664.00000, 65.00000
672.00000, 65.00000
676.00000, 65.00000
680.00000, 62.00000
682.00000, 65.00000
685.00000, 64.00000
686.00000, 62.00000
687.00000, 60.00000
688.00000, 58.00000
694.00000, 69.00000
696.00000, 70.00000
699.00000, 69.00000
700.00000, 70.00000
701.00000, 69.00000
702.00000, 67.00000
703.00000, 65.00000
704.00000, 67.00000
706.00000, 72.00000
710.00000, 70.00000
714.00000, 69.00000
716.00000, 70.00000
720.00000, 69.00000
726.00000, 69.00000
728.00000, 69.00000
732.00000, 69.00000
736.00000, 69.00000
740.00000, 69.00000
744.00000, 70.00000
748.00000, 69.00000
750.00000, 67.00000
753.00000, 65.00000
754.00000, 64.00000
755.00000, 62.00000
756.00000, 64.00000
760.00000, 62.00000
770.00000, 60.00000
772.00000, 62.00000
775.00000, 63.00000
776.00000, 65.00000
778.00000, 67.00000
780.00000, 63.00000
784.00000, 62.00000
790.00000, 58.00000
792.00000, 60.00000
794.00000, 60.00000
796.00000, 62.00000
799.00000, 63.00000
800.00000, 65.00000
802.00000, 67.00000
804.00000, 63.00000
808.00000, 62.00000
812.00000, 62.00000
816.00000, 65.00000
824.00000, 65.00000
836.00000, 65.00000
840.00000, 65.00000
844.00000, 65.00000
848.00000, 65.00000
856.00000, 65.00000
864.00000, 67.00000
872.00000, 67.00000
876.00000, 64.00000
878.00000, 64.00000
882.00000, 62.00000
883.00000, 60.00000
884.00000, 62.00000
886.00000, 64.00000
888.00000, 65.00000
890.00000, 64.00000
894.00000, 62.00000
898.00000, 60.00000
900.00000, 62.00000
902.00000, 65.00000
904.00000, 64.00000
occurrence2
700.00000, 70.00000
701.00000, 69.00000
702.00000, 67.00000
703.00000, 65.00000
704.00000, 67.00000
706.00000, 72.00000
710.00000, 70.00000
714.00000, 69.00000
716.00000, 70.00000
720.00000, 69.00000
726.00000, 69.00000
728.00000, 69.00000
732.00000, 69.00000
736.00000, 69.00000
740.00000, 69.00000
744.00000, 70.00000
748.00000, 69.00000
750.00000, 67.00000
753.00000, 65.00000
754.00000, 64.00000
755.00000, 62.00000
756.00000, 64.00000
760.00000, 62.00000
770.00000, 60.00000
772.00000, 62.00000
775.00000, 63.00000
776.00000, 65.00000
778.00000, 67.00000
780.00000, 63.00000
784.00000, 62.00000
790.00000, 58.00000
792.00000, 60.00000
794.00000, 60.00000
796.00000, 62.00000
799.00000, 63.00000
800.00000, 65.00000
802.00000, 67.00000
804.00000, 63.00000
808.00000, 62.00000
812.00000, 62.00000
816.00000, 65.00000
824.00000, 65.00000
836.00000, 65.00000
840.00000, 65.00000
844.00000, 65.00000
848.00000, 65.00000
856.00000, 65.00000
864.00000, 67.00000
872.00000, 67.00000
876.00000, 64.00000
878.00000, 64.00000
882.00000, 62.00000
883.00000, 60.00000
884.00000, 62.00000
886.00000, 64.00000
888.00000, 65.00000
890.00000, 64.00000
894.00000, 62.00000
898.00000, 60.00000
900.00000, 62.00000
902.00000, 65.00000
904.00000, 64.00000
906.00000, 62.00000
910.00000, 60.00000
911.00000, 58.00000
912.00000, 57.00000
964.00000, 69.00000
968.00000, 70.00000
974.00000, 70.00000
976.00000, 67.00000
978.00000, 67.00000
980.00000, 72.00000
986.00000, 70.00000
987.00000, 69.00000
988.00000, 69.00000
992.00000, 70.00000
994.00000, 69.00000
998.00000, 67.00000
999.00000, 65.00000
1000.00000, 69.00000
1002.00000, 67.00000
1003.00000, 65.00000
1004.00000, 64.00000
1006.00000, 69.00000
1010.00000, 65.00000
1014.00000, 62.00000
1016.00000, 62.00000
1026.00000, 74.00000
1028.00000, 74.00000
1030.00000, 74.00000
1033.00000, 72.00000
1034.00000, 70.00000
1035.00000, 69.00000
1036.00000, 67.00000
1042.00000, 67.00000
1044.00000, 69.00000
1048.00000, 70.00000
1052.00000, 69.00000
1058.00000, 69.00000
1060.00000, 70.00000
1062.00000, 67.00000
1064.00000, 69.00000
1066.00000, 72.00000
1069.00000, 70.00000
1070.00000, 69.00000
1071.00000, 67.00000
1072.00000, 69.00000
1074.00000, 67.00000
1078.00000, 66.00000
1080.00000, 67.00000
1116.00000, 67.00000
1120.00000, 65.00000
1122.00000, 67.00000
1124.00000, 69.00000
1126.00000, 70.00000
1130.00000, 69.00000
1131.00000, 67.00000
1132.00000, 65.00000
1134.00000, 70.00000
1138.00000, 69.00000
1142.00000, 67.00000
1144.00000, 69.00000
1156.00000, 74.00000
1160.00000, 72.00000
1162.00000, 69.00000
1166.00000, 67.00000
1168.00000, 69.00000
1170.00000, 64.00000
1172.00000, 69.00000
pattern21
occurrence1
220.00000, 67.00000
224.00000, 65.00000
226.00000, 65.00000
228.00000, 70.00000
230.00000, 70.00000
232.00000, 72.00000
240.00000, 74.00000
246.00000, 74.00000
248.00000, 74.00000
250.00000, 74.00000
occurrence2
462.00000, 62.00000
466.00000, 62.00000
468.00000, 64.00000
474.00000, 60.00000
476.00000, 60.00000
482.00000, 65.00000
486.00000, 64.00000
487.00000, 62.00000
488.00000, 65.00000
489.00000, 67.00000
490.00000, 69.00000
491.00000, 70.00000
492.00000, 69.00000
occurrence3
676.00000, 65.00000
680.00000, 62.00000
682.00000, 65.00000
685.00000, 64.00000
686.00000, 62.00000
687.00000, 60.00000
688.00000, 58.00000
694.00000, 69.00000
696.00000, 70.00000
699.00000, 69.00000
700.00000, 70.00000
701.00000, 69.00000
702.00000, 67.00000
703.00000, 65.00000
704.00000, 67.00000
706.00000, 72.00000
occurrence4
998.00000, 67.00000
999.00000, 65.00000
1000.00000, 69.00000
1002.00000, 67.00000
1003.00000, 65.00000
1004.00000, 64.00000
1006.00000, 69.00000
1010.00000, 65.00000
1014.00000, 62.00000
1016.00000, 62.00000
1026.00000, 74.00000
1028.00000, 74.00000
occurrence5
1003.00000, 65.00000
1004.00000, 64.00000
1006.00000, 69.00000
1010.00000, 65.00000
1014.00000, 62.00000
1016.00000, 62.00000
1026.00000, 74.00000
1028.00000, 74.00000
1030.00000, 74.00000
1033.00000, 72.00000
occurrence6
1004.00000, 64.00000
1006.00000, 69.00000
1010.00000, 65.00000
1014.00000, 62.00000
1016.00000, 62.00000
1026.00000, 74.00000
1028.00000, 74.00000
1030.00000, 74.00000
1033.00000, 72.00000
1034.00000, 70.00000
occurrence7
1014.00000, 62.00000
1016.00000, 62.00000
1026.00000, 74.00000
1028.00000, 74.00000
1030.00000, 74.00000
1033.00000, 72.00000
1034.00000, 70.00000
1035.00000, 69.00000
1036.00000, 67.00000
1042.00000, 67.00000
1044.00000, 69.00000
occurrence8
1180.00000, 64.00000
1184.00000, 62.00000
1190.00000, 58.00000
1192.00000, 60.00000
1194.00000, 62.00000
1196.00000, 63.00000
1200.00000, 62.00000
1202.00000, 67.00000
1206.00000, 65.00000
1208.00000, 67.00000
1210.00000, 70.00000
pattern22
occurrence1
56.00000, 64.00000
57.00000, 62.00000
58.00000, 65.00000
60.00000, 64.00000
62.00000, 69.00000
66.00000, 67.00000
70.00000, 66.00000
72.00000, 67.00000
200.00000, 67.00000
204.00000, 67.00000
206.00000, 67.00000
210.00000, 65.00000
211.00000, 64.00000
212.00000, 62.00000
216.00000, 64.00000
218.00000, 62.00000
220.00000, 67.00000
224.00000, 65.00000
226.00000, 65.00000
228.00000, 70.00000
230.00000, 70.00000
232.00000, 72.00000
240.00000, 74.00000
246.00000, 74.00000
248.00000, 74.00000
250.00000, 74.00000
252.00000, 72.00000
254.00000, 69.00000
258.00000, 67.00000
259.00000, 65.00000
260.00000, 67.00000
262.00000, 69.00000
264.00000, 72.00000
267.00000, 70.00000
268.00000, 69.00000
270.00000, 67.00000
271.00000, 65.00000
272.00000, 67.00000
occurrence2
998.00000, 67.00000
999.00000, 65.00000
1000.00000, 69.00000
1002.00000, 67.00000
1003.00000, 65.00000
1004.00000, 64.00000
1006.00000, 69.00000
1010.00000, 65.00000
1014.00000, 62.00000
1016.00000, 62.00000
1026.00000, 74.00000
1028.00000, 74.00000
1030.00000, 74.00000
1033.00000, 72.00000
1034.00000, 70.00000
1035.00000, 69.00000
1036.00000, 67.00000
1042.00000, 67.00000
1044.00000, 69.00000
1048.00000, 70.00000
1052.00000, 69.00000
1058.00000, 69.00000
1060.00000, 70.00000
1062.00000, 67.00000
1064.00000, 69.00000
1066.00000, 72.00000
1069.00000, 70.00000
1070.00000, 69.00000
1071.00000, 67.00000
1072.00000, 69.00000
1074.00000, 67.00000
1078.00000, 66.00000
1080.00000, 67.00000
1116.00000, 67.00000
1120.00000, 65.00000
1122.00000, 67.00000
1124.00000, 69.00000
1126.00000, 70.00000
1130.00000, 69.00000
1131.00000, 67.00000
1132.00000, 65.00000
1134.00000, 70.00000
1138.00000, 69.00000
1142.00000, 67.00000
1144.00000, 69.00000
1156.00000, 74.00000
1160.00000, 72.00000
1162.00000, 69.00000
1166.00000, 67.00000
1168.00000, 69.00000
1170.00000, 64.00000
1172.00000, 69.00000
1175.00000, 67.00000
1176.00000, 65.00000
1178.00000, 64.00000
1179.00000, 62.00000
1180.00000, 64.00000
1184.00000, 62.00000
1190.00000, 58.00000
1192.00000, 60.00000
1194.00000, 62.00000
1196.00000, 63.00000
1200.00000, 62.00000
1202.00000, 67.00000
1206.00000, 65.00000
1208.00000, 67.00000
1210.00000, 70.00000
1214.00000, 70.00000
pattern23
occurrence1
456.00000, 62.00000
462.00000, 62.00000
466.00000, 62.00000
468.00000, 64.00000
474.00000, 60.00000
476.00000, 60.00000
482.00000, 65.00000
486.00000, 64.00000
487.00000, 62.00000
488.00000, 65.00000
489.00000, 67.00000
490.00000, 69.00000
491.00000, 70.00000
492.00000, 69.00000
494.00000, 65.00000
498.00000, 67.00000
500.00000, 69.00000
502.00000, 72.00000
506.00000, 70.00000
509.00000, 69.00000
510.00000, 67.00000
514.00000, 65.00000
occurrence2
968.00000, 70.00000
974.00000, 70.00000
976.00000, 67.00000
978.00000, 67.00000
980.00000, 72.00000
986.00000, 70.00000
987.00000, 69.00000
988.00000, 69.00000
992.00000, 70.00000
994.00000, 69.00000
998.00000, 67.00000
999.00000, 65.00000
1000.00000, 69.00000
1002.00000, 67.00000
1003.00000, 65.00000
1004.00000, 64.00000
1006.00000, 69.00000
1010.00000, 65.00000
1014.00000, 62.00000
1016.00000, 62.00000
1026.00000, 74.00000
pattern24
occurrence1
0.00000, 67.00000
8.00000, 70.00000
11.00000, 69.00000
12.00000, 67.00000
14.00000, 65.00000
18.00000, 64.00000
19.00000, 62.00000
20.00000, 64.00000
24.00000, 62.00000
26.00000, 69.00000
28.00000, 69.00000
30.00000, 70.00000
33.00000, 69.00000
34.00000, 69.00000
35.00000, 67.00000
36.00000, 65.00000
42.00000, 72.00000
46.00000, 70.00000
48.00000, 67.00000
50.00000, 69.00000
54.00000, 67.00000
55.00000, 65.00000
56.00000, 64.00000
57.00000, 62.00000
58.00000, 65.00000
60.00000, 64.00000
62.00000, 69.00000
66.00000, 67.00000
70.00000, 66.00000
72.00000, 67.00000
200.00000, 67.00000
204.00000, 67.00000
206.00000, 67.00000
210.00000, 65.00000
211.00000, 64.00000
212.00000, 62.00000
216.00000, 64.00000
218.00000, 62.00000
220.00000, 67.00000
224.00000, 65.00000
226.00000, 65.00000
228.00000, 70.00000
230.00000, 70.00000
232.00000, 72.00000
240.00000, 74.00000
246.00000, 74.00000
248.00000, 74.00000
250.00000, 74.00000
252.00000, 72.00000
254.00000, 69.00000
258.00000, 67.00000
259.00000, 65.00000
260.00000, 67.00000
262.00000, 69.00000
264.00000, 72.00000
267.00000, 70.00000
268.00000, 69.00000
270.00000, 67.00000
271.00000, 65.00000
272.00000, 67.00000
276.00000, 65.00000
290.00000, 69.00000
292.00000, 69.00000
294.00000, 69.00000
296.00000, 70.00000
298.00000, 69.00000
299.00000, 67.00000
300.00000, 65.00000
302.00000, 69.00000
306.00000, 65.00000
308.00000, 67.00000
310.00000, 69.00000
312.00000, 70.00000
314.00000, 69.00000
315.00000, 67.00000
316.00000, 65.00000
318.00000, 62.00000
320.00000, 60.00000
324.00000, 58.00000
360.00000, 70.00000
366.00000, 69.00000
367.00000, 67.00000
368.00000, 69.00000
370.00000, 70.00000
372.00000, 67.00000
374.00000, 72.00000
376.00000, 72.00000
378.00000, 70.00000
379.00000, 69.00000
380.00000, 70.00000
382.00000, 72.00000
384.00000, 69.00000
390.00000, 67.00000
391.00000, 65.00000
392.00000, 67.00000
394.00000, 69.00000
396.00000, 65.00000
399.00000, 64.00000
400.00000, 62.00000
401.00000, 64.00000
402.00000, 65.00000
403.00000, 67.00000
404.00000, 64.00000
406.00000, 62.00000
410.00000, 70.00000
414.00000, 67.00000
416.00000, 69.00000
418.00000, 72.00000
420.00000, 70.00000
422.00000, 69.00000
426.00000, 67.00000
427.00000, 65.00000
428.00000, 67.00000
432.00000, 65.00000
440.00000, 65.00000
446.00000, 65.00000
448.00000, 65.00000
452.00000, 64.00000
456.00000, 62.00000
462.00000, 62.00000
466.00000, 62.00000
468.00000, 64.00000
474.00000, 60.00000
476.00000, 60.00000
482.00000, 65.00000
486.00000, 64.00000
487.00000, 62.00000
488.00000, 65.00000
489.00000, 67.00000
490.00000, 69.00000
491.00000, 70.00000
492.00000, 69.00000
494.00000, 65.00000
498.00000, 67.00000
500.00000, 69.00000
502.00000, 72.00000
506.00000, 70.00000
509.00000, 69.00000
510.00000, 67.00000
514.00000, 65.00000
516.00000, 67.00000
518.00000, 62.00000
520.00000, 67.00000
530.00000, 65.00000
532.00000, 67.00000
534.00000, 62.00000
537.00000, 64.00000
538.00000, 65.00000
539.00000, 67.00000
540.00000, 69.00000
544.00000, 62.00000
564.00000, 62.00000
664.00000, 65.00000
672.00000, 65.00000
676.00000, 65.00000
680.00000, 62.00000
682.00000, 65.00000
685.00000, 64.00000
686.00000, 62.00000
687.00000, 60.00000
688.00000, 58.00000
694.00000, 69.00000
696.00000, 70.00000
699.00000, 69.00000
700.00000, 70.00000
701.00000, 69.00000
702.00000, 67.00000
703.00000, 65.00000
704.00000, 67.00000
706.00000, 72.00000
710.00000, 70.00000
714.00000, 69.00000
716.00000, 70.00000
720.00000, 69.00000
726.00000, 69.00000
728.00000, 69.00000
732.00000, 69.00000
736.00000, 69.00000
740.00000, 69.00000
744.00000, 70.00000
748.00000, 69.00000
750.00000, 67.00000
753.00000, 65.00000
754.00000, 64.00000
755.00000, 62.00000
756.00000, 64.00000
760.00000, 62.00000
770.00000, 60.00000
772.00000, 62.00000
775.00000, 63.00000
776.00000, 65.00000
778.00000, 67.00000
780.00000, 63.00000
784.00000, 62.00000
790.00000, 58.00000
792.00000, 60.00000
794.00000, 60.00000
796.00000, 62.00000
799.00000, 63.00000
800.00000, 65.00000
802.00000, 67.00000
804.00000, 63.00000
808.00000, 62.00000
812.00000, 62.00000
816.00000, 65.00000
824.00000, 65.00000
836.00000, 65.00000
840.00000, 65.00000
844.00000, 65.00000
848.00000, 65.00000
856.00000, 65.00000
864.00000, 67.00000
872.00000, 67.00000
876.00000, 64.00000
878.00000, 64.00000
882.00000, 62.00000
883.00000, 60.00000
884.00000, 62.00000
886.00000, 64.00000
888.00000, 65.00000
890.00000, 64.00000
894.00000, 62.00000
898.00000, 60.00000
900.00000, 62.00000
902.00000, 65.00000
904.00000, 64.00000
906.00000, 62.00000
910.00000, 60.00000
911.00000, 58.00000
912.00000, 57.00000
964.00000, 69.00000
968.00000, 70.00000
974.00000, 70.00000
976.00000, 67.00000
978.00000, 67.00000
980.00000, 72.00000
986.00000, 70.00000
987.00000, 69.00000
988.00000, 69.00000
992.00000, 70.00000
994.00000, 69.00000
998.00000, 67.00000
999.00000, 65.00000
1000.00000, 69.00000
1002.00000, 67.00000
1003.00000, 65.00000
1004.00000, 64.00000
1006.00000, 69.00000
1010.00000, 65.00000
1014.00000, 62.00000
1016.00000, 62.00000
1026.00000, 74.00000
1028.00000, 74.00000
1030.00000, 74.00000
1033.00000, 72.00000
1034.00000, 70.00000
1035.00000, 69.00000
1036.00000, 67.00000
1042.00000, 67.00000
1044.00000, 69.00000
1048.00000, 70.00000
1052.00000, 69.00000
1058.00000, 69.00000
1060.00000, 70.00000
1062.00000, 67.00000
1064.00000, 69.00000
1066.00000, 72.00000
1069.00000, 70.00000
1070.00000, 69.00000
1071.00000, 67.00000
1072.00000, 69.00000
1074.00000, 67.00000
1078.00000, 66.00000
1080.00000, 67.00000
1116.00000, 67.00000
1120.00000, 65.00000
1122.00000, 67.00000
1124.00000, 69.00000
1126.00000, 70.00000
1130.00000, 69.00000
1131.00000, 67.00000
1132.00000, 65.00000
1134.00000, 70.00000
1138.00000, 69.00000
1142.00000, 67.00000
1144.00000, 69.00000
1156.00000, 74.00000
1160.00000, 72.00000
1162.00000, 69.00000
1166.00000, 67.00000
1168.00000, 69.00000
1170.00000, 64.00000
1172.00000, 69.00000
1175.00000, 67.00000
1176.00000, 65.00000
1178.00000, 64.00000
1179.00000, 62.00000
1180.00000, 64.00000
1184.00000, 62.00000
1190.00000, 58.00000
1192.00000, 60.00000
1194.00000, 62.00000
1196.00000, 63.00000
1200.00000, 62.00000
1202.00000, 67.00000
1206.00000, 65.00000
1208.00000, 67.00000
1210.00000, 70.00000
1214.00000, 70.00000
1216.00000, 70.00000
1217.00000, 69.00000
1218.00000, 67.00000
1219.00000, 65.00000
1220.00000, 67.00000
1224.00000, 65.00000
1226.00000, 62.00000
1229.00000, 64.00000
1230.00000, 65.00000
1232.00000, 60.00000
1233.00000, 62.00000
1234.00000, 64.00000
1235.00000, 65.00000
1236.00000, 67.00000
1238.00000, 64.00000
1240.00000, 62.00000
1242.00000, 67.00000
