pattern1
occurrence1
16.00000, 70.00000
19.00000, 69.00000
20.00000, 70.00000
22.00000, 72.00000
25.00000, 69.00000
26.00000, 69.00000
28.00000, 70.00000
30.00000, 74.00000
32.00000, 72.00000
34.00000, 74.00000
38.00000, 72.00000
40.00000, 70.00000
44.00000, 69.00000
72.00000, 62.00000
78.00000, 62.00000
80.00000, 64.00000
84.00000, 65.00000
90.00000, 67.00000
92.00000, 69.00000
96.00000, 70.00000
98.00000, 69.00000
102.00000, 65.00000
104.00000, 67.00000
107.00000, 64.00000
108.00000, 65.00000
110.00000, 67.00000
112.00000, 69.00000
114.00000, 65.00000
116.00000, 67.00000
118.00000, 65.00000
122.00000, 62.00000
124.00000, 60.00000
128.00000, 58.00000
134.00000, 69.00000
136.00000, 70.00000
138.00000, 72.00000
140.00000, 74.00000
146.00000, 72.00000
148.00000, 70.00000
152.00000, 69.00000
154.00000, 74.00000
156.00000, 72.00000
occurrence2
380.00000, 67.00000
384.00000, 65.00000
396.00000, 65.00000
404.00000, 67.00000
408.00000, 65.00000
416.00000, 70.00000
420.00000, 69.00000
424.00000, 70.00000
428.00000, 72.00000
436.00000, 74.00000
448.00000, 72.00000
452.00000, 70.00000
460.00000, 69.00000
472.00000, 70.00000
478.00000, 67.00000
480.00000, 69.00000
486.00000, 70.00000
488.00000, 72.00000
492.00000, 70.00000
496.00000, 74.00000
500.00000, 72.00000
504.00000, 75.00000
508.00000, 74.00000
510.00000, 70.00000
512.00000, 70.00000
520.00000, 69.00000
occurrence3
576.00000, 64.00000
578.00000, 65.00000
582.00000, 62.00000
584.00000, 60.00000
592.00000, 60.00000
596.00000, 58.00000
600.00000, 63.00000
604.00000, 62.00000
608.00000, 63.00000
612.00000, 65.00000
618.00000, 67.00000
620.00000, 69.00000
628.00000, 67.00000
632.00000, 65.00000
640.00000, 70.00000
646.00000, 69.00000
648.00000, 69.00000
650.00000, 67.00000
652.00000, 70.00000
658.00000, 67.00000
660.00000, 69.00000
664.00000, 70.00000
666.00000, 72.00000
670.00000, 70.00000
673.00000, 69.00000
674.00000, 67.00000
677.00000, 65.00000
678.00000, 65.00000
680.00000, 64.00000
682.00000, 65.00000
686.00000, 62.00000
688.00000, 60.00000
691.00000, 62.00000
692.00000, 64.00000
694.00000, 65.00000
696.00000, 67.00000
698.00000, 69.00000
702.00000, 67.00000
704.00000, 65.00000
706.00000, 67.00000
710.00000, 65.00000
714.00000, 64.00000
716.00000, 65.00000
occurrence4
872.00000, 64.00000
876.00000, 65.00000
884.00000, 58.00000
888.00000, 65.00000
892.00000, 67.00000
894.00000, 65.00000
896.00000, 64.00000
900.00000, 62.00000
902.00000, 60.00000
904.00000, 62.00000
906.00000, 65.00000
908.00000, 64.00000
910.00000, 62.00000
914.00000, 67.00000
916.00000, 65.00000
919.00000, 64.00000
919.50000, 62.00000
920.00000, 60.00000
922.00000, 62.00000
926.00000, 64.00000
929.00000, 65.00000
930.00000, 67.00000
932.00000, 65.00000
933.00000, 62.00000
934.00000, 62.00000
938.00000, 61.00000
940.00000, 62.00000
946.00000, 60.00000
948.00000, 62.00000
952.00000, 64.00000
956.00000, 65.00000
958.00000, 62.00000
960.00000, 60.00000
964.00000, 58.00000
972.00000, 70.00000
980.00000, 69.00000
983.00000, 70.00000
984.00000, 72.00000
986.00000, 74.00000
990.00000, 72.00000
991.00000, 70.00000
992.00000, 69.00000
994.00000, 70.00000
998.00000, 67.00000
1000.00000, 69.00000
1004.00000, 65.00000
1006.00000, 67.00000
1008.00000, 69.00000
1010.00000, 70.00000
1012.00000, 65.00000
pattern2
occurrence1
12.00000, 69.00000
16.00000, 70.00000
19.00000, 69.00000
20.00000, 70.00000
22.00000, 72.00000
25.00000, 69.00000
26.00000, 69.00000
28.00000, 70.00000
30.00000, 74.00000
32.00000, 72.00000
34.00000, 74.00000
38.00000, 72.00000
40.00000, 70.00000
44.00000, 69.00000
72.00000, 62.00000
78.00000, 62.00000
80.00000, 64.00000
84.00000, 65.00000
90.00000, 67.00000
92.00000, 69.00000
96.00000, 70.00000
98.00000, 69.00000
102.00000, 65.00000
104.00000, 67.00000
107.00000, 64.00000
108.00000, 65.00000
110.00000, 67.00000
112.00000, 69.00000
114.00000, 65.00000
116.00000, 67.00000
118.00000, 65.00000
122.00000, 62.00000
124.00000, 60.00000
128.00000, 58.00000
134.00000, 69.00000
136.00000, 70.00000
138.00000, 72.00000
140.00000, 74.00000
occurrence2
648.00000, 69.00000
650.00000, 67.00000
652.00000, 70.00000
658.00000, 67.00000
660.00000, 69.00000
664.00000, 70.00000
666.00000, 72.00000
670.00000, 70.00000
673.00000, 69.00000
674.00000, 67.00000
677.00000, 65.00000
678.00000, 65.00000
680.00000, 64.00000
682.00000, 65.00000
686.00000, 62.00000
688.00000, 60.00000
691.00000, 62.00000
692.00000, 64.00000
694.00000, 65.00000
696.00000, 67.00000
698.00000, 69.00000
702.00000, 67.00000
704.00000, 65.00000
706.00000, 67.00000
710.00000, 65.00000
714.00000, 64.00000
716.00000, 65.00000
724.00000, 65.00000
732.00000, 70.00000
738.00000, 69.00000
739.00000, 67.00000
740.00000, 69.00000
744.00000, 70.00000
748.00000, 72.00000
752.00000, 74.00000
764.00000, 72.00000
768.00000, 74.00000
770.00000, 75.00000
773.00000, 74.00000
774.00000, 72.00000
775.00000, 70.00000
776.00000, 74.00000
occurrence3
872.00000, 64.00000
876.00000, 65.00000
884.00000, 58.00000
888.00000, 65.00000
892.00000, 67.00000
894.00000, 65.00000
896.00000, 64.00000
900.00000, 62.00000
902.00000, 60.00000
904.00000, 62.00000
906.00000, 65.00000
908.00000, 64.00000
910.00000, 62.00000
914.00000, 67.00000
916.00000, 65.00000
919.00000, 64.00000
919.50000, 62.00000
920.00000, 60.00000
922.00000, 62.00000
926.00000, 64.00000
929.00000, 65.00000
930.00000, 67.00000
932.00000, 65.00000
933.00000, 62.00000
934.00000, 62.00000
938.00000, 61.00000
940.00000, 62.00000
946.00000, 60.00000
948.00000, 62.00000
952.00000, 64.00000
956.00000, 65.00000
958.00000, 62.00000
960.00000, 60.00000
964.00000, 58.00000
972.00000, 70.00000
980.00000, 69.00000
983.00000, 70.00000
984.00000, 72.00000
986.00000, 74.00000
990.00000, 72.00000
991.00000, 70.00000
992.00000, 69.00000
994.00000, 70.00000
998.00000, 67.00000
1000.00000, 69.00000
occurrence4
910.00000, 62.00000
914.00000, 67.00000
916.00000, 65.00000
919.00000, 64.00000
919.50000, 62.00000
920.00000, 60.00000
922.00000, 62.00000
926.00000, 64.00000
929.00000, 65.00000
930.00000, 67.00000
932.00000, 65.00000
933.00000, 62.00000
934.00000, 62.00000
938.00000, 61.00000
940.00000, 62.00000
946.00000, 60.00000
948.00000, 62.00000
952.00000, 64.00000
956.00000, 65.00000
958.00000, 62.00000
960.00000, 60.00000
964.00000, 58.00000
972.00000, 70.00000
980.00000, 69.00000
983.00000, 70.00000
984.00000, 72.00000
986.00000, 74.00000
990.00000, 72.00000
991.00000, 70.00000
992.00000, 69.00000
994.00000, 70.00000
998.00000, 67.00000
1000.00000, 69.00000
1004.00000, 65.00000
1006.00000, 67.00000
1008.00000, 69.00000
1010.00000, 70.00000
1012.00000, 65.00000
1016.00000, 62.00000
1018.00000, 60.00000
1022.00000, 58.00000
1026.00000, 62.00000
1030.00000, 64.00000
1032.00000, 65.00000
1035.00000, 62.00000
1036.00000, 65.00000
1038.00000, 67.00000
pattern3
occurrence1
0.00000, 65.00000
6.00000, 67.00000
8.00000, 69.00000
12.00000, 69.00000
16.00000, 70.00000
19.00000, 69.00000
20.00000, 70.00000
occurrence2
686.00000, 62.00000
688.00000, 60.00000
691.00000, 62.00000
692.00000, 64.00000
694.00000, 65.00000
696.00000, 67.00000
698.00000, 69.00000
702.00000, 67.00000
704.00000, 65.00000
706.00000, 67.00000
occurrence3
1030.00000, 64.00000
1032.00000, 65.00000
1035.00000, 62.00000
1036.00000, 65.00000
1038.00000, 67.00000
1040.00000, 69.00000
1042.00000, 65.00000
1046.00000, 70.00000
1050.00000, 69.00000
occurrence4
1032.00000, 65.00000
1035.00000, 62.00000
1036.00000, 65.00000
1038.00000, 67.00000
1040.00000, 69.00000
1042.00000, 65.00000
1046.00000, 70.00000
1050.00000, 69.00000
1052.00000, 70.00000
pattern4
occurrence1
20.00000, 70.00000
22.00000, 72.00000
25.00000, 69.00000
26.00000, 69.00000
28.00000, 70.00000
occurrence2
768.00000, 74.00000
770.00000, 75.00000
773.00000, 74.00000
774.00000, 72.00000
775.00000, 70.00000
776.00000, 74.00000
occurrence3
992.00000, 69.00000
994.00000, 70.00000
998.00000, 67.00000
1000.00000, 69.00000
occurrence4
998.00000, 67.00000
1000.00000, 69.00000
1004.00000, 65.00000
1006.00000, 67.00000
pattern5
occurrence1
138.00000, 72.00000
140.00000, 74.00000
146.00000, 72.00000
148.00000, 70.00000
152.00000, 69.00000
154.00000, 74.00000
156.00000, 72.00000
158.00000, 74.00000
occurrence2
786.00000, 69.00000
788.00000, 70.00000
791.00000, 72.00000
792.00000, 74.00000
796.00000, 72.00000
798.00000, 69.00000
802.00000, 70.00000
804.00000, 69.00000
806.00000, 70.00000
occurrence3
902.00000, 60.00000
904.00000, 62.00000
906.00000, 65.00000
908.00000, 64.00000
910.00000, 62.00000
914.00000, 67.00000
916.00000, 65.00000
919.00000, 64.00000
919.50000, 62.00000
920.00000, 60.00000
922.00000, 62.00000
pattern6
occurrence1
214.00000, 69.00000
216.00000, 70.00000
218.00000, 72.00000
220.00000, 70.00000
221.00000, 67.00000
222.00000, 70.00000
225.00000, 69.00000
227.00000, 67.00000
228.00000, 70.00000
236.00000, 67.00000
240.00000, 69.00000
occurrence2
486.00000, 70.00000
488.00000, 72.00000
492.00000, 70.00000
496.00000, 74.00000
500.00000, 72.00000
504.00000, 75.00000
508.00000, 74.00000
510.00000, 70.00000
512.00000, 70.00000
occurrence3
920.00000, 60.00000
922.00000, 62.00000
926.00000, 64.00000
929.00000, 65.00000
930.00000, 67.00000
932.00000, 65.00000
933.00000, 62.00000
934.00000, 62.00000
938.00000, 61.00000
940.00000, 62.00000
946.00000, 60.00000
pattern7
occurrence1
136.00000, 70.00000
138.00000, 72.00000
140.00000, 74.00000
146.00000, 72.00000
148.00000, 70.00000
152.00000, 69.00000
154.00000, 74.00000
156.00000, 72.00000
158.00000, 74.00000
162.00000, 70.00000
166.00000, 69.00000
occurrence2
214.00000, 69.00000
216.00000, 70.00000
218.00000, 72.00000
220.00000, 70.00000
221.00000, 67.00000
222.00000, 70.00000
225.00000, 69.00000
227.00000, 67.00000
228.00000, 70.00000
236.00000, 67.00000
240.00000, 69.00000
244.00000, 67.00000
occurrence3
1006.00000, 67.00000
1008.00000, 69.00000
1010.00000, 70.00000
1012.00000, 65.00000
1016.00000, 62.00000
1018.00000, 60.00000
1022.00000, 58.00000
1026.00000, 62.00000
1030.00000, 64.00000
1032.00000, 65.00000
1035.00000, 62.00000
1036.00000, 65.00000
pattern8
occurrence1
22.00000, 72.00000
25.00000, 69.00000
26.00000, 69.00000
28.00000, 70.00000
30.00000, 74.00000
32.00000, 72.00000
34.00000, 74.00000
38.00000, 72.00000
40.00000, 70.00000
44.00000, 69.00000
72.00000, 62.00000
78.00000, 62.00000
80.00000, 64.00000
84.00000, 65.00000
90.00000, 67.00000
92.00000, 69.00000
96.00000, 70.00000
98.00000, 69.00000
102.00000, 65.00000
104.00000, 67.00000
107.00000, 64.00000
108.00000, 65.00000
110.00000, 67.00000
112.00000, 69.00000
114.00000, 65.00000
116.00000, 67.00000
118.00000, 65.00000
122.00000, 62.00000
124.00000, 60.00000
128.00000, 58.00000
134.00000, 69.00000
136.00000, 70.00000
138.00000, 72.00000
occurrence2
694.00000, 65.00000
696.00000, 67.00000
698.00000, 69.00000
702.00000, 67.00000
704.00000, 65.00000
706.00000, 67.00000
710.00000, 65.00000
714.00000, 64.00000
716.00000, 65.00000
724.00000, 65.00000
732.00000, 70.00000
738.00000, 69.00000
739.00000, 67.00000
740.00000, 69.00000
744.00000, 70.00000
748.00000, 72.00000
752.00000, 74.00000
764.00000, 72.00000
768.00000, 74.00000
770.00000, 75.00000
773.00000, 74.00000
774.00000, 72.00000
775.00000, 70.00000
776.00000, 74.00000
778.00000, 72.00000
779.00000, 74.00000
780.00000, 72.00000
782.00000, 70.00000
786.00000, 69.00000
788.00000, 70.00000
791.00000, 72.00000
792.00000, 74.00000
796.00000, 72.00000
798.00000, 69.00000
802.00000, 70.00000
804.00000, 69.00000
806.00000, 70.00000
809.00000, 69.00000
810.00000, 65.00000
occurrence3
900.00000, 62.00000
902.00000, 60.00000
904.00000, 62.00000
906.00000, 65.00000
908.00000, 64.00000
910.00000, 62.00000
914.00000, 67.00000
916.00000, 65.00000
919.00000, 64.00000
919.50000, 62.00000
920.00000, 60.00000
922.00000, 62.00000
926.00000, 64.00000
929.00000, 65.00000
930.00000, 67.00000
932.00000, 65.00000
933.00000, 62.00000
934.00000, 62.00000
938.00000, 61.00000
940.00000, 62.00000
946.00000, 60.00000
948.00000, 62.00000
952.00000, 64.00000
956.00000, 65.00000
958.00000, 62.00000
960.00000, 60.00000
964.00000, 58.00000
972.00000, 70.00000
980.00000, 69.00000
983.00000, 70.00000
984.00000, 72.00000
986.00000, 74.00000
990.00000, 72.00000
991.00000, 70.00000
992.00000, 69.00000
994.00000, 70.00000
998.00000, 67.00000
1000.00000, 69.00000
1004.00000, 65.00000
1006.00000, 67.00000
1008.00000, 69.00000
1010.00000, 70.00000
1012.00000, 65.00000
1016.00000, 62.00000
pattern9
occurrence1
72.00000, 62.00000
78.00000, 62.00000
80.00000, 64.00000
84.00000, 65.00000
90.00000, 67.00000
92.00000, 69.00000
96.00000, 70.00000
98.00000, 69.00000
102.00000, 65.00000
104.00000, 67.00000
107.00000, 64.00000
108.00000, 65.00000
110.00000, 67.00000
112.00000, 69.00000
114.00000, 65.00000
116.00000, 67.00000
118.00000, 65.00000
122.00000, 62.00000
124.00000, 60.00000
128.00000, 58.00000
occurrence2
148.00000, 70.00000
152.00000, 69.00000
154.00000, 74.00000
156.00000, 72.00000
158.00000, 74.00000
162.00000, 70.00000
166.00000, 69.00000
168.00000, 70.00000
174.00000, 72.00000
178.00000, 69.00000
180.00000, 69.00000
192.00000, 69.00000
198.00000, 65.00000
200.00000, 69.00000
203.00000, 70.00000
204.00000, 67.00000
occurrence3
500.00000, 72.00000
504.00000, 75.00000
508.00000, 74.00000
510.00000, 70.00000
512.00000, 70.00000
520.00000, 69.00000
524.00000, 70.00000
552.00000, 70.00000
556.00000, 69.00000
pattern10
occurrence1
102.00000, 65.00000
104.00000, 67.00000
107.00000, 64.00000
108.00000, 65.00000
110.00000, 67.00000
112.00000, 69.00000
114.00000, 65.00000
116.00000, 67.00000
118.00000, 65.00000
122.00000, 62.00000
124.00000, 60.00000
128.00000, 58.00000
134.00000, 69.00000
136.00000, 70.00000
138.00000, 72.00000
140.00000, 74.00000
146.00000, 72.00000
148.00000, 70.00000
152.00000, 69.00000
154.00000, 74.00000
156.00000, 72.00000
158.00000, 74.00000
162.00000, 70.00000
166.00000, 69.00000
168.00000, 70.00000
174.00000, 72.00000
178.00000, 69.00000
180.00000, 69.00000
192.00000, 69.00000
198.00000, 65.00000
200.00000, 69.00000
203.00000, 70.00000
204.00000, 67.00000
occurrence2
576.00000, 64.00000
578.00000, 65.00000
582.00000, 62.00000
584.00000, 60.00000
592.00000, 60.00000
596.00000, 58.00000
600.00000, 63.00000
604.00000, 62.00000
608.00000, 63.00000
612.00000, 65.00000
618.00000, 67.00000
620.00000, 69.00000
628.00000, 67.00000
632.00000, 65.00000
640.00000, 70.00000
646.00000, 69.00000
648.00000, 69.00000
650.00000, 67.00000
652.00000, 70.00000
658.00000, 67.00000
660.00000, 69.00000
664.00000, 70.00000
666.00000, 72.00000
670.00000, 70.00000
673.00000, 69.00000
674.00000, 67.00000
677.00000, 65.00000
678.00000, 65.00000
occurrence3
714.00000, 64.00000
716.00000, 65.00000
724.00000, 65.00000
732.00000, 70.00000
738.00000, 69.00000
739.00000, 67.00000
740.00000, 69.00000
744.00000, 70.00000
748.00000, 72.00000
752.00000, 74.00000
764.00000, 72.00000
768.00000, 74.00000
770.00000, 75.00000
773.00000, 74.00000
774.00000, 72.00000
775.00000, 70.00000
776.00000, 74.00000
778.00000, 72.00000
779.00000, 74.00000
780.00000, 72.00000
782.00000, 70.00000
786.00000, 69.00000
788.00000, 70.00000
791.00000, 72.00000
792.00000, 74.00000
796.00000, 72.00000
798.00000, 69.00000
802.00000, 70.00000
804.00000, 69.00000
806.00000, 70.00000
809.00000, 69.00000
810.00000, 65.00000
812.00000, 67.00000
816.00000, 65.00000
pattern11
occurrence1
102.00000, 65.00000
104.00000, 67.00000
107.00000, 64.00000
108.00000, 65.00000
110.00000, 67.00000
112.00000, 69.00000
114.00000, 65.00000
116.00000, 67.00000
118.00000, 65.00000
122.00000, 62.00000
124.00000, 60.00000
128.00000, 58.00000
134.00000, 69.00000
136.00000, 70.00000
138.00000, 72.00000
140.00000, 74.00000
146.00000, 72.00000
148.00000, 70.00000
152.00000, 69.00000
154.00000, 74.00000
156.00000, 72.00000
158.00000, 74.00000
162.00000, 70.00000
166.00000, 69.00000
168.00000, 70.00000
174.00000, 72.00000
178.00000, 69.00000
180.00000, 69.00000
192.00000, 69.00000
198.00000, 65.00000
200.00000, 69.00000
203.00000, 70.00000
204.00000, 67.00000
206.00000, 65.00000
210.00000, 70.00000
213.00000, 69.00000
214.00000, 69.00000
occurrence2
110.00000, 67.00000
112.00000, 69.00000
114.00000, 65.00000
116.00000, 67.00000
118.00000, 65.00000
122.00000, 62.00000
124.00000, 60.00000
128.00000, 58.00000
134.00000, 69.00000
136.00000, 70.00000
138.00000, 72.00000
140.00000, 74.00000
146.00000, 72.00000
148.00000, 70.00000
152.00000, 69.00000
154.00000, 74.00000
156.00000, 72.00000
158.00000, 74.00000
162.00000, 70.00000
166.00000, 69.00000
168.00000, 70.00000
174.00000, 72.00000
178.00000, 69.00000
180.00000, 69.00000
192.00000, 69.00000
198.00000, 65.00000
200.00000, 69.00000
203.00000, 70.00000
204.00000, 67.00000
206.00000, 65.00000
210.00000, 70.00000
213.00000, 69.00000
214.00000, 69.00000
216.00000, 70.00000
218.00000, 72.00000
220.00000, 70.00000
221.00000, 67.00000
222.00000, 70.00000
occurrence3
664.00000, 70.00000
666.00000, 72.00000
670.00000, 70.00000
673.00000, 69.00000
674.00000, 67.00000
677.00000, 65.00000
678.00000, 65.00000
680.00000, 64.00000
682.00000, 65.00000
686.00000, 62.00000
688.00000, 60.00000
691.00000, 62.00000
692.00000, 64.00000
694.00000, 65.00000
696.00000, 67.00000
698.00000, 69.00000
702.00000, 67.00000
704.00000, 65.00000
706.00000, 67.00000
710.00000, 65.00000
714.00000, 64.00000
716.00000, 65.00000
724.00000, 65.00000
732.00000, 70.00000
738.00000, 69.00000
739.00000, 67.00000
740.00000, 69.00000
744.00000, 70.00000
748.00000, 72.00000
752.00000, 74.00000
764.00000, 72.00000
768.00000, 74.00000
770.00000, 75.00000
773.00000, 74.00000
774.00000, 72.00000
775.00000, 70.00000
776.00000, 74.00000
pattern12
occurrence1
118.00000, 65.00000
122.00000, 62.00000
124.00000, 60.00000
128.00000, 58.00000
134.00000, 69.00000
136.00000, 70.00000
138.00000, 72.00000
140.00000, 74.00000
146.00000, 72.00000
148.00000, 70.00000
152.00000, 69.00000
154.00000, 74.00000
156.00000, 72.00000
158.00000, 74.00000
162.00000, 70.00000
166.00000, 69.00000
168.00000, 70.00000
174.00000, 72.00000
178.00000, 69.00000
180.00000, 69.00000
192.00000, 69.00000
198.00000, 65.00000
200.00000, 69.00000
203.00000, 70.00000
204.00000, 67.00000
206.00000, 65.00000
210.00000, 70.00000
213.00000, 69.00000
214.00000, 69.00000
216.00000, 70.00000
218.00000, 72.00000
220.00000, 70.00000
221.00000, 67.00000
222.00000, 70.00000
225.00000, 69.00000
227.00000, 67.00000
228.00000, 70.00000
236.00000, 67.00000
240.00000, 69.00000
244.00000, 67.00000
246.00000, 70.00000
250.00000, 69.00000
252.00000, 67.00000
254.00000, 65.00000
258.00000, 62.00000
260.00000, 60.00000
262.00000, 65.00000
265.00000, 64.00000
266.00000, 64.00000
268.00000, 69.00000
271.00000, 67.00000
272.00000, 67.00000
274.00000, 65.00000
276.00000, 70.00000
278.00000, 69.00000
279.00000, 65.00000
280.00000, 67.00000
282.00000, 65.00000
284.00000, 64.00000
286.00000, 67.00000
occurrence2
122.00000, 62.00000
124.00000, 60.00000
128.00000, 58.00000
134.00000, 69.00000
136.00000, 70.00000
138.00000, 72.00000
140.00000, 74.00000
146.00000, 72.00000
148.00000, 70.00000
152.00000, 69.00000
154.00000, 74.00000
156.00000, 72.00000
158.00000, 74.00000
162.00000, 70.00000
166.00000, 69.00000
168.00000, 70.00000
174.00000, 72.00000
178.00000, 69.00000
180.00000, 69.00000
192.00000, 69.00000
198.00000, 65.00000
200.00000, 69.00000
203.00000, 70.00000
204.00000, 67.00000
206.00000, 65.00000
210.00000, 70.00000
213.00000, 69.00000
214.00000, 69.00000
216.00000, 70.00000
218.00000, 72.00000
220.00000, 70.00000
221.00000, 67.00000
222.00000, 70.00000
225.00000, 69.00000
227.00000, 67.00000
228.00000, 70.00000
236.00000, 67.00000
240.00000, 69.00000
244.00000, 67.00000
246.00000, 70.00000
250.00000, 69.00000
252.00000, 67.00000
254.00000, 65.00000
258.00000, 62.00000
260.00000, 60.00000
262.00000, 65.00000
265.00000, 64.00000
266.00000, 64.00000
268.00000, 69.00000
271.00000, 67.00000
272.00000, 67.00000
274.00000, 65.00000
276.00000, 70.00000
278.00000, 69.00000
279.00000, 65.00000
280.00000, 67.00000
282.00000, 65.00000
284.00000, 64.00000
286.00000, 67.00000
287.00000, 69.00000
289.00000, 65.00000
290.00000, 64.00000
occurrence3
620.00000, 69.00000
628.00000, 67.00000
632.00000, 65.00000
640.00000, 70.00000
646.00000, 69.00000
648.00000, 69.00000
650.00000, 67.00000
652.00000, 70.00000
658.00000, 67.00000
660.00000, 69.00000
664.00000, 70.00000
666.00000, 72.00000
670.00000, 70.00000
673.00000, 69.00000
674.00000, 67.00000
677.00000, 65.00000
678.00000, 65.00000
680.00000, 64.00000
682.00000, 65.00000
686.00000, 62.00000
688.00000, 60.00000
691.00000, 62.00000
692.00000, 64.00000
694.00000, 65.00000
696.00000, 67.00000
698.00000, 69.00000
702.00000, 67.00000
704.00000, 65.00000
706.00000, 67.00000
710.00000, 65.00000
714.00000, 64.00000
716.00000, 65.00000
724.00000, 65.00000
732.00000, 70.00000
738.00000, 69.00000
739.00000, 67.00000
740.00000, 69.00000
744.00000, 70.00000
748.00000, 72.00000
752.00000, 74.00000
764.00000, 72.00000
768.00000, 74.00000
770.00000, 75.00000
773.00000, 74.00000
774.00000, 72.00000
775.00000, 70.00000
776.00000, 74.00000
778.00000, 72.00000
779.00000, 74.00000
780.00000, 72.00000
782.00000, 70.00000
786.00000, 69.00000
788.00000, 70.00000
pattern13
occurrence1
156.00000, 72.00000
158.00000, 74.00000
162.00000, 70.00000
166.00000, 69.00000
168.00000, 70.00000
174.00000, 72.00000
178.00000, 69.00000
180.00000, 69.00000
192.00000, 69.00000
198.00000, 65.00000
200.00000, 69.00000
203.00000, 70.00000
204.00000, 67.00000
206.00000, 65.00000
210.00000, 70.00000
213.00000, 69.00000
214.00000, 69.00000
216.00000, 70.00000
218.00000, 72.00000
220.00000, 70.00000
221.00000, 67.00000
222.00000, 70.00000
225.00000, 69.00000
227.00000, 67.00000
228.00000, 70.00000
236.00000, 67.00000
240.00000, 69.00000
244.00000, 67.00000
246.00000, 70.00000
250.00000, 69.00000
252.00000, 67.00000
254.00000, 65.00000
258.00000, 62.00000
260.00000, 60.00000
262.00000, 65.00000
265.00000, 64.00000
266.00000, 64.00000
268.00000, 69.00000
occurrence2
810.00000, 65.00000
812.00000, 67.00000
816.00000, 65.00000
840.00000, 70.00000
844.00000, 69.00000
846.00000, 65.00000
848.00000, 67.00000
850.00000, 65.00000
851.00000, 64.00000
852.00000, 62.00000
854.00000, 63.00000
856.00000, 58.00000
860.00000, 60.00000
864.00000, 58.00000
868.00000, 62.00000
872.00000, 64.00000
876.00000, 65.00000
884.00000, 58.00000
888.00000, 65.00000
892.00000, 67.00000
894.00000, 65.00000
896.00000, 64.00000
900.00000, 62.00000
902.00000, 60.00000
904.00000, 62.00000
906.00000, 65.00000
908.00000, 64.00000
910.00000, 62.00000
914.00000, 67.00000
916.00000, 65.00000
919.00000, 64.00000
919.50000, 62.00000
920.00000, 60.00000
922.00000, 62.00000
occurrence3
846.00000, 65.00000
848.00000, 67.00000
850.00000, 65.00000
851.00000, 64.00000
852.00000, 62.00000
854.00000, 63.00000
856.00000, 58.00000
860.00000, 60.00000
864.00000, 58.00000
868.00000, 62.00000
872.00000, 64.00000
876.00000, 65.00000
884.00000, 58.00000
888.00000, 65.00000
892.00000, 67.00000
894.00000, 65.00000
896.00000, 64.00000
900.00000, 62.00000
902.00000, 60.00000
904.00000, 62.00000
906.00000, 65.00000
908.00000, 64.00000
910.00000, 62.00000
914.00000, 67.00000
916.00000, 65.00000
919.00000, 64.00000
919.50000, 62.00000
920.00000, 60.00000
922.00000, 62.00000
926.00000, 64.00000
929.00000, 65.00000
930.00000, 67.00000
932.00000, 65.00000
933.00000, 62.00000
934.00000, 62.00000
938.00000, 61.00000
940.00000, 62.00000
946.00000, 60.00000
948.00000, 62.00000
952.00000, 64.00000
956.00000, 65.00000
958.00000, 62.00000
pattern14
occurrence1
116.00000, 67.00000
118.00000, 65.00000
122.00000, 62.00000
124.00000, 60.00000
128.00000, 58.00000
134.00000, 69.00000
136.00000, 70.00000
138.00000, 72.00000
140.00000, 74.00000
146.00000, 72.00000
148.00000, 70.00000
152.00000, 69.00000
154.00000, 74.00000
156.00000, 72.00000
158.00000, 74.00000
162.00000, 70.00000
166.00000, 69.00000
168.00000, 70.00000
174.00000, 72.00000
178.00000, 69.00000
180.00000, 69.00000
192.00000, 69.00000
198.00000, 65.00000
200.00000, 69.00000
203.00000, 70.00000
204.00000, 67.00000
206.00000, 65.00000
210.00000, 70.00000
213.00000, 69.00000
214.00000, 69.00000
216.00000, 70.00000
218.00000, 72.00000
220.00000, 70.00000
221.00000, 67.00000
222.00000, 70.00000
225.00000, 69.00000
227.00000, 67.00000
228.00000, 70.00000
236.00000, 67.00000
240.00000, 69.00000
244.00000, 67.00000
246.00000, 70.00000
250.00000, 69.00000
252.00000, 67.00000
254.00000, 65.00000
258.00000, 62.00000
260.00000, 60.00000
262.00000, 65.00000
265.00000, 64.00000
266.00000, 64.00000
268.00000, 69.00000
271.00000, 67.00000
272.00000, 67.00000
274.00000, 65.00000
276.00000, 70.00000
278.00000, 69.00000
279.00000, 65.00000
280.00000, 67.00000
282.00000, 65.00000
284.00000, 64.00000
286.00000, 67.00000
287.00000, 69.00000
289.00000, 65.00000
290.00000, 64.00000
291.00000, 65.00000
293.00000, 64.00000
occurrence2
118.00000, 65.00000
122.00000, 62.00000
124.00000, 60.00000
128.00000, 58.00000
134.00000, 69.00000
136.00000, 70.00000
138.00000, 72.00000
140.00000, 74.00000
146.00000, 72.00000
148.00000, 70.00000
152.00000, 69.00000
154.00000, 74.00000
156.00000, 72.00000
158.00000, 74.00000
162.00000, 70.00000
166.00000, 69.00000
168.00000, 70.00000
174.00000, 72.00000
178.00000, 69.00000
180.00000, 69.00000
192.00000, 69.00000
198.00000, 65.00000
200.00000, 69.00000
203.00000, 70.00000
204.00000, 67.00000
206.00000, 65.00000
210.00000, 70.00000
213.00000, 69.00000
214.00000, 69.00000
216.00000, 70.00000
218.00000, 72.00000
220.00000, 70.00000
221.00000, 67.00000
222.00000, 70.00000
225.00000, 69.00000
227.00000, 67.00000
228.00000, 70.00000
236.00000, 67.00000
240.00000, 69.00000
244.00000, 67.00000
246.00000, 70.00000
250.00000, 69.00000
252.00000, 67.00000
254.00000, 65.00000
258.00000, 62.00000
260.00000, 60.00000
262.00000, 65.00000
265.00000, 64.00000
266.00000, 64.00000
268.00000, 69.00000
271.00000, 67.00000
272.00000, 67.00000
274.00000, 65.00000
276.00000, 70.00000
278.00000, 69.00000
279.00000, 65.00000
280.00000, 67.00000
282.00000, 65.00000
284.00000, 64.00000
286.00000, 67.00000
287.00000, 69.00000
289.00000, 65.00000
290.00000, 64.00000
291.00000, 65.00000
293.00000, 64.00000
294.00000, 60.00000
295.00000, 62.00000
occurrence3
673.00000, 69.00000
674.00000, 67.00000
677.00000, 65.00000
678.00000, 65.00000
680.00000, 64.00000
682.00000, 65.00000
686.00000, 62.00000
688.00000, 60.00000
691.00000, 62.00000
692.00000, 64.00000
694.00000, 65.00000
696.00000, 67.00000
698.00000, 69.00000
702.00000, 67.00000
704.00000, 65.00000
706.00000, 67.00000
710.00000, 65.00000
714.00000, 64.00000
716.00000, 65.00000
724.00000, 65.00000
732.00000, 70.00000
738.00000, 69.00000
739.00000, 67.00000
740.00000, 69.00000
744.00000, 70.00000
748.00000, 72.00000
752.00000, 74.00000
764.00000, 72.00000
768.00000, 74.00000
770.00000, 75.00000
773.00000, 74.00000
774.00000, 72.00000
775.00000, 70.00000
776.00000, 74.00000
778.00000, 72.00000
779.00000, 74.00000
780.00000, 72.00000
782.00000, 70.00000
786.00000, 69.00000
788.00000, 70.00000
791.00000, 72.00000
792.00000, 74.00000
796.00000, 72.00000
798.00000, 69.00000
802.00000, 70.00000
804.00000, 69.00000
806.00000, 70.00000
809.00000, 69.00000
810.00000, 65.00000
812.00000, 67.00000
816.00000, 65.00000
840.00000, 70.00000
844.00000, 69.00000
846.00000, 65.00000
848.00000, 67.00000
850.00000, 65.00000
pattern15
occurrence1
6.00000, 67.00000
8.00000, 69.00000
12.00000, 69.00000
16.00000, 70.00000
19.00000, 69.00000
20.00000, 70.00000
22.00000, 72.00000
25.00000, 69.00000
26.00000, 69.00000
28.00000, 70.00000
30.00000, 74.00000
32.00000, 72.00000
34.00000, 74.00000
38.00000, 72.00000
40.00000, 70.00000
44.00000, 69.00000
72.00000, 62.00000
78.00000, 62.00000
80.00000, 64.00000
84.00000, 65.00000
90.00000, 67.00000
92.00000, 69.00000
96.00000, 70.00000
98.00000, 69.00000
102.00000, 65.00000
104.00000, 67.00000
107.00000, 64.00000
108.00000, 65.00000
110.00000, 67.00000
112.00000, 69.00000
114.00000, 65.00000
116.00000, 67.00000
118.00000, 65.00000
122.00000, 62.00000
124.00000, 60.00000
128.00000, 58.00000
134.00000, 69.00000
136.00000, 70.00000
138.00000, 72.00000
140.00000, 74.00000
146.00000, 72.00000
148.00000, 70.00000
152.00000, 69.00000
154.00000, 74.00000
156.00000, 72.00000
158.00000, 74.00000
162.00000, 70.00000
166.00000, 69.00000
168.00000, 70.00000
174.00000, 72.00000
178.00000, 69.00000
180.00000, 69.00000
192.00000, 69.00000
198.00000, 65.00000
200.00000, 69.00000
203.00000, 70.00000
204.00000, 67.00000
206.00000, 65.00000
210.00000, 70.00000
213.00000, 69.00000
214.00000, 69.00000
216.00000, 70.00000
218.00000, 72.00000
220.00000, 70.00000
221.00000, 67.00000
222.00000, 70.00000
225.00000, 69.00000
227.00000, 67.00000
228.00000, 70.00000
236.00000, 67.00000
240.00000, 69.00000
244.00000, 67.00000
246.00000, 70.00000
250.00000, 69.00000
252.00000, 67.00000
254.00000, 65.00000
258.00000, 62.00000
260.00000, 60.00000
262.00000, 65.00000
265.00000, 64.00000
266.00000, 64.00000
268.00000, 69.00000
271.00000, 67.00000
272.00000, 67.00000
274.00000, 65.00000
276.00000, 70.00000
278.00000, 69.00000
279.00000, 65.00000
280.00000, 67.00000
282.00000, 65.00000
284.00000, 64.00000
286.00000, 67.00000
287.00000, 69.00000
289.00000, 65.00000
290.00000, 64.00000
291.00000, 65.00000
293.00000, 64.00000
294.00000, 60.00000
295.00000, 62.00000
296.50000, 60.00000
297.00000, 65.00000
299.00000, 64.00000
300.00000, 65.00000
368.00000, 64.00000
372.00000, 62.00000
376.00000, 63.00000
379.00000, 65.00000
380.00000, 67.00000
384.00000, 65.00000
396.00000, 65.00000
404.00000, 67.00000
408.00000, 65.00000
416.00000, 70.00000
420.00000, 69.00000
424.00000, 70.00000
428.00000, 72.00000
436.00000, 74.00000
448.00000, 72.00000
452.00000, 70.00000
460.00000, 69.00000
472.00000, 70.00000
478.00000, 67.00000
480.00000, 69.00000
486.00000, 70.00000
488.00000, 72.00000
492.00000, 70.00000
496.00000, 74.00000
500.00000, 72.00000
504.00000, 75.00000
508.00000, 74.00000
510.00000, 70.00000
512.00000, 70.00000
520.00000, 69.00000
524.00000, 70.00000
552.00000, 70.00000
556.00000, 69.00000
560.00000, 65.00000
564.00000, 67.00000
572.00000, 65.00000
576.00000, 64.00000
578.00000, 65.00000
582.00000, 62.00000
584.00000, 60.00000
592.00000, 60.00000
596.00000, 58.00000
600.00000, 63.00000
604.00000, 62.00000
608.00000, 63.00000
612.00000, 65.00000
618.00000, 67.00000
620.00000, 69.00000
628.00000, 67.00000
632.00000, 65.00000
640.00000, 70.00000
646.00000, 69.00000
648.00000, 69.00000
650.00000, 67.00000
652.00000, 70.00000
658.00000, 67.00000
660.00000, 69.00000
664.00000, 70.00000
666.00000, 72.00000
670.00000, 70.00000
673.00000, 69.00000
674.00000, 67.00000
677.00000, 65.00000
678.00000, 65.00000
680.00000, 64.00000
682.00000, 65.00000
686.00000, 62.00000
688.00000, 60.00000
691.00000, 62.00000
692.00000, 64.00000
694.00000, 65.00000
696.00000, 67.00000
occurrence2
8.00000, 69.00000
12.00000, 69.00000
16.00000, 70.00000
19.00000, 69.00000
20.00000, 70.00000
22.00000, 72.00000
25.00000, 69.00000
26.00000, 69.00000
28.00000, 70.00000
30.00000, 74.00000
32.00000, 72.00000
34.00000, 74.00000
38.00000, 72.00000
40.00000, 70.00000
44.00000, 69.00000
72.00000, 62.00000
78.00000, 62.00000
80.00000, 64.00000
84.00000, 65.00000
90.00000, 67.00000
92.00000, 69.00000
96.00000, 70.00000
98.00000, 69.00000
102.00000, 65.00000
104.00000, 67.00000
107.00000, 64.00000
108.00000, 65.00000
110.00000, 67.00000
112.00000, 69.00000
114.00000, 65.00000
116.00000, 67.00000
118.00000, 65.00000
122.00000, 62.00000
124.00000, 60.00000
128.00000, 58.00000
134.00000, 69.00000
136.00000, 70.00000
138.00000, 72.00000
140.00000, 74.00000
146.00000, 72.00000
148.00000, 70.00000
152.00000, 69.00000
154.00000, 74.00000
156.00000, 72.00000
158.00000, 74.00000
162.00000, 70.00000
166.00000, 69.00000
168.00000, 70.00000
174.00000, 72.00000
178.00000, 69.00000
180.00000, 69.00000
192.00000, 69.00000
198.00000, 65.00000
200.00000, 69.00000
203.00000, 70.00000
204.00000, 67.00000
206.00000, 65.00000
210.00000, 70.00000
213.00000, 69.00000
214.00000, 69.00000
216.00000, 70.00000
218.00000, 72.00000
220.00000, 70.00000
221.00000, 67.00000
222.00000, 70.00000
225.00000, 69.00000
227.00000, 67.00000
228.00000, 70.00000
236.00000, 67.00000
240.00000, 69.00000
244.00000, 67.00000
246.00000, 70.00000
250.00000, 69.00000
252.00000, 67.00000
254.00000, 65.00000
258.00000, 62.00000
260.00000, 60.00000
262.00000, 65.00000
265.00000, 64.00000
266.00000, 64.00000
268.00000, 69.00000
271.00000, 67.00000
272.00000, 67.00000
274.00000, 65.00000
276.00000, 70.00000
278.00000, 69.00000
279.00000, 65.00000
280.00000, 67.00000
282.00000, 65.00000
284.00000, 64.00000
286.00000, 67.00000
287.00000, 69.00000
289.00000, 65.00000
290.00000, 64.00000
291.00000, 65.00000
293.00000, 64.00000
294.00000, 60.00000
295.00000, 62.00000
296.50000, 60.00000
297.00000, 65.00000
299.00000, 64.00000
300.00000, 65.00000
368.00000, 64.00000
372.00000, 62.00000
376.00000, 63.00000
379.00000, 65.00000
380.00000, 67.00000
384.00000, 65.00000
396.00000, 65.00000
404.00000, 67.00000
408.00000, 65.00000
416.00000, 70.00000
420.00000, 69.00000
424.00000, 70.00000
428.00000, 72.00000
436.00000, 74.00000
448.00000, 72.00000
452.00000, 70.00000
460.00000, 69.00000
472.00000, 70.00000
478.00000, 67.00000
480.00000, 69.00000
486.00000, 70.00000
488.00000, 72.00000
492.00000, 70.00000
496.00000, 74.00000
500.00000, 72.00000
504.00000, 75.00000
508.00000, 74.00000
510.00000, 70.00000
512.00000, 70.00000
520.00000, 69.00000
524.00000, 70.00000
552.00000, 70.00000
556.00000, 69.00000
560.00000, 65.00000
564.00000, 67.00000
572.00000, 65.00000
576.00000, 64.00000
578.00000, 65.00000
582.00000, 62.00000
584.00000, 60.00000
592.00000, 60.00000
596.00000, 58.00000
600.00000, 63.00000
604.00000, 62.00000
608.00000, 63.00000
612.00000, 65.00000
618.00000, 67.00000
620.00000, 69.00000
628.00000, 67.00000
632.00000, 65.00000
640.00000, 70.00000
646.00000, 69.00000
648.00000, 69.00000
650.00000, 67.00000
652.00000, 70.00000
658.00000, 67.00000
660.00000, 69.00000
664.00000, 70.00000
666.00000, 72.00000
670.00000, 70.00000
673.00000, 69.00000
674.00000, 67.00000
677.00000, 65.00000
678.00000, 65.00000
680.00000, 64.00000
682.00000, 65.00000
686.00000, 62.00000
688.00000, 60.00000
691.00000, 62.00000
692.00000, 64.00000
694.00000, 65.00000
696.00000, 67.00000
698.00000, 69.00000
occurrence3
198.00000, 65.00000
200.00000, 69.00000
203.00000, 70.00000
204.00000, 67.00000
206.00000, 65.00000
210.00000, 70.00000
213.00000, 69.00000
214.00000, 69.00000
216.00000, 70.00000
218.00000, 72.00000
220.00000, 70.00000
221.00000, 67.00000
222.00000, 70.00000
225.00000, 69.00000
227.00000, 67.00000
228.00000, 70.00000
236.00000, 67.00000
240.00000, 69.00000
244.00000, 67.00000
246.00000, 70.00000
250.00000, 69.00000
252.00000, 67.00000
254.00000, 65.00000
258.00000, 62.00000
260.00000, 60.00000
262.00000, 65.00000
265.00000, 64.00000
266.00000, 64.00000
268.00000, 69.00000
271.00000, 67.00000
272.00000, 67.00000
274.00000, 65.00000
276.00000, 70.00000
278.00000, 69.00000
279.00000, 65.00000
280.00000, 67.00000
282.00000, 65.00000
284.00000, 64.00000
286.00000, 67.00000
287.00000, 69.00000
289.00000, 65.00000
290.00000, 64.00000
291.00000, 65.00000
293.00000, 64.00000
294.00000, 60.00000
295.00000, 62.00000
296.50000, 60.00000
297.00000, 65.00000
299.00000, 64.00000
300.00000, 65.00000
368.00000, 64.00000
372.00000, 62.00000
376.00000, 63.00000
379.00000, 65.00000
380.00000, 67.00000
384.00000, 65.00000
396.00000, 65.00000
404.00000, 67.00000
408.00000, 65.00000
416.00000, 70.00000
420.00000, 69.00000
424.00000, 70.00000
428.00000, 72.00000
436.00000, 74.00000
448.00000, 72.00000
452.00000, 70.00000
460.00000, 69.00000
472.00000, 70.00000
478.00000, 67.00000
480.00000, 69.00000
486.00000, 70.00000
488.00000, 72.00000
492.00000, 70.00000
496.00000, 74.00000
500.00000, 72.00000
504.00000, 75.00000
508.00000, 74.00000
510.00000, 70.00000
512.00000, 70.00000
520.00000, 69.00000
524.00000, 70.00000
552.00000, 70.00000
556.00000, 69.00000
560.00000, 65.00000
564.00000, 67.00000
572.00000, 65.00000
576.00000, 64.00000
578.00000, 65.00000
582.00000, 62.00000
584.00000, 60.00000
592.00000, 60.00000
596.00000, 58.00000
600.00000, 63.00000
604.00000, 62.00000
608.00000, 63.00000
612.00000, 65.00000
618.00000, 67.00000
620.00000, 69.00000
628.00000, 67.00000
632.00000, 65.00000
640.00000, 70.00000
646.00000, 69.00000
648.00000, 69.00000
650.00000, 67.00000
652.00000, 70.00000
658.00000, 67.00000
660.00000, 69.00000
664.00000, 70.00000
666.00000, 72.00000
670.00000, 70.00000
673.00000, 69.00000
674.00000, 67.00000
677.00000, 65.00000
678.00000, 65.00000
680.00000, 64.00000
682.00000, 65.00000
686.00000, 62.00000
688.00000, 60.00000
691.00000, 62.00000
692.00000, 64.00000
694.00000, 65.00000
696.00000, 67.00000
698.00000, 69.00000
702.00000, 67.00000
704.00000, 65.00000
706.00000, 67.00000
710.00000, 65.00000
714.00000, 64.00000
716.00000, 65.00000
724.00000, 65.00000
732.00000, 70.00000
738.00000, 69.00000
739.00000, 67.00000
740.00000, 69.00000
744.00000, 70.00000
748.00000, 72.00000
752.00000, 74.00000
764.00000, 72.00000
768.00000, 74.00000
770.00000, 75.00000
773.00000, 74.00000
774.00000, 72.00000
775.00000, 70.00000
776.00000, 74.00000
778.00000, 72.00000
779.00000, 74.00000
780.00000, 72.00000
782.00000, 70.00000
786.00000, 69.00000
788.00000, 70.00000
791.00000, 72.00000
792.00000, 74.00000
796.00000, 72.00000
798.00000, 69.00000
802.00000, 70.00000
804.00000, 69.00000
806.00000, 70.00000
809.00000, 69.00000
810.00000, 65.00000
812.00000, 67.00000
816.00000, 65.00000
840.00000, 70.00000
844.00000, 69.00000
846.00000, 65.00000
848.00000, 67.00000
850.00000, 65.00000
851.00000, 64.00000
852.00000, 62.00000
854.00000, 63.00000
856.00000, 58.00000
860.00000, 60.00000
864.00000, 58.00000
868.00000, 62.00000
872.00000, 64.00000
876.00000, 65.00000
884.00000, 58.00000
888.00000, 65.00000
occurrence4
258.00000, 62.00000
260.00000, 60.00000
262.00000, 65.00000
265.00000, 64.00000
266.00000, 64.00000
268.00000, 69.00000
271.00000, 67.00000
272.00000, 67.00000
274.00000, 65.00000
276.00000, 70.00000
278.00000, 69.00000
279.00000, 65.00000
280.00000, 67.00000
282.00000, 65.00000
284.00000, 64.00000
286.00000, 67.00000
287.00000, 69.00000
289.00000, 65.00000
290.00000, 64.00000
291.00000, 65.00000
293.00000, 64.00000
294.00000, 60.00000
295.00000, 62.00000
296.50000, 60.00000
297.00000, 65.00000
299.00000, 64.00000
300.00000, 65.00000
368.00000, 64.00000
372.00000, 62.00000
376.00000, 63.00000
379.00000, 65.00000
380.00000, 67.00000
384.00000, 65.00000
396.00000, 65.00000
404.00000, 67.00000
408.00000, 65.00000
416.00000, 70.00000
420.00000, 69.00000
424.00000, 70.00000
428.00000, 72.00000
436.00000, 74.00000
448.00000, 72.00000
452.00000, 70.00000
460.00000, 69.00000
472.00000, 70.00000
478.00000, 67.00000
480.00000, 69.00000
486.00000, 70.00000
488.00000, 72.00000
492.00000, 70.00000
496.00000, 74.00000
500.00000, 72.00000
504.00000, 75.00000
508.00000, 74.00000
510.00000, 70.00000
512.00000, 70.00000
520.00000, 69.00000
524.00000, 70.00000
552.00000, 70.00000
556.00000, 69.00000
560.00000, 65.00000
564.00000, 67.00000
572.00000, 65.00000
576.00000, 64.00000
578.00000, 65.00000
582.00000, 62.00000
584.00000, 60.00000
592.00000, 60.00000
596.00000, 58.00000
600.00000, 63.00000
604.00000, 62.00000
608.00000, 63.00000
612.00000, 65.00000
618.00000, 67.00000
620.00000, 69.00000
628.00000, 67.00000
632.00000, 65.00000
640.00000, 70.00000
646.00000, 69.00000
648.00000, 69.00000
650.00000, 67.00000
652.00000, 70.00000
658.00000, 67.00000
660.00000, 69.00000
664.00000, 70.00000
666.00000, 72.00000
670.00000, 70.00000
673.00000, 69.00000
674.00000, 67.00000
677.00000, 65.00000
678.00000, 65.00000
680.00000, 64.00000
682.00000, 65.00000
686.00000, 62.00000
688.00000, 60.00000
691.00000, 62.00000
692.00000, 64.00000
694.00000, 65.00000
696.00000, 67.00000
698.00000, 69.00000
702.00000, 67.00000
704.00000, 65.00000
706.00000, 67.00000
710.00000, 65.00000
714.00000, 64.00000
716.00000, 65.00000
724.00000, 65.00000
732.00000, 70.00000
738.00000, 69.00000
739.00000, 67.00000
740.00000, 69.00000
744.00000, 70.00000
748.00000, 72.00000
752.00000, 74.00000
764.00000, 72.00000
768.00000, 74.00000
770.00000, 75.00000
773.00000, 74.00000
774.00000, 72.00000
775.00000, 70.00000
776.00000, 74.00000
778.00000, 72.00000
779.00000, 74.00000
780.00000, 72.00000
782.00000, 70.00000
786.00000, 69.00000
788.00000, 70.00000
791.00000, 72.00000
792.00000, 74.00000
796.00000, 72.00000
798.00000, 69.00000
802.00000, 70.00000
804.00000, 69.00000
806.00000, 70.00000
809.00000, 69.00000
810.00000, 65.00000
812.00000, 67.00000
816.00000, 65.00000
840.00000, 70.00000
844.00000, 69.00000
846.00000, 65.00000
848.00000, 67.00000
850.00000, 65.00000
851.00000, 64.00000
852.00000, 62.00000
854.00000, 63.00000
856.00000, 58.00000
860.00000, 60.00000
864.00000, 58.00000
868.00000, 62.00000
872.00000, 64.00000
876.00000, 65.00000
884.00000, 58.00000
888.00000, 65.00000
892.00000, 67.00000
894.00000, 65.00000
896.00000, 64.00000
900.00000, 62.00000
902.00000, 60.00000
904.00000, 62.00000
906.00000, 65.00000
908.00000, 64.00000
910.00000, 62.00000
914.00000, 67.00000
916.00000, 65.00000
919.00000, 64.00000
919.50000, 62.00000
920.00000, 60.00000
922.00000, 62.00000
926.00000, 64.00000
929.00000, 65.00000
930.00000, 67.00000
932.00000, 65.00000
933.00000, 62.00000
934.00000, 62.00000
938.00000, 61.00000
940.00000, 62.00000
946.00000, 60.00000
948.00000, 62.00000
pattern16
occurrence1
96.00000, 70.00000
98.00000, 69.00000
102.00000, 65.00000
104.00000, 67.00000
107.00000, 64.00000
108.00000, 65.00000
110.00000, 67.00000
112.00000, 69.00000
114.00000, 65.00000
116.00000, 67.00000
118.00000, 65.00000
122.00000, 62.00000
124.00000, 60.00000
128.00000, 58.00000
134.00000, 69.00000
136.00000, 70.00000
138.00000, 72.00000
140.00000, 74.00000
146.00000, 72.00000
148.00000, 70.00000
152.00000, 69.00000
154.00000, 74.00000
156.00000, 72.00000
158.00000, 74.00000
162.00000, 70.00000
166.00000, 69.00000
168.00000, 70.00000
174.00000, 72.00000
178.00000, 69.00000
180.00000, 69.00000
192.00000, 69.00000
198.00000, 65.00000
200.00000, 69.00000
203.00000, 70.00000
204.00000, 67.00000
206.00000, 65.00000
210.00000, 70.00000
213.00000, 69.00000
214.00000, 69.00000
216.00000, 70.00000
218.00000, 72.00000
220.00000, 70.00000
221.00000, 67.00000
222.00000, 70.00000
225.00000, 69.00000
227.00000, 67.00000
228.00000, 70.00000
236.00000, 67.00000
240.00000, 69.00000
244.00000, 67.00000
246.00000, 70.00000
250.00000, 69.00000
252.00000, 67.00000
254.00000, 65.00000
258.00000, 62.00000
260.00000, 60.00000
262.00000, 65.00000
265.00000, 64.00000
266.00000, 64.00000
268.00000, 69.00000
271.00000, 67.00000
272.00000, 67.00000
274.00000, 65.00000
276.00000, 70.00000
278.00000, 69.00000
279.00000, 65.00000
280.00000, 67.00000
282.00000, 65.00000
284.00000, 64.00000
286.00000, 67.00000
287.00000, 69.00000
289.00000, 65.00000
290.00000, 64.00000
291.00000, 65.00000
293.00000, 64.00000
294.00000, 60.00000
295.00000, 62.00000
296.50000, 60.00000
297.00000, 65.00000
299.00000, 64.00000
300.00000, 65.00000
368.00000, 64.00000
372.00000, 62.00000
376.00000, 63.00000
379.00000, 65.00000
380.00000, 67.00000
384.00000, 65.00000
396.00000, 65.00000
404.00000, 67.00000
408.00000, 65.00000
416.00000, 70.00000
420.00000, 69.00000
424.00000, 70.00000
428.00000, 72.00000
436.00000, 74.00000
448.00000, 72.00000
452.00000, 70.00000
460.00000, 69.00000
472.00000, 70.00000
478.00000, 67.00000
occurrence2
276.00000, 70.00000
278.00000, 69.00000
279.00000, 65.00000
280.00000, 67.00000
282.00000, 65.00000
284.00000, 64.00000
286.00000, 67.00000
287.00000, 69.00000
289.00000, 65.00000
290.00000, 64.00000
291.00000, 65.00000
293.00000, 64.00000
294.00000, 60.00000
295.00000, 62.00000
296.50000, 60.00000
297.00000, 65.00000
299.00000, 64.00000
300.00000, 65.00000
368.00000, 64.00000
372.00000, 62.00000
376.00000, 63.00000
379.00000, 65.00000
380.00000, 67.00000
384.00000, 65.00000
396.00000, 65.00000
404.00000, 67.00000
408.00000, 65.00000
416.00000, 70.00000
420.00000, 69.00000
424.00000, 70.00000
428.00000, 72.00000
436.00000, 74.00000
448.00000, 72.00000
452.00000, 70.00000
460.00000, 69.00000
472.00000, 70.00000
478.00000, 67.00000
480.00000, 69.00000
486.00000, 70.00000
488.00000, 72.00000
492.00000, 70.00000
496.00000, 74.00000
500.00000, 72.00000
504.00000, 75.00000
508.00000, 74.00000
510.00000, 70.00000
512.00000, 70.00000
520.00000, 69.00000
524.00000, 70.00000
552.00000, 70.00000
556.00000, 69.00000
560.00000, 65.00000
564.00000, 67.00000
572.00000, 65.00000
576.00000, 64.00000
578.00000, 65.00000
582.00000, 62.00000
584.00000, 60.00000
592.00000, 60.00000
596.00000, 58.00000
600.00000, 63.00000
604.00000, 62.00000
608.00000, 63.00000
612.00000, 65.00000
618.00000, 67.00000
620.00000, 69.00000
628.00000, 67.00000
632.00000, 65.00000
640.00000, 70.00000
646.00000, 69.00000
648.00000, 69.00000
650.00000, 67.00000
652.00000, 70.00000
658.00000, 67.00000
occurrence3
582.00000, 62.00000
584.00000, 60.00000
592.00000, 60.00000
596.00000, 58.00000
600.00000, 63.00000
604.00000, 62.00000
608.00000, 63.00000
612.00000, 65.00000
618.00000, 67.00000
620.00000, 69.00000
628.00000, 67.00000
632.00000, 65.00000
640.00000, 70.00000
646.00000, 69.00000
648.00000, 69.00000
650.00000, 67.00000
652.00000, 70.00000
658.00000, 67.00000
660.00000, 69.00000
664.00000, 70.00000
666.00000, 72.00000
670.00000, 70.00000
673.00000, 69.00000
674.00000, 67.00000
677.00000, 65.00000
678.00000, 65.00000
680.00000, 64.00000
682.00000, 65.00000
686.00000, 62.00000
688.00000, 60.00000
691.00000, 62.00000
692.00000, 64.00000
694.00000, 65.00000
696.00000, 67.00000
698.00000, 69.00000
702.00000, 67.00000
704.00000, 65.00000
706.00000, 67.00000
710.00000, 65.00000
714.00000, 64.00000
716.00000, 65.00000
724.00000, 65.00000
732.00000, 70.00000
738.00000, 69.00000
739.00000, 67.00000
740.00000, 69.00000
744.00000, 70.00000
748.00000, 72.00000
752.00000, 74.00000
764.00000, 72.00000
768.00000, 74.00000
770.00000, 75.00000
773.00000, 74.00000
774.00000, 72.00000
775.00000, 70.00000
776.00000, 74.00000
778.00000, 72.00000
779.00000, 74.00000
780.00000, 72.00000
782.00000, 70.00000
786.00000, 69.00000
788.00000, 70.00000
791.00000, 72.00000
792.00000, 74.00000
796.00000, 72.00000
798.00000, 69.00000
802.00000, 70.00000
804.00000, 69.00000
806.00000, 70.00000
809.00000, 69.00000
810.00000, 65.00000
812.00000, 67.00000
816.00000, 65.00000
840.00000, 70.00000
844.00000, 69.00000
846.00000, 65.00000
848.00000, 67.00000
850.00000, 65.00000
851.00000, 64.00000
852.00000, 62.00000
854.00000, 63.00000
856.00000, 58.00000
860.00000, 60.00000
864.00000, 58.00000
868.00000, 62.00000
872.00000, 64.00000
876.00000, 65.00000
884.00000, 58.00000
888.00000, 65.00000
892.00000, 67.00000
894.00000, 65.00000
896.00000, 64.00000
900.00000, 62.00000
902.00000, 60.00000
904.00000, 62.00000
906.00000, 65.00000
908.00000, 64.00000
910.00000, 62.00000
914.00000, 67.00000
916.00000, 65.00000
919.00000, 64.00000
919.50000, 62.00000
920.00000, 60.00000
922.00000, 62.00000
926.00000, 64.00000
929.00000, 65.00000
930.00000, 67.00000
932.00000, 65.00000
933.00000, 62.00000
934.00000, 62.00000
938.00000, 61.00000
940.00000, 62.00000
946.00000, 60.00000
948.00000, 62.00000
952.00000, 64.00000
956.00000, 65.00000
958.00000, 62.00000
960.00000, 60.00000
964.00000, 58.00000
pattern17
occurrence1
38.00000, 72.00000
40.00000, 70.00000
44.00000, 69.00000
72.00000, 62.00000
78.00000, 62.00000
80.00000, 64.00000
84.00000, 65.00000
90.00000, 67.00000
92.00000, 69.00000
96.00000, 70.00000
98.00000, 69.00000
102.00000, 65.00000
104.00000, 67.00000
107.00000, 64.00000
108.00000, 65.00000
110.00000, 67.00000
112.00000, 69.00000
114.00000, 65.00000
116.00000, 67.00000
118.00000, 65.00000
122.00000, 62.00000
124.00000, 60.00000
128.00000, 58.00000
134.00000, 69.00000
136.00000, 70.00000
138.00000, 72.00000
140.00000, 74.00000
146.00000, 72.00000
148.00000, 70.00000
152.00000, 69.00000
154.00000, 74.00000
156.00000, 72.00000
158.00000, 74.00000
162.00000, 70.00000
166.00000, 69.00000
168.00000, 70.00000
174.00000, 72.00000
178.00000, 69.00000
180.00000, 69.00000
192.00000, 69.00000
198.00000, 65.00000
200.00000, 69.00000
203.00000, 70.00000
204.00000, 67.00000
206.00000, 65.00000
210.00000, 70.00000
213.00000, 69.00000
214.00000, 69.00000
216.00000, 70.00000
218.00000, 72.00000
220.00000, 70.00000
221.00000, 67.00000
222.00000, 70.00000
225.00000, 69.00000
227.00000, 67.00000
228.00000, 70.00000
236.00000, 67.00000
240.00000, 69.00000
244.00000, 67.00000
246.00000, 70.00000
250.00000, 69.00000
252.00000, 67.00000
254.00000, 65.00000
258.00000, 62.00000
260.00000, 60.00000
262.00000, 65.00000
265.00000, 64.00000
266.00000, 64.00000
268.00000, 69.00000
271.00000, 67.00000
272.00000, 67.00000
274.00000, 65.00000
276.00000, 70.00000
278.00000, 69.00000
279.00000, 65.00000
280.00000, 67.00000
282.00000, 65.00000
284.00000, 64.00000
286.00000, 67.00000
287.00000, 69.00000
289.00000, 65.00000
290.00000, 64.00000
291.00000, 65.00000
293.00000, 64.00000
294.00000, 60.00000
295.00000, 62.00000
296.50000, 60.00000
297.00000, 65.00000
299.00000, 64.00000
300.00000, 65.00000
368.00000, 64.00000
372.00000, 62.00000
376.00000, 63.00000
379.00000, 65.00000
380.00000, 67.00000
384.00000, 65.00000
396.00000, 65.00000
404.00000, 67.00000
408.00000, 65.00000
416.00000, 70.00000
420.00000, 69.00000
occurrence2
250.00000, 69.00000
252.00000, 67.00000
254.00000, 65.00000
258.00000, 62.00000
260.00000, 60.00000
262.00000, 65.00000
265.00000, 64.00000
266.00000, 64.00000
268.00000, 69.00000
271.00000, 67.00000
272.00000, 67.00000
274.00000, 65.00000
276.00000, 70.00000
278.00000, 69.00000
279.00000, 65.00000
280.00000, 67.00000
282.00000, 65.00000
284.00000, 64.00000
286.00000, 67.00000
287.00000, 69.00000
289.00000, 65.00000
290.00000, 64.00000
291.00000, 65.00000
293.00000, 64.00000
294.00000, 60.00000
295.00000, 62.00000
296.50000, 60.00000
297.00000, 65.00000
299.00000, 64.00000
300.00000, 65.00000
368.00000, 64.00000
372.00000, 62.00000
376.00000, 63.00000
379.00000, 65.00000
380.00000, 67.00000
384.00000, 65.00000
396.00000, 65.00000
404.00000, 67.00000
408.00000, 65.00000
416.00000, 70.00000
420.00000, 69.00000
424.00000, 70.00000
428.00000, 72.00000
436.00000, 74.00000
448.00000, 72.00000
452.00000, 70.00000
460.00000, 69.00000
472.00000, 70.00000
478.00000, 67.00000
480.00000, 69.00000
486.00000, 70.00000
488.00000, 72.00000
492.00000, 70.00000
496.00000, 74.00000
500.00000, 72.00000
504.00000, 75.00000
508.00000, 74.00000
510.00000, 70.00000
512.00000, 70.00000
520.00000, 69.00000
524.00000, 70.00000
552.00000, 70.00000
556.00000, 69.00000
560.00000, 65.00000
564.00000, 67.00000
572.00000, 65.00000
576.00000, 64.00000
578.00000, 65.00000
582.00000, 62.00000
584.00000, 60.00000
592.00000, 60.00000
596.00000, 58.00000
600.00000, 63.00000
604.00000, 62.00000
608.00000, 63.00000
612.00000, 65.00000
618.00000, 67.00000
620.00000, 69.00000
628.00000, 67.00000
632.00000, 65.00000
occurrence3
582.00000, 62.00000
584.00000, 60.00000
592.00000, 60.00000
596.00000, 58.00000
600.00000, 63.00000
604.00000, 62.00000
608.00000, 63.00000
612.00000, 65.00000
618.00000, 67.00000
620.00000, 69.00000
628.00000, 67.00000
632.00000, 65.00000
640.00000, 70.00000
646.00000, 69.00000
648.00000, 69.00000
650.00000, 67.00000
652.00000, 70.00000
658.00000, 67.00000
660.00000, 69.00000
664.00000, 70.00000
666.00000, 72.00000
670.00000, 70.00000
673.00000, 69.00000
674.00000, 67.00000
677.00000, 65.00000
678.00000, 65.00000
680.00000, 64.00000
682.00000, 65.00000
686.00000, 62.00000
688.00000, 60.00000
691.00000, 62.00000
692.00000, 64.00000
694.00000, 65.00000
696.00000, 67.00000
698.00000, 69.00000
702.00000, 67.00000
704.00000, 65.00000
706.00000, 67.00000
710.00000, 65.00000
714.00000, 64.00000
716.00000, 65.00000
724.00000, 65.00000
732.00000, 70.00000
738.00000, 69.00000
739.00000, 67.00000
740.00000, 69.00000
744.00000, 70.00000
748.00000, 72.00000
752.00000, 74.00000
764.00000, 72.00000
768.00000, 74.00000
770.00000, 75.00000
773.00000, 74.00000
774.00000, 72.00000
775.00000, 70.00000
776.00000, 74.00000
778.00000, 72.00000
779.00000, 74.00000
780.00000, 72.00000
782.00000, 70.00000
786.00000, 69.00000
788.00000, 70.00000
791.00000, 72.00000
792.00000, 74.00000
796.00000, 72.00000
798.00000, 69.00000
802.00000, 70.00000
804.00000, 69.00000
806.00000, 70.00000
809.00000, 69.00000
810.00000, 65.00000
812.00000, 67.00000
816.00000, 65.00000
840.00000, 70.00000
844.00000, 69.00000
846.00000, 65.00000
848.00000, 67.00000
850.00000, 65.00000
851.00000, 64.00000
852.00000, 62.00000
854.00000, 63.00000
856.00000, 58.00000
860.00000, 60.00000
864.00000, 58.00000
868.00000, 62.00000
872.00000, 64.00000
876.00000, 65.00000
884.00000, 58.00000
888.00000, 65.00000
892.00000, 67.00000
894.00000, 65.00000
896.00000, 64.00000
900.00000, 62.00000
902.00000, 60.00000
904.00000, 62.00000
906.00000, 65.00000
908.00000, 64.00000
910.00000, 62.00000
914.00000, 67.00000
916.00000, 65.00000
919.00000, 64.00000
919.50000, 62.00000
920.00000, 60.00000
922.00000, 62.00000
926.00000, 64.00000
929.00000, 65.00000
930.00000, 67.00000
932.00000, 65.00000
933.00000, 62.00000
934.00000, 62.00000
938.00000, 61.00000
940.00000, 62.00000
946.00000, 60.00000
948.00000, 62.00000
952.00000, 64.00000
956.00000, 65.00000
958.00000, 62.00000
960.00000, 60.00000
964.00000, 58.00000
pattern18
occurrence1
92.00000, 69.00000
96.00000, 70.00000
98.00000, 69.00000
102.00000, 65.00000
104.00000, 67.00000
107.00000, 64.00000
108.00000, 65.00000
110.00000, 67.00000
112.00000, 69.00000
114.00000, 65.00000
116.00000, 67.00000
118.00000, 65.00000
122.00000, 62.00000
124.00000, 60.00000
128.00000, 58.00000
134.00000, 69.00000
136.00000, 70.00000
138.00000, 72.00000
140.00000, 74.00000
146.00000, 72.00000
148.00000, 70.00000
152.00000, 69.00000
occurrence2
162.00000, 70.00000
166.00000, 69.00000
168.00000, 70.00000
174.00000, 72.00000
178.00000, 69.00000
180.00000, 69.00000
192.00000, 69.00000
198.00000, 65.00000
200.00000, 69.00000
203.00000, 70.00000
204.00000, 67.00000
206.00000, 65.00000
210.00000, 70.00000
213.00000, 69.00000
214.00000, 69.00000
216.00000, 70.00000
218.00000, 72.00000
220.00000, 70.00000
221.00000, 67.00000
222.00000, 70.00000
occurrence3
168.00000, 70.00000
174.00000, 72.00000
178.00000, 69.00000
180.00000, 69.00000
192.00000, 69.00000
198.00000, 65.00000
200.00000, 69.00000
203.00000, 70.00000
204.00000, 67.00000
206.00000, 65.00000
210.00000, 70.00000
213.00000, 69.00000
214.00000, 69.00000
216.00000, 70.00000
218.00000, 72.00000
220.00000, 70.00000
221.00000, 67.00000
222.00000, 70.00000
225.00000, 69.00000
227.00000, 67.00000
228.00000, 70.00000
occurrence4
180.00000, 69.00000
192.00000, 69.00000
198.00000, 65.00000
200.00000, 69.00000
203.00000, 70.00000
204.00000, 67.00000
206.00000, 65.00000
210.00000, 70.00000
213.00000, 69.00000
214.00000, 69.00000
216.00000, 70.00000
218.00000, 72.00000
220.00000, 70.00000
221.00000, 67.00000
222.00000, 70.00000
225.00000, 69.00000
227.00000, 67.00000
228.00000, 70.00000
236.00000, 67.00000
240.00000, 69.00000
occurrence5
216.00000, 70.00000
218.00000, 72.00000
220.00000, 70.00000
221.00000, 67.00000
222.00000, 70.00000
225.00000, 69.00000
227.00000, 67.00000
228.00000, 70.00000
236.00000, 67.00000
240.00000, 69.00000
244.00000, 67.00000
246.00000, 70.00000
250.00000, 69.00000
252.00000, 67.00000
254.00000, 65.00000
258.00000, 62.00000
260.00000, 60.00000
262.00000, 65.00000
265.00000, 64.00000
266.00000, 64.00000
268.00000, 69.00000
271.00000, 67.00000
272.00000, 67.00000
274.00000, 65.00000
276.00000, 70.00000
occurrence6
420.00000, 69.00000
424.00000, 70.00000
428.00000, 72.00000
436.00000, 74.00000
448.00000, 72.00000
452.00000, 70.00000
460.00000, 69.00000
472.00000, 70.00000
478.00000, 67.00000
480.00000, 69.00000
occurrence7
428.00000, 72.00000
436.00000, 74.00000
448.00000, 72.00000
452.00000, 70.00000
460.00000, 69.00000
472.00000, 70.00000
478.00000, 67.00000
480.00000, 69.00000
486.00000, 70.00000
488.00000, 72.00000
occurrence8
436.00000, 74.00000
448.00000, 72.00000
452.00000, 70.00000
460.00000, 69.00000
472.00000, 70.00000
478.00000, 67.00000
480.00000, 69.00000
486.00000, 70.00000
488.00000, 72.00000
492.00000, 70.00000
496.00000, 74.00000
occurrence9
452.00000, 70.00000
460.00000, 69.00000
472.00000, 70.00000
478.00000, 67.00000
480.00000, 69.00000
486.00000, 70.00000
488.00000, 72.00000
492.00000, 70.00000
496.00000, 74.00000
500.00000, 72.00000
504.00000, 75.00000
508.00000, 74.00000
510.00000, 70.00000
512.00000, 70.00000
occurrence10
460.00000, 69.00000
472.00000, 70.00000
478.00000, 67.00000
480.00000, 69.00000
486.00000, 70.00000
488.00000, 72.00000
492.00000, 70.00000
496.00000, 74.00000
500.00000, 72.00000
504.00000, 75.00000
508.00000, 74.00000
510.00000, 70.00000
512.00000, 70.00000
520.00000, 69.00000
occurrence11
492.00000, 70.00000
496.00000, 74.00000
500.00000, 72.00000
504.00000, 75.00000
508.00000, 74.00000
510.00000, 70.00000
512.00000, 70.00000
520.00000, 69.00000
524.00000, 70.00000
552.00000, 70.00000
occurrence12
572.00000, 65.00000
576.00000, 64.00000
578.00000, 65.00000
582.00000, 62.00000
584.00000, 60.00000
592.00000, 60.00000
596.00000, 58.00000
600.00000, 63.00000
604.00000, 62.00000
608.00000, 63.00000
612.00000, 65.00000
618.00000, 67.00000
620.00000, 69.00000
628.00000, 67.00000
632.00000, 65.00000
occurrence13
738.00000, 69.00000
739.00000, 67.00000
740.00000, 69.00000
744.00000, 70.00000
748.00000, 72.00000
752.00000, 74.00000
764.00000, 72.00000
768.00000, 74.00000
770.00000, 75.00000
773.00000, 74.00000
774.00000, 72.00000
775.00000, 70.00000
776.00000, 74.00000
778.00000, 72.00000
779.00000, 74.00000
780.00000, 72.00000
782.00000, 70.00000
786.00000, 69.00000
788.00000, 70.00000
791.00000, 72.00000
792.00000, 74.00000
796.00000, 72.00000
798.00000, 69.00000
occurrence14
816.00000, 65.00000
840.00000, 70.00000
844.00000, 69.00000
846.00000, 65.00000
848.00000, 67.00000
850.00000, 65.00000
851.00000, 64.00000
852.00000, 62.00000
854.00000, 63.00000
856.00000, 58.00000
860.00000, 60.00000
864.00000, 58.00000
868.00000, 62.00000
872.00000, 64.00000
876.00000, 65.00000
occurrence15
846.00000, 65.00000
848.00000, 67.00000
850.00000, 65.00000
851.00000, 64.00000
852.00000, 62.00000
854.00000, 63.00000
856.00000, 58.00000
860.00000, 60.00000
864.00000, 58.00000
868.00000, 62.00000
872.00000, 64.00000
876.00000, 65.00000
884.00000, 58.00000
888.00000, 65.00000
892.00000, 67.00000
894.00000, 65.00000
896.00000, 64.00000
900.00000, 62.00000
902.00000, 60.00000
904.00000, 62.00000
906.00000, 65.00000
occurrence16
860.00000, 60.00000
864.00000, 58.00000
868.00000, 62.00000
872.00000, 64.00000
876.00000, 65.00000
884.00000, 58.00000
888.00000, 65.00000
892.00000, 67.00000
894.00000, 65.00000
896.00000, 64.00000
900.00000, 62.00000
902.00000, 60.00000
904.00000, 62.00000
906.00000, 65.00000
908.00000, 64.00000
910.00000, 62.00000
914.00000, 67.00000
916.00000, 65.00000
919.00000, 64.00000
919.50000, 62.00000
920.00000, 60.00000
occurrence17
980.00000, 69.00000
983.00000, 70.00000
984.00000, 72.00000
986.00000, 74.00000
990.00000, 72.00000
991.00000, 70.00000
992.00000, 69.00000
994.00000, 70.00000
998.00000, 67.00000
1000.00000, 69.00000
1004.00000, 65.00000
1006.00000, 67.00000
1008.00000, 69.00000
1010.00000, 70.00000
1012.00000, 65.00000
1016.00000, 62.00000
1018.00000, 60.00000
1022.00000, 58.00000
1026.00000, 62.00000
1030.00000, 64.00000
1032.00000, 65.00000
1035.00000, 62.00000
1036.00000, 65.00000
1038.00000, 67.00000
1040.00000, 69.00000
pattern19
occurrence1
30.00000, 74.00000
32.00000, 72.00000
34.00000, 74.00000
38.00000, 72.00000
40.00000, 70.00000
44.00000, 69.00000
72.00000, 62.00000
78.00000, 62.00000
80.00000, 64.00000
84.00000, 65.00000
90.00000, 67.00000
92.00000, 69.00000
96.00000, 70.00000
98.00000, 69.00000
102.00000, 65.00000
104.00000, 67.00000
107.00000, 64.00000
108.00000, 65.00000
110.00000, 67.00000
112.00000, 69.00000
114.00000, 65.00000
116.00000, 67.00000
118.00000, 65.00000
122.00000, 62.00000
124.00000, 60.00000
128.00000, 58.00000
134.00000, 69.00000
136.00000, 70.00000
138.00000, 72.00000
140.00000, 74.00000
146.00000, 72.00000
148.00000, 70.00000
152.00000, 69.00000
154.00000, 74.00000
156.00000, 72.00000
158.00000, 74.00000
162.00000, 70.00000
166.00000, 69.00000
168.00000, 70.00000
174.00000, 72.00000
178.00000, 69.00000
180.00000, 69.00000
occurrence2
134.00000, 69.00000
136.00000, 70.00000
138.00000, 72.00000
140.00000, 74.00000
146.00000, 72.00000
148.00000, 70.00000
152.00000, 69.00000
154.00000, 74.00000
156.00000, 72.00000
158.00000, 74.00000
162.00000, 70.00000
166.00000, 69.00000
168.00000, 70.00000
174.00000, 72.00000
178.00000, 69.00000
180.00000, 69.00000
192.00000, 69.00000
198.00000, 65.00000
200.00000, 69.00000
203.00000, 70.00000
204.00000, 67.00000
206.00000, 65.00000
210.00000, 70.00000
213.00000, 69.00000
214.00000, 69.00000
216.00000, 70.00000
218.00000, 72.00000
220.00000, 70.00000
221.00000, 67.00000
222.00000, 70.00000
225.00000, 69.00000
227.00000, 67.00000
228.00000, 70.00000
236.00000, 67.00000
240.00000, 69.00000
244.00000, 67.00000
246.00000, 70.00000
250.00000, 69.00000
252.00000, 67.00000
254.00000, 65.00000
258.00000, 62.00000
260.00000, 60.00000
262.00000, 65.00000
265.00000, 64.00000
266.00000, 64.00000
268.00000, 69.00000
271.00000, 67.00000
272.00000, 67.00000
274.00000, 65.00000
276.00000, 70.00000
278.00000, 69.00000
279.00000, 65.00000
280.00000, 67.00000
282.00000, 65.00000
284.00000, 64.00000
occurrence3
246.00000, 70.00000
250.00000, 69.00000
252.00000, 67.00000
254.00000, 65.00000
258.00000, 62.00000
260.00000, 60.00000
262.00000, 65.00000
265.00000, 64.00000
266.00000, 64.00000
268.00000, 69.00000
271.00000, 67.00000
272.00000, 67.00000
274.00000, 65.00000
276.00000, 70.00000
278.00000, 69.00000
279.00000, 65.00000
280.00000, 67.00000
282.00000, 65.00000
284.00000, 64.00000
286.00000, 67.00000
287.00000, 69.00000
289.00000, 65.00000
290.00000, 64.00000
291.00000, 65.00000
293.00000, 64.00000
294.00000, 60.00000
295.00000, 62.00000
296.50000, 60.00000
297.00000, 65.00000
299.00000, 64.00000
300.00000, 65.00000
368.00000, 64.00000
372.00000, 62.00000
376.00000, 63.00000
379.00000, 65.00000
380.00000, 67.00000
384.00000, 65.00000
396.00000, 65.00000
occurrence4
496.00000, 74.00000
500.00000, 72.00000
504.00000, 75.00000
508.00000, 74.00000
510.00000, 70.00000
512.00000, 70.00000
520.00000, 69.00000
524.00000, 70.00000
552.00000, 70.00000
556.00000, 69.00000
560.00000, 65.00000
564.00000, 67.00000
572.00000, 65.00000
576.00000, 64.00000
578.00000, 65.00000
582.00000, 62.00000
584.00000, 60.00000
592.00000, 60.00000
596.00000, 58.00000
600.00000, 63.00000
604.00000, 62.00000
608.00000, 63.00000
612.00000, 65.00000
618.00000, 67.00000
620.00000, 69.00000
628.00000, 67.00000
632.00000, 65.00000
640.00000, 70.00000
646.00000, 69.00000
occurrence5
500.00000, 72.00000
504.00000, 75.00000
508.00000, 74.00000
510.00000, 70.00000
512.00000, 70.00000
520.00000, 69.00000
524.00000, 70.00000
552.00000, 70.00000
556.00000, 69.00000
560.00000, 65.00000
564.00000, 67.00000
572.00000, 65.00000
576.00000, 64.00000
578.00000, 65.00000
582.00000, 62.00000
584.00000, 60.00000
592.00000, 60.00000
596.00000, 58.00000
600.00000, 63.00000
604.00000, 62.00000
608.00000, 63.00000
612.00000, 65.00000
618.00000, 67.00000
620.00000, 69.00000
628.00000, 67.00000
632.00000, 65.00000
640.00000, 70.00000
646.00000, 69.00000
648.00000, 69.00000
650.00000, 67.00000
occurrence6
702.00000, 67.00000
704.00000, 65.00000
706.00000, 67.00000
710.00000, 65.00000
714.00000, 64.00000
716.00000, 65.00000
724.00000, 65.00000
732.00000, 70.00000
738.00000, 69.00000
739.00000, 67.00000
740.00000, 69.00000
744.00000, 70.00000
748.00000, 72.00000
752.00000, 74.00000
764.00000, 72.00000
768.00000, 74.00000
770.00000, 75.00000
773.00000, 74.00000
774.00000, 72.00000
775.00000, 70.00000
776.00000, 74.00000
778.00000, 72.00000
779.00000, 74.00000
780.00000, 72.00000
782.00000, 70.00000
786.00000, 69.00000
788.00000, 70.00000
791.00000, 72.00000
792.00000, 74.00000
796.00000, 72.00000
798.00000, 69.00000
802.00000, 70.00000
804.00000, 69.00000
806.00000, 70.00000
809.00000, 69.00000
810.00000, 65.00000
812.00000, 67.00000
816.00000, 65.00000
840.00000, 70.00000
844.00000, 69.00000
846.00000, 65.00000
848.00000, 67.00000
850.00000, 65.00000
851.00000, 64.00000
852.00000, 62.00000
occurrence7
710.00000, 65.00000
714.00000, 64.00000
716.00000, 65.00000
724.00000, 65.00000
732.00000, 70.00000
738.00000, 69.00000
739.00000, 67.00000
740.00000, 69.00000
744.00000, 70.00000
748.00000, 72.00000
752.00000, 74.00000
764.00000, 72.00000
768.00000, 74.00000
770.00000, 75.00000
773.00000, 74.00000
774.00000, 72.00000
775.00000, 70.00000
776.00000, 74.00000
778.00000, 72.00000
779.00000, 74.00000
780.00000, 72.00000
782.00000, 70.00000
786.00000, 69.00000
788.00000, 70.00000
791.00000, 72.00000
792.00000, 74.00000
796.00000, 72.00000
798.00000, 69.00000
802.00000, 70.00000
804.00000, 69.00000
806.00000, 70.00000
809.00000, 69.00000
810.00000, 65.00000
812.00000, 67.00000
816.00000, 65.00000
840.00000, 70.00000
844.00000, 69.00000
846.00000, 65.00000
848.00000, 67.00000
850.00000, 65.00000
851.00000, 64.00000
852.00000, 62.00000
854.00000, 63.00000
856.00000, 58.00000
860.00000, 60.00000
occurrence8
714.00000, 64.00000
716.00000, 65.00000
724.00000, 65.00000
732.00000, 70.00000
738.00000, 69.00000
739.00000, 67.00000
740.00000, 69.00000
744.00000, 70.00000
748.00000, 72.00000
752.00000, 74.00000
764.00000, 72.00000
768.00000, 74.00000
770.00000, 75.00000
773.00000, 74.00000
774.00000, 72.00000
775.00000, 70.00000
776.00000, 74.00000
778.00000, 72.00000
779.00000, 74.00000
780.00000, 72.00000
782.00000, 70.00000
786.00000, 69.00000
788.00000, 70.00000
791.00000, 72.00000
792.00000, 74.00000
796.00000, 72.00000
798.00000, 69.00000
802.00000, 70.00000
804.00000, 69.00000
806.00000, 70.00000
809.00000, 69.00000
810.00000, 65.00000
812.00000, 67.00000
816.00000, 65.00000
840.00000, 70.00000
844.00000, 69.00000
846.00000, 65.00000
848.00000, 67.00000
850.00000, 65.00000
851.00000, 64.00000
852.00000, 62.00000
854.00000, 63.00000
856.00000, 58.00000
860.00000, 60.00000
864.00000, 58.00000
occurrence9
744.00000, 70.00000
748.00000, 72.00000
752.00000, 74.00000
764.00000, 72.00000
768.00000, 74.00000
770.00000, 75.00000
773.00000, 74.00000
774.00000, 72.00000
775.00000, 70.00000
776.00000, 74.00000
778.00000, 72.00000
779.00000, 74.00000
780.00000, 72.00000
782.00000, 70.00000
786.00000, 69.00000
788.00000, 70.00000
791.00000, 72.00000
792.00000, 74.00000
796.00000, 72.00000
798.00000, 69.00000
802.00000, 70.00000
804.00000, 69.00000
806.00000, 70.00000
809.00000, 69.00000
810.00000, 65.00000
812.00000, 67.00000
816.00000, 65.00000
840.00000, 70.00000
844.00000, 69.00000
846.00000, 65.00000
848.00000, 67.00000
850.00000, 65.00000
851.00000, 64.00000
852.00000, 62.00000
854.00000, 63.00000
856.00000, 58.00000
860.00000, 60.00000
864.00000, 58.00000
868.00000, 62.00000
872.00000, 64.00000
876.00000, 65.00000
884.00000, 58.00000
888.00000, 65.00000
892.00000, 67.00000
894.00000, 65.00000
occurrence10
764.00000, 72.00000
768.00000, 74.00000
770.00000, 75.00000
773.00000, 74.00000
774.00000, 72.00000
775.00000, 70.00000
776.00000, 74.00000
778.00000, 72.00000
779.00000, 74.00000
780.00000, 72.00000
782.00000, 70.00000
786.00000, 69.00000
788.00000, 70.00000
791.00000, 72.00000
792.00000, 74.00000
796.00000, 72.00000
798.00000, 69.00000
802.00000, 70.00000
804.00000, 69.00000
806.00000, 70.00000
809.00000, 69.00000
810.00000, 65.00000
812.00000, 67.00000
816.00000, 65.00000
840.00000, 70.00000
844.00000, 69.00000
846.00000, 65.00000
848.00000, 67.00000
850.00000, 65.00000
851.00000, 64.00000
852.00000, 62.00000
854.00000, 63.00000
856.00000, 58.00000
860.00000, 60.00000
864.00000, 58.00000
868.00000, 62.00000
872.00000, 64.00000
876.00000, 65.00000
884.00000, 58.00000
888.00000, 65.00000
892.00000, 67.00000
894.00000, 65.00000
896.00000, 64.00000
900.00000, 62.00000
902.00000, 60.00000
904.00000, 62.00000
906.00000, 65.00000
908.00000, 64.00000
910.00000, 62.00000
914.00000, 67.00000
occurrence11
780.00000, 72.00000
782.00000, 70.00000
786.00000, 69.00000
788.00000, 70.00000
791.00000, 72.00000
792.00000, 74.00000
796.00000, 72.00000
798.00000, 69.00000
802.00000, 70.00000
804.00000, 69.00000
806.00000, 70.00000
809.00000, 69.00000
810.00000, 65.00000
812.00000, 67.00000
816.00000, 65.00000
840.00000, 70.00000
844.00000, 69.00000
846.00000, 65.00000
848.00000, 67.00000
850.00000, 65.00000
851.00000, 64.00000
852.00000, 62.00000
854.00000, 63.00000
856.00000, 58.00000
860.00000, 60.00000
864.00000, 58.00000
868.00000, 62.00000
872.00000, 64.00000
876.00000, 65.00000
884.00000, 58.00000
888.00000, 65.00000
892.00000, 67.00000
894.00000, 65.00000
896.00000, 64.00000
900.00000, 62.00000
902.00000, 60.00000
904.00000, 62.00000
906.00000, 65.00000
908.00000, 64.00000
910.00000, 62.00000
914.00000, 67.00000
916.00000, 65.00000
919.00000, 64.00000
919.50000, 62.00000
920.00000, 60.00000
922.00000, 62.00000
926.00000, 64.00000
929.00000, 65.00000
930.00000, 67.00000
occurrence12
782.00000, 70.00000
786.00000, 69.00000
788.00000, 70.00000
791.00000, 72.00000
792.00000, 74.00000
796.00000, 72.00000
798.00000, 69.00000
802.00000, 70.00000
804.00000, 69.00000
806.00000, 70.00000
809.00000, 69.00000
810.00000, 65.00000
812.00000, 67.00000
816.00000, 65.00000
840.00000, 70.00000
844.00000, 69.00000
846.00000, 65.00000
848.00000, 67.00000
850.00000, 65.00000
851.00000, 64.00000
852.00000, 62.00000
854.00000, 63.00000
856.00000, 58.00000
860.00000, 60.00000
864.00000, 58.00000
868.00000, 62.00000
872.00000, 64.00000
876.00000, 65.00000
884.00000, 58.00000
888.00000, 65.00000
892.00000, 67.00000
894.00000, 65.00000
896.00000, 64.00000
900.00000, 62.00000
902.00000, 60.00000
904.00000, 62.00000
906.00000, 65.00000
908.00000, 64.00000
910.00000, 62.00000
914.00000, 67.00000
916.00000, 65.00000
919.00000, 64.00000
919.50000, 62.00000
920.00000, 60.00000
922.00000, 62.00000
926.00000, 64.00000
929.00000, 65.00000
930.00000, 67.00000
932.00000, 65.00000
occurrence13
806.00000, 70.00000
809.00000, 69.00000
810.00000, 65.00000
812.00000, 67.00000
816.00000, 65.00000
840.00000, 70.00000
844.00000, 69.00000
846.00000, 65.00000
848.00000, 67.00000
850.00000, 65.00000
851.00000, 64.00000
852.00000, 62.00000
854.00000, 63.00000
856.00000, 58.00000
860.00000, 60.00000
864.00000, 58.00000
868.00000, 62.00000
872.00000, 64.00000
876.00000, 65.00000
884.00000, 58.00000
888.00000, 65.00000
892.00000, 67.00000
894.00000, 65.00000
896.00000, 64.00000
900.00000, 62.00000
902.00000, 60.00000
904.00000, 62.00000
906.00000, 65.00000
908.00000, 64.00000
910.00000, 62.00000
914.00000, 67.00000
916.00000, 65.00000
919.00000, 64.00000
919.50000, 62.00000
920.00000, 60.00000
922.00000, 62.00000
926.00000, 64.00000
929.00000, 65.00000
930.00000, 67.00000
932.00000, 65.00000
933.00000, 62.00000
934.00000, 62.00000
938.00000, 61.00000
940.00000, 62.00000
946.00000, 60.00000
948.00000, 62.00000
952.00000, 64.00000
956.00000, 65.00000
occurrence14
810.00000, 65.00000
812.00000, 67.00000
816.00000, 65.00000
840.00000, 70.00000
844.00000, 69.00000
846.00000, 65.00000
848.00000, 67.00000
850.00000, 65.00000
851.00000, 64.00000
852.00000, 62.00000
854.00000, 63.00000
856.00000, 58.00000
860.00000, 60.00000
864.00000, 58.00000
868.00000, 62.00000
872.00000, 64.00000
876.00000, 65.00000
884.00000, 58.00000
888.00000, 65.00000
892.00000, 67.00000
894.00000, 65.00000
896.00000, 64.00000
900.00000, 62.00000
902.00000, 60.00000
904.00000, 62.00000
906.00000, 65.00000
908.00000, 64.00000
910.00000, 62.00000
914.00000, 67.00000
916.00000, 65.00000
919.00000, 64.00000
919.50000, 62.00000
920.00000, 60.00000
922.00000, 62.00000
926.00000, 64.00000
929.00000, 65.00000
930.00000, 67.00000
932.00000, 65.00000
933.00000, 62.00000
934.00000, 62.00000
938.00000, 61.00000
940.00000, 62.00000
946.00000, 60.00000
948.00000, 62.00000
952.00000, 64.00000
956.00000, 65.00000
958.00000, 62.00000
960.00000, 60.00000
occurrence15
872.00000, 64.00000
876.00000, 65.00000
884.00000, 58.00000
888.00000, 65.00000
892.00000, 67.00000
894.00000, 65.00000
896.00000, 64.00000
900.00000, 62.00000
902.00000, 60.00000
904.00000, 62.00000
906.00000, 65.00000
908.00000, 64.00000
910.00000, 62.00000
914.00000, 67.00000
916.00000, 65.00000
919.00000, 64.00000
919.50000, 62.00000
920.00000, 60.00000
922.00000, 62.00000
926.00000, 64.00000
929.00000, 65.00000
930.00000, 67.00000
932.00000, 65.00000
933.00000, 62.00000
934.00000, 62.00000
938.00000, 61.00000
940.00000, 62.00000
946.00000, 60.00000
948.00000, 62.00000
952.00000, 64.00000
956.00000, 65.00000
958.00000, 62.00000
960.00000, 60.00000
964.00000, 58.00000
972.00000, 70.00000
980.00000, 69.00000
983.00000, 70.00000
984.00000, 72.00000
986.00000, 74.00000
990.00000, 72.00000
991.00000, 70.00000
992.00000, 69.00000
994.00000, 70.00000
998.00000, 67.00000
1000.00000, 69.00000
1004.00000, 65.00000
1006.00000, 67.00000
1008.00000, 69.00000
1010.00000, 70.00000
1012.00000, 65.00000
1016.00000, 62.00000
1018.00000, 60.00000
1022.00000, 58.00000
pattern20
occurrence1
107.00000, 64.00000
108.00000, 65.00000
110.00000, 67.00000
112.00000, 69.00000
114.00000, 65.00000
occurrence2
213.00000, 69.00000
214.00000, 69.00000
216.00000, 70.00000
218.00000, 72.00000
220.00000, 70.00000
occurrence3
258.00000, 62.00000
260.00000, 60.00000
262.00000, 65.00000
265.00000, 64.00000
occurrence4
271.00000, 67.00000
272.00000, 67.00000
274.00000, 65.00000
276.00000, 70.00000
278.00000, 69.00000
occurrence5
279.00000, 65.00000
280.00000, 67.00000
282.00000, 65.00000
284.00000, 64.00000
286.00000, 67.00000
occurrence6
280.00000, 67.00000
282.00000, 65.00000
284.00000, 64.00000
286.00000, 67.00000
287.00000, 69.00000
occurrence7
284.00000, 64.00000
286.00000, 67.00000
287.00000, 69.00000
289.00000, 65.00000
290.00000, 64.00000
291.00000, 65.00000
occurrence8
290.00000, 64.00000
291.00000, 65.00000
293.00000, 64.00000
294.00000, 60.00000
295.00000, 62.00000
296.50000, 60.00000
297.00000, 65.00000
occurrence9
293.00000, 64.00000
294.00000, 60.00000
295.00000, 62.00000
296.50000, 60.00000
297.00000, 65.00000
299.00000, 64.00000
300.00000, 65.00000
occurrence10
983.00000, 70.00000
984.00000, 72.00000
986.00000, 74.00000
990.00000, 72.00000
pattern21
occurrence1
34.00000, 74.00000
38.00000, 72.00000
40.00000, 70.00000
44.00000, 69.00000
72.00000, 62.00000
78.00000, 62.00000
80.00000, 64.00000
84.00000, 65.00000
90.00000, 67.00000
occurrence2
204.00000, 67.00000
206.00000, 65.00000
210.00000, 70.00000
213.00000, 69.00000
214.00000, 69.00000
216.00000, 70.00000
218.00000, 72.00000
220.00000, 70.00000
221.00000, 67.00000
222.00000, 70.00000
225.00000, 69.00000
227.00000, 67.00000
228.00000, 70.00000
236.00000, 67.00000
240.00000, 69.00000
244.00000, 67.00000
246.00000, 70.00000
250.00000, 69.00000
252.00000, 67.00000
254.00000, 65.00000
258.00000, 62.00000
260.00000, 60.00000
occurrence3
210.00000, 70.00000
213.00000, 69.00000
214.00000, 69.00000
216.00000, 70.00000
218.00000, 72.00000
220.00000, 70.00000
221.00000, 67.00000
222.00000, 70.00000
225.00000, 69.00000
227.00000, 67.00000
228.00000, 70.00000
236.00000, 67.00000
240.00000, 69.00000
244.00000, 67.00000
246.00000, 70.00000
250.00000, 69.00000
252.00000, 67.00000
254.00000, 65.00000
258.00000, 62.00000
260.00000, 60.00000
262.00000, 65.00000
265.00000, 64.00000
266.00000, 64.00000
occurrence4
218.00000, 72.00000
220.00000, 70.00000
221.00000, 67.00000
222.00000, 70.00000
225.00000, 69.00000
227.00000, 67.00000
228.00000, 70.00000
236.00000, 67.00000
240.00000, 69.00000
244.00000, 67.00000
246.00000, 70.00000
250.00000, 69.00000
252.00000, 67.00000
254.00000, 65.00000
258.00000, 62.00000
260.00000, 60.00000
262.00000, 65.00000
265.00000, 64.00000
266.00000, 64.00000
268.00000, 69.00000
271.00000, 67.00000
272.00000, 67.00000
274.00000, 65.00000
occurrence5
228.00000, 70.00000
236.00000, 67.00000
240.00000, 69.00000
244.00000, 67.00000
246.00000, 70.00000
250.00000, 69.00000
252.00000, 67.00000
254.00000, 65.00000
258.00000, 62.00000
260.00000, 60.00000
262.00000, 65.00000
265.00000, 64.00000
266.00000, 64.00000
268.00000, 69.00000
271.00000, 67.00000
272.00000, 67.00000
274.00000, 65.00000
276.00000, 70.00000
278.00000, 69.00000
279.00000, 65.00000
280.00000, 67.00000
282.00000, 65.00000
284.00000, 64.00000
occurrence6
508.00000, 74.00000
510.00000, 70.00000
512.00000, 70.00000
520.00000, 69.00000
524.00000, 70.00000
552.00000, 70.00000
556.00000, 69.00000
560.00000, 65.00000
564.00000, 67.00000
occurrence7
552.00000, 70.00000
556.00000, 69.00000
560.00000, 65.00000
564.00000, 67.00000
572.00000, 65.00000
576.00000, 64.00000
578.00000, 65.00000
582.00000, 62.00000
584.00000, 60.00000
592.00000, 60.00000
596.00000, 58.00000
600.00000, 63.00000
604.00000, 62.00000
608.00000, 63.00000
occurrence8
792.00000, 74.00000
796.00000, 72.00000
798.00000, 69.00000
802.00000, 70.00000
804.00000, 69.00000
806.00000, 70.00000
809.00000, 69.00000
810.00000, 65.00000
812.00000, 67.00000
816.00000, 65.00000
840.00000, 70.00000
844.00000, 69.00000
846.00000, 65.00000
848.00000, 67.00000
occurrence9
840.00000, 70.00000
844.00000, 69.00000
846.00000, 65.00000
848.00000, 67.00000
850.00000, 65.00000
851.00000, 64.00000
852.00000, 62.00000
854.00000, 63.00000
856.00000, 58.00000
860.00000, 60.00000
864.00000, 58.00000
868.00000, 62.00000
872.00000, 64.00000
876.00000, 65.00000
884.00000, 58.00000
888.00000, 65.00000
892.00000, 67.00000
894.00000, 65.00000
896.00000, 64.00000
occurrence10
844.00000, 69.00000
846.00000, 65.00000
848.00000, 67.00000
850.00000, 65.00000
851.00000, 64.00000
852.00000, 62.00000
854.00000, 63.00000
856.00000, 58.00000
860.00000, 60.00000
864.00000, 58.00000
868.00000, 62.00000
872.00000, 64.00000
876.00000, 65.00000
884.00000, 58.00000
888.00000, 65.00000
892.00000, 67.00000
894.00000, 65.00000
896.00000, 64.00000
900.00000, 62.00000
pattern22
occurrence1
107.00000, 64.00000
108.00000, 65.00000
110.00000, 67.00000
112.00000, 69.00000
114.00000, 65.00000
116.00000, 67.00000
118.00000, 65.00000
122.00000, 62.00000
124.00000, 60.00000
128.00000, 58.00000
134.00000, 69.00000
136.00000, 70.00000
138.00000, 72.00000
140.00000, 74.00000
146.00000, 72.00000
148.00000, 70.00000
152.00000, 69.00000
154.00000, 74.00000
156.00000, 72.00000
158.00000, 74.00000
162.00000, 70.00000
166.00000, 69.00000
168.00000, 70.00000
174.00000, 72.00000
178.00000, 69.00000
180.00000, 69.00000
192.00000, 69.00000
occurrence2
118.00000, 65.00000
122.00000, 62.00000
124.00000, 60.00000
128.00000, 58.00000
134.00000, 69.00000
136.00000, 70.00000
138.00000, 72.00000
140.00000, 74.00000
146.00000, 72.00000
148.00000, 70.00000
152.00000, 69.00000
154.00000, 74.00000
156.00000, 72.00000
158.00000, 74.00000
162.00000, 70.00000
166.00000, 69.00000
168.00000, 70.00000
174.00000, 72.00000
178.00000, 69.00000
180.00000, 69.00000
192.00000, 69.00000
198.00000, 65.00000
200.00000, 69.00000
203.00000, 70.00000
occurrence3
294.00000, 60.00000
295.00000, 62.00000
296.50000, 60.00000
297.00000, 65.00000
299.00000, 64.00000
300.00000, 65.00000
368.00000, 64.00000
372.00000, 62.00000
376.00000, 63.00000
379.00000, 65.00000
occurrence4
295.00000, 62.00000
296.50000, 60.00000
297.00000, 65.00000
299.00000, 64.00000
300.00000, 65.00000
368.00000, 64.00000
372.00000, 62.00000
376.00000, 63.00000
379.00000, 65.00000
380.00000, 67.00000
occurrence5
592.00000, 60.00000
596.00000, 58.00000
600.00000, 63.00000
604.00000, 62.00000
608.00000, 63.00000
612.00000, 65.00000
618.00000, 67.00000
620.00000, 69.00000
628.00000, 67.00000
632.00000, 65.00000
640.00000, 70.00000
646.00000, 69.00000
648.00000, 69.00000
650.00000, 67.00000
652.00000, 70.00000
658.00000, 67.00000
660.00000, 69.00000
664.00000, 70.00000
666.00000, 72.00000
670.00000, 70.00000
673.00000, 69.00000
674.00000, 67.00000
677.00000, 65.00000
occurrence6
706.00000, 67.00000
710.00000, 65.00000
714.00000, 64.00000
716.00000, 65.00000
724.00000, 65.00000
732.00000, 70.00000
738.00000, 69.00000
739.00000, 67.00000
740.00000, 69.00000
744.00000, 70.00000
748.00000, 72.00000
752.00000, 74.00000
764.00000, 72.00000
768.00000, 74.00000
770.00000, 75.00000
773.00000, 74.00000
774.00000, 72.00000
775.00000, 70.00000
776.00000, 74.00000
778.00000, 72.00000
779.00000, 74.00000
780.00000, 72.00000
782.00000, 70.00000
786.00000, 69.00000
788.00000, 70.00000
791.00000, 72.00000
occurrence7
906.00000, 65.00000
908.00000, 64.00000
910.00000, 62.00000
914.00000, 67.00000
916.00000, 65.00000
919.00000, 64.00000
919.50000, 62.00000
920.00000, 60.00000
922.00000, 62.00000
926.00000, 64.00000
929.00000, 65.00000
930.00000, 67.00000
932.00000, 65.00000
933.00000, 62.00000
934.00000, 62.00000
938.00000, 61.00000
940.00000, 62.00000
946.00000, 60.00000
948.00000, 62.00000
952.00000, 64.00000
956.00000, 65.00000
958.00000, 62.00000
960.00000, 60.00000
964.00000, 58.00000
972.00000, 70.00000
980.00000, 69.00000
983.00000, 70.00000
984.00000, 72.00000
986.00000, 74.00000
990.00000, 72.00000
991.00000, 70.00000
pattern23
occurrence1
138.00000, 72.00000
140.00000, 74.00000
146.00000, 72.00000
148.00000, 70.00000
152.00000, 69.00000
154.00000, 74.00000
156.00000, 72.00000
158.00000, 74.00000
162.00000, 70.00000
166.00000, 69.00000
168.00000, 70.00000
174.00000, 72.00000
178.00000, 69.00000
180.00000, 69.00000
192.00000, 69.00000
198.00000, 65.00000
200.00000, 69.00000
203.00000, 70.00000
204.00000, 67.00000
206.00000, 65.00000
210.00000, 70.00000
213.00000, 69.00000
214.00000, 69.00000
216.00000, 70.00000
218.00000, 72.00000
220.00000, 70.00000
221.00000, 67.00000
222.00000, 70.00000
225.00000, 69.00000
227.00000, 67.00000
228.00000, 70.00000
236.00000, 67.00000
240.00000, 69.00000
244.00000, 67.00000
246.00000, 70.00000
250.00000, 69.00000
252.00000, 67.00000
254.00000, 65.00000
258.00000, 62.00000
260.00000, 60.00000
262.00000, 65.00000
265.00000, 64.00000
266.00000, 64.00000
268.00000, 69.00000
271.00000, 67.00000
272.00000, 67.00000
274.00000, 65.00000
276.00000, 70.00000
278.00000, 69.00000
279.00000, 65.00000
280.00000, 67.00000
282.00000, 65.00000
284.00000, 64.00000
286.00000, 67.00000
287.00000, 69.00000
289.00000, 65.00000
290.00000, 64.00000
291.00000, 65.00000
293.00000, 64.00000
294.00000, 60.00000
295.00000, 62.00000
296.50000, 60.00000
297.00000, 65.00000
299.00000, 64.00000
300.00000, 65.00000
368.00000, 64.00000
372.00000, 62.00000
376.00000, 63.00000
379.00000, 65.00000
380.00000, 67.00000
384.00000, 65.00000
396.00000, 65.00000
404.00000, 67.00000
408.00000, 65.00000
416.00000, 70.00000
420.00000, 69.00000
424.00000, 70.00000
428.00000, 72.00000
436.00000, 74.00000
448.00000, 72.00000
452.00000, 70.00000
460.00000, 69.00000
472.00000, 70.00000
478.00000, 67.00000
480.00000, 69.00000
486.00000, 70.00000
488.00000, 72.00000
492.00000, 70.00000
496.00000, 74.00000
500.00000, 72.00000
504.00000, 75.00000
508.00000, 74.00000
510.00000, 70.00000
512.00000, 70.00000
520.00000, 69.00000
524.00000, 70.00000
552.00000, 70.00000
556.00000, 69.00000
560.00000, 65.00000
564.00000, 67.00000
572.00000, 65.00000
576.00000, 64.00000
578.00000, 65.00000
582.00000, 62.00000
584.00000, 60.00000
592.00000, 60.00000
596.00000, 58.00000
600.00000, 63.00000
604.00000, 62.00000
608.00000, 63.00000
612.00000, 65.00000
618.00000, 67.00000
620.00000, 69.00000
628.00000, 67.00000
632.00000, 65.00000
640.00000, 70.00000
646.00000, 69.00000
648.00000, 69.00000
650.00000, 67.00000
652.00000, 70.00000
658.00000, 67.00000
660.00000, 69.00000
664.00000, 70.00000
666.00000, 72.00000
670.00000, 70.00000
673.00000, 69.00000
674.00000, 67.00000
677.00000, 65.00000
678.00000, 65.00000
680.00000, 64.00000
682.00000, 65.00000
686.00000, 62.00000
688.00000, 60.00000
691.00000, 62.00000
692.00000, 64.00000
694.00000, 65.00000
696.00000, 67.00000
698.00000, 69.00000
702.00000, 67.00000
704.00000, 65.00000
706.00000, 67.00000
710.00000, 65.00000
714.00000, 64.00000
716.00000, 65.00000
724.00000, 65.00000
732.00000, 70.00000
738.00000, 69.00000
739.00000, 67.00000
740.00000, 69.00000
744.00000, 70.00000
748.00000, 72.00000
752.00000, 74.00000
764.00000, 72.00000
768.00000, 74.00000
770.00000, 75.00000
773.00000, 74.00000
774.00000, 72.00000
775.00000, 70.00000
776.00000, 74.00000
778.00000, 72.00000
779.00000, 74.00000
occurrence2
289.00000, 65.00000
290.00000, 64.00000
291.00000, 65.00000
293.00000, 64.00000
294.00000, 60.00000
295.00000, 62.00000
296.50000, 60.00000
297.00000, 65.00000
299.00000, 64.00000
300.00000, 65.00000
368.00000, 64.00000
372.00000, 62.00000
376.00000, 63.00000
379.00000, 65.00000
380.00000, 67.00000
384.00000, 65.00000
396.00000, 65.00000
404.00000, 67.00000
408.00000, 65.00000
416.00000, 70.00000
420.00000, 69.00000
424.00000, 70.00000
428.00000, 72.00000
436.00000, 74.00000
448.00000, 72.00000
452.00000, 70.00000
460.00000, 69.00000
472.00000, 70.00000
478.00000, 67.00000
480.00000, 69.00000
486.00000, 70.00000
488.00000, 72.00000
492.00000, 70.00000
496.00000, 74.00000
500.00000, 72.00000
504.00000, 75.00000
508.00000, 74.00000
510.00000, 70.00000
512.00000, 70.00000
520.00000, 69.00000
524.00000, 70.00000
552.00000, 70.00000
556.00000, 69.00000
560.00000, 65.00000
564.00000, 67.00000
572.00000, 65.00000
576.00000, 64.00000
578.00000, 65.00000
582.00000, 62.00000
584.00000, 60.00000
592.00000, 60.00000
596.00000, 58.00000
600.00000, 63.00000
604.00000, 62.00000
608.00000, 63.00000
612.00000, 65.00000
618.00000, 67.00000
620.00000, 69.00000
628.00000, 67.00000
632.00000, 65.00000
640.00000, 70.00000
646.00000, 69.00000
648.00000, 69.00000
650.00000, 67.00000
652.00000, 70.00000
658.00000, 67.00000
660.00000, 69.00000
664.00000, 70.00000
666.00000, 72.00000
670.00000, 70.00000
673.00000, 69.00000
674.00000, 67.00000
677.00000, 65.00000
678.00000, 65.00000
680.00000, 64.00000
682.00000, 65.00000
686.00000, 62.00000
688.00000, 60.00000
691.00000, 62.00000
692.00000, 64.00000
694.00000, 65.00000
696.00000, 67.00000
698.00000, 69.00000
702.00000, 67.00000
704.00000, 65.00000
706.00000, 67.00000
710.00000, 65.00000
714.00000, 64.00000
716.00000, 65.00000
724.00000, 65.00000
732.00000, 70.00000
738.00000, 69.00000
739.00000, 67.00000
740.00000, 69.00000
744.00000, 70.00000
748.00000, 72.00000
752.00000, 74.00000
764.00000, 72.00000
768.00000, 74.00000
770.00000, 75.00000
773.00000, 74.00000
774.00000, 72.00000
775.00000, 70.00000
776.00000, 74.00000
778.00000, 72.00000
779.00000, 74.00000
780.00000, 72.00000
782.00000, 70.00000
786.00000, 69.00000
788.00000, 70.00000
791.00000, 72.00000
792.00000, 74.00000
796.00000, 72.00000
798.00000, 69.00000
802.00000, 70.00000
804.00000, 69.00000
806.00000, 70.00000
809.00000, 69.00000
810.00000, 65.00000
812.00000, 67.00000
816.00000, 65.00000
840.00000, 70.00000
844.00000, 69.00000
846.00000, 65.00000
848.00000, 67.00000
850.00000, 65.00000
851.00000, 64.00000
852.00000, 62.00000
854.00000, 63.00000
856.00000, 58.00000
860.00000, 60.00000
864.00000, 58.00000
868.00000, 62.00000
872.00000, 64.00000
876.00000, 65.00000
884.00000, 58.00000
888.00000, 65.00000
892.00000, 67.00000
894.00000, 65.00000
896.00000, 64.00000
900.00000, 62.00000
902.00000, 60.00000
904.00000, 62.00000
906.00000, 65.00000
908.00000, 64.00000
910.00000, 62.00000
914.00000, 67.00000
916.00000, 65.00000
919.00000, 64.00000
919.50000, 62.00000
920.00000, 60.00000
922.00000, 62.00000
926.00000, 64.00000
929.00000, 65.00000
930.00000, 67.00000
pattern24
occurrence1
72.00000, 62.00000
78.00000, 62.00000
80.00000, 64.00000
84.00000, 65.00000
90.00000, 67.00000
92.00000, 69.00000
96.00000, 70.00000
98.00000, 69.00000
102.00000, 65.00000
104.00000, 67.00000
107.00000, 64.00000
108.00000, 65.00000
110.00000, 67.00000
112.00000, 69.00000
114.00000, 65.00000
116.00000, 67.00000
118.00000, 65.00000
122.00000, 62.00000
124.00000, 60.00000
128.00000, 58.00000
134.00000, 69.00000
136.00000, 70.00000
138.00000, 72.00000
140.00000, 74.00000
146.00000, 72.00000
148.00000, 70.00000
152.00000, 69.00000
154.00000, 74.00000
156.00000, 72.00000
158.00000, 74.00000
162.00000, 70.00000
166.00000, 69.00000
168.00000, 70.00000
174.00000, 72.00000
178.00000, 69.00000
180.00000, 69.00000
192.00000, 69.00000
198.00000, 65.00000
200.00000, 69.00000
203.00000, 70.00000
204.00000, 67.00000
206.00000, 65.00000
210.00000, 70.00000
213.00000, 69.00000
214.00000, 69.00000
216.00000, 70.00000
218.00000, 72.00000
220.00000, 70.00000
221.00000, 67.00000
222.00000, 70.00000
225.00000, 69.00000
227.00000, 67.00000
228.00000, 70.00000
236.00000, 67.00000
240.00000, 69.00000
244.00000, 67.00000
246.00000, 70.00000
250.00000, 69.00000
252.00000, 67.00000
254.00000, 65.00000
258.00000, 62.00000
260.00000, 60.00000
262.00000, 65.00000
265.00000, 64.00000
266.00000, 64.00000
268.00000, 69.00000
271.00000, 67.00000
272.00000, 67.00000
274.00000, 65.00000
276.00000, 70.00000
278.00000, 69.00000
279.00000, 65.00000
280.00000, 67.00000
282.00000, 65.00000
284.00000, 64.00000
286.00000, 67.00000
287.00000, 69.00000
289.00000, 65.00000
290.00000, 64.00000
291.00000, 65.00000
293.00000, 64.00000
294.00000, 60.00000
295.00000, 62.00000
296.50000, 60.00000
297.00000, 65.00000
299.00000, 64.00000
300.00000, 65.00000
368.00000, 64.00000
372.00000, 62.00000
376.00000, 63.00000
occurrence2
448.00000, 72.00000
452.00000, 70.00000
460.00000, 69.00000
472.00000, 70.00000
478.00000, 67.00000
480.00000, 69.00000
486.00000, 70.00000
488.00000, 72.00000
492.00000, 70.00000
496.00000, 74.00000
500.00000, 72.00000
504.00000, 75.00000
508.00000, 74.00000
510.00000, 70.00000
512.00000, 70.00000
520.00000, 69.00000
524.00000, 70.00000
552.00000, 70.00000
556.00000, 69.00000
560.00000, 65.00000
564.00000, 67.00000
572.00000, 65.00000
576.00000, 64.00000
578.00000, 65.00000
582.00000, 62.00000
584.00000, 60.00000
592.00000, 60.00000
596.00000, 58.00000
600.00000, 63.00000
604.00000, 62.00000
608.00000, 63.00000
612.00000, 65.00000
618.00000, 67.00000
620.00000, 69.00000
628.00000, 67.00000
632.00000, 65.00000
640.00000, 70.00000
646.00000, 69.00000
648.00000, 69.00000
650.00000, 67.00000
652.00000, 70.00000
658.00000, 67.00000
660.00000, 69.00000
664.00000, 70.00000
666.00000, 72.00000
670.00000, 70.00000
673.00000, 69.00000
674.00000, 67.00000
677.00000, 65.00000
678.00000, 65.00000
680.00000, 64.00000
682.00000, 65.00000
686.00000, 62.00000
688.00000, 60.00000
691.00000, 62.00000
692.00000, 64.00000
694.00000, 65.00000
696.00000, 67.00000
698.00000, 69.00000
702.00000, 67.00000
704.00000, 65.00000
706.00000, 67.00000
710.00000, 65.00000
714.00000, 64.00000
716.00000, 65.00000
724.00000, 65.00000
732.00000, 70.00000
738.00000, 69.00000
739.00000, 67.00000
740.00000, 69.00000
744.00000, 70.00000
748.00000, 72.00000
752.00000, 74.00000
pattern25
occurrence1
19.00000, 69.00000
20.00000, 70.00000
22.00000, 72.00000
25.00000, 69.00000
26.00000, 69.00000
28.00000, 70.00000
30.00000, 74.00000
32.00000, 72.00000
34.00000, 74.00000
38.00000, 72.00000
40.00000, 70.00000
44.00000, 69.00000
72.00000, 62.00000
78.00000, 62.00000
80.00000, 64.00000
84.00000, 65.00000
90.00000, 67.00000
92.00000, 69.00000
96.00000, 70.00000
98.00000, 69.00000
102.00000, 65.00000
104.00000, 67.00000
107.00000, 64.00000
108.00000, 65.00000
110.00000, 67.00000
112.00000, 69.00000
114.00000, 65.00000
116.00000, 67.00000
118.00000, 65.00000
122.00000, 62.00000
124.00000, 60.00000
128.00000, 58.00000
134.00000, 69.00000
136.00000, 70.00000
138.00000, 72.00000
140.00000, 74.00000
146.00000, 72.00000
148.00000, 70.00000
152.00000, 69.00000
154.00000, 74.00000
156.00000, 72.00000
158.00000, 74.00000
162.00000, 70.00000
166.00000, 69.00000
168.00000, 70.00000
174.00000, 72.00000
178.00000, 69.00000
180.00000, 69.00000
192.00000, 69.00000
198.00000, 65.00000
200.00000, 69.00000
203.00000, 70.00000
204.00000, 67.00000
206.00000, 65.00000
210.00000, 70.00000
213.00000, 69.00000
214.00000, 69.00000
216.00000, 70.00000
218.00000, 72.00000
220.00000, 70.00000
221.00000, 67.00000
222.00000, 70.00000
225.00000, 69.00000
227.00000, 67.00000
228.00000, 70.00000
236.00000, 67.00000
240.00000, 69.00000
244.00000, 67.00000
246.00000, 70.00000
250.00000, 69.00000
252.00000, 67.00000
254.00000, 65.00000
258.00000, 62.00000
260.00000, 60.00000
262.00000, 65.00000
265.00000, 64.00000
266.00000, 64.00000
268.00000, 69.00000
271.00000, 67.00000
272.00000, 67.00000
274.00000, 65.00000
276.00000, 70.00000
278.00000, 69.00000
279.00000, 65.00000
280.00000, 67.00000
282.00000, 65.00000
284.00000, 64.00000
286.00000, 67.00000
287.00000, 69.00000
289.00000, 65.00000
290.00000, 64.00000
291.00000, 65.00000
293.00000, 64.00000
294.00000, 60.00000
295.00000, 62.00000
296.50000, 60.00000
297.00000, 65.00000
299.00000, 64.00000
300.00000, 65.00000
368.00000, 64.00000
372.00000, 62.00000
376.00000, 63.00000
379.00000, 65.00000
380.00000, 67.00000
384.00000, 65.00000
396.00000, 65.00000
404.00000, 67.00000
408.00000, 65.00000
416.00000, 70.00000
420.00000, 69.00000
424.00000, 70.00000
428.00000, 72.00000
436.00000, 74.00000
448.00000, 72.00000
452.00000, 70.00000
460.00000, 69.00000
472.00000, 70.00000
478.00000, 67.00000
480.00000, 69.00000
486.00000, 70.00000
488.00000, 72.00000
492.00000, 70.00000
496.00000, 74.00000
500.00000, 72.00000
504.00000, 75.00000
508.00000, 74.00000
510.00000, 70.00000
512.00000, 70.00000
520.00000, 69.00000
524.00000, 70.00000
552.00000, 70.00000
556.00000, 69.00000
560.00000, 65.00000
564.00000, 67.00000
572.00000, 65.00000
576.00000, 64.00000
578.00000, 65.00000
582.00000, 62.00000
584.00000, 60.00000
592.00000, 60.00000
596.00000, 58.00000
600.00000, 63.00000
604.00000, 62.00000
608.00000, 63.00000
612.00000, 65.00000
618.00000, 67.00000
620.00000, 69.00000
628.00000, 67.00000
632.00000, 65.00000
640.00000, 70.00000
646.00000, 69.00000
648.00000, 69.00000
650.00000, 67.00000
652.00000, 70.00000
658.00000, 67.00000
660.00000, 69.00000
664.00000, 70.00000
666.00000, 72.00000
670.00000, 70.00000
673.00000, 69.00000
674.00000, 67.00000
677.00000, 65.00000
678.00000, 65.00000
680.00000, 64.00000
682.00000, 65.00000
686.00000, 62.00000
688.00000, 60.00000
691.00000, 62.00000
692.00000, 64.00000
694.00000, 65.00000
696.00000, 67.00000
698.00000, 69.00000
702.00000, 67.00000
704.00000, 65.00000
706.00000, 67.00000
710.00000, 65.00000
714.00000, 64.00000
716.00000, 65.00000
724.00000, 65.00000
732.00000, 70.00000
738.00000, 69.00000
739.00000, 67.00000
740.00000, 69.00000
744.00000, 70.00000
748.00000, 72.00000
752.00000, 74.00000
764.00000, 72.00000
768.00000, 74.00000
770.00000, 75.00000
773.00000, 74.00000
774.00000, 72.00000
775.00000, 70.00000
776.00000, 74.00000
778.00000, 72.00000
779.00000, 74.00000
780.00000, 72.00000
782.00000, 70.00000
786.00000, 69.00000
788.00000, 70.00000
791.00000, 72.00000
792.00000, 74.00000
796.00000, 72.00000
798.00000, 69.00000
802.00000, 70.00000
804.00000, 69.00000
806.00000, 70.00000
809.00000, 69.00000
810.00000, 65.00000
812.00000, 67.00000
816.00000, 65.00000
840.00000, 70.00000
844.00000, 69.00000
846.00000, 65.00000
848.00000, 67.00000
850.00000, 65.00000
851.00000, 64.00000
852.00000, 62.00000
854.00000, 63.00000
856.00000, 58.00000
860.00000, 60.00000
864.00000, 58.00000
868.00000, 62.00000
872.00000, 64.00000
876.00000, 65.00000
884.00000, 58.00000
888.00000, 65.00000
892.00000, 67.00000
894.00000, 65.00000
896.00000, 64.00000
900.00000, 62.00000
902.00000, 60.00000
904.00000, 62.00000
906.00000, 65.00000
908.00000, 64.00000
910.00000, 62.00000
914.00000, 67.00000
916.00000, 65.00000
919.00000, 64.00000
919.50000, 62.00000
920.00000, 60.00000
922.00000, 62.00000
926.00000, 64.00000
929.00000, 65.00000
930.00000, 67.00000
932.00000, 65.00000
933.00000, 62.00000
934.00000, 62.00000
938.00000, 61.00000
940.00000, 62.00000
946.00000, 60.00000
948.00000, 62.00000
952.00000, 64.00000
956.00000, 65.00000
958.00000, 62.00000
960.00000, 60.00000
964.00000, 58.00000
972.00000, 70.00000
980.00000, 69.00000
983.00000, 70.00000
984.00000, 72.00000
986.00000, 74.00000
990.00000, 72.00000
991.00000, 70.00000
992.00000, 69.00000
994.00000, 70.00000
998.00000, 67.00000
1000.00000, 69.00000
1004.00000, 65.00000
1006.00000, 67.00000
1008.00000, 69.00000
1010.00000, 70.00000
1012.00000, 65.00000
1016.00000, 62.00000
1018.00000, 60.00000
1022.00000, 58.00000
1026.00000, 62.00000
1030.00000, 64.00000
1032.00000, 65.00000
1035.00000, 62.00000
1036.00000, 65.00000
1038.00000, 67.00000
1040.00000, 69.00000
1042.00000, 65.00000
1046.00000, 70.00000
