pattern1
occurrence1
22.00000, 71.00000
26.00000, 69.00000
30.00000, 68.00000
32.00000, 69.00000
occurrence2
134.00000, 65.00000
138.00000, 64.00000
141.00000, 62.00000
142.00000, 62.00000
143.00000, 60.00000
144.00000, 64.00000
occurrence3
158.00000, 59.00000
162.00000, 57.00000
166.00000, 56.00000
168.00000, 57.00000
occurrence4
286.00000, 64.00000
289.00000, 62.00000
290.00000, 62.00000
294.00000, 61.00000
296.00000, 62.00000
occurrence5
386.00000, 65.00000
390.00000, 64.00000
394.00000, 62.00000
396.00000, 64.00000
pattern2
occurrence1
20.00000, 69.00000
22.00000, 71.00000
26.00000, 69.00000
30.00000, 68.00000
32.00000, 69.00000
occurrence2
132.00000, 64.00000
134.00000, 65.00000
138.00000, 64.00000
141.00000, 62.00000
142.00000, 62.00000
143.00000, 60.00000
144.00000, 64.00000
occurrence3
326.00000, 69.00000
328.00000, 71.00000
332.00000, 69.00000
336.00000, 69.00000
338.00000, 69.00000
occurrence4
354.00000, 64.00000
356.00000, 65.00000
360.00000, 64.00000
366.00000, 64.00000
occurrence5
374.00000, 65.00000
376.00000, 67.00000
380.00000, 65.00000
382.00000, 62.00000
384.00000, 67.00000
386.00000, 65.00000
pattern3
occurrence1
152.00000, 59.00000
154.00000, 57.00000
156.00000, 60.00000
158.00000, 59.00000
162.00000, 57.00000
166.00000, 56.00000
occurrence2
380.00000, 65.00000
382.00000, 62.00000
384.00000, 67.00000
386.00000, 65.00000
390.00000, 64.00000
394.00000, 62.00000
occurrence3
396.00000, 64.00000
400.00000, 65.00000
404.00000, 64.00000
406.00000, 62.00000
410.00000, 60.00000
occurrence4
500.00000, 64.00000
504.00000, 65.00000
508.00000, 64.00000
510.00000, 62.00000
514.00000, 61.00000
pattern4
occurrence1
8.00000, 69.00000
12.00000, 69.00000
14.00000, 69.00000
18.00000, 67.00000
20.00000, 69.00000
22.00000, 71.00000
26.00000, 69.00000
30.00000, 68.00000
32.00000, 69.00000
occurrence2
120.00000, 64.00000
124.00000, 64.00000
126.00000, 64.00000
128.00000, 64.00000
130.00000, 65.00000
132.00000, 64.00000
134.00000, 65.00000
138.00000, 64.00000
141.00000, 62.00000
142.00000, 62.00000
143.00000, 60.00000
144.00000, 64.00000
occurrence3
382.00000, 62.00000
384.00000, 67.00000
386.00000, 65.00000
390.00000, 64.00000
394.00000, 62.00000
396.00000, 64.00000
400.00000, 65.00000
404.00000, 64.00000
406.00000, 62.00000
occurrence4
528.00000, 60.00000
532.00000, 62.00000
534.00000, 60.00000
536.00000, 65.00000
539.00000, 62.00000
540.00000, 60.00000
542.00000, 62.00000
546.00000, 59.00000
548.00000, 57.00000
552.00000, 60.00000
pattern5
occurrence1
4.00000, 67.00000
8.00000, 69.00000
12.00000, 69.00000
14.00000, 69.00000
18.00000, 67.00000
20.00000, 69.00000
22.00000, 71.00000
26.00000, 69.00000
30.00000, 68.00000
occurrence2
12.00000, 69.00000
14.00000, 69.00000
18.00000, 67.00000
20.00000, 69.00000
22.00000, 71.00000
26.00000, 69.00000
30.00000, 68.00000
32.00000, 69.00000
36.00000, 69.00000
38.00000, 69.00000
occurrence3
318.00000, 69.00000
320.00000, 69.00000
323.00000, 65.00000
324.00000, 67.00000
326.00000, 69.00000
328.00000, 71.00000
332.00000, 69.00000
336.00000, 69.00000
338.00000, 69.00000
340.00000, 69.00000
342.00000, 69.00000
344.00000, 69.00000
occurrence4
514.00000, 61.00000
516.00000, 62.00000
524.00000, 62.00000
528.00000, 60.00000
532.00000, 62.00000
534.00000, 60.00000
536.00000, 65.00000
539.00000, 62.00000
540.00000, 60.00000
pattern6
occurrence1
42.00000, 69.00000
46.00000, 67.00000
48.00000, 65.00000
52.00000, 64.00000
occurrence2
400.00000, 65.00000
404.00000, 64.00000
406.00000, 62.00000
410.00000, 60.00000
occurrence3
406.00000, 62.00000
410.00000, 60.00000
412.00000, 59.00000
416.00000, 57.00000
occurrence4
504.00000, 65.00000
508.00000, 64.00000
510.00000, 62.00000
514.00000, 61.00000
pattern7
occurrence1
8.00000, 69.00000
12.00000, 69.00000
14.00000, 69.00000
18.00000, 67.00000
20.00000, 69.00000
22.00000, 71.00000
26.00000, 69.00000
30.00000, 68.00000
32.00000, 69.00000
36.00000, 69.00000
38.00000, 69.00000
40.00000, 67.00000
occurrence2
200.00000, 69.00000
202.00000, 69.00000
204.00000, 67.00000
206.00000, 64.00000
210.00000, 67.00000
212.00000, 69.00000
214.00000, 71.00000
218.00000, 69.00000
220.00000, 69.00000
224.00000, 67.00000
228.00000, 69.00000
232.00000, 67.00000
occurrence3
528.00000, 60.00000
532.00000, 62.00000
534.00000, 60.00000
536.00000, 65.00000
539.00000, 62.00000
540.00000, 60.00000
542.00000, 62.00000
546.00000, 59.00000
548.00000, 57.00000
552.00000, 60.00000
560.00000, 59.00000
pattern8
occurrence1
120.00000, 64.00000
124.00000, 64.00000
126.00000, 64.00000
128.00000, 64.00000
130.00000, 65.00000
132.00000, 64.00000
134.00000, 65.00000
138.00000, 64.00000
141.00000, 62.00000
142.00000, 62.00000
143.00000, 60.00000
144.00000, 64.00000
150.00000, 60.00000
152.00000, 59.00000
154.00000, 57.00000
156.00000, 60.00000
occurrence2
338.00000, 69.00000
340.00000, 69.00000
342.00000, 69.00000
344.00000, 69.00000
346.00000, 69.00000
348.00000, 67.00000
350.00000, 69.00000
354.00000, 64.00000
356.00000, 65.00000
360.00000, 64.00000
366.00000, 64.00000
370.00000, 65.00000
372.00000, 67.00000
374.00000, 65.00000
occurrence3
488.00000, 65.00000
494.00000, 65.00000
496.00000, 65.00000
500.00000, 64.00000
504.00000, 65.00000
508.00000, 64.00000
510.00000, 62.00000
514.00000, 61.00000
516.00000, 62.00000
524.00000, 62.00000
pattern9
occurrence1
134.00000, 65.00000
138.00000, 64.00000
141.00000, 62.00000
142.00000, 62.00000
143.00000, 60.00000
144.00000, 64.00000
150.00000, 60.00000
152.00000, 59.00000
154.00000, 57.00000
156.00000, 60.00000
158.00000, 59.00000
162.00000, 57.00000
166.00000, 56.00000
168.00000, 57.00000
196.00000, 69.00000
200.00000, 69.00000
202.00000, 69.00000
204.00000, 67.00000
206.00000, 64.00000
210.00000, 67.00000
212.00000, 69.00000
214.00000, 71.00000
218.00000, 69.00000
220.00000, 69.00000
224.00000, 67.00000
228.00000, 69.00000
232.00000, 67.00000
234.00000, 64.00000
236.00000, 65.00000
240.00000, 64.00000
264.00000, 65.00000
270.00000, 62.00000
272.00000, 60.00000
278.00000, 62.00000
280.00000, 64.00000
282.00000, 65.00000
occurrence2
202.00000, 69.00000
204.00000, 67.00000
206.00000, 64.00000
210.00000, 67.00000
212.00000, 69.00000
214.00000, 71.00000
218.00000, 69.00000
220.00000, 69.00000
224.00000, 67.00000
228.00000, 69.00000
232.00000, 67.00000
234.00000, 64.00000
236.00000, 65.00000
240.00000, 64.00000
264.00000, 65.00000
270.00000, 62.00000
272.00000, 60.00000
278.00000, 62.00000
280.00000, 64.00000
282.00000, 65.00000
286.00000, 64.00000
289.00000, 62.00000
290.00000, 62.00000
294.00000, 61.00000
296.00000, 62.00000
300.00000, 64.00000
302.00000, 65.00000
305.00000, 64.00000
305.50000, 62.00000
306.00000, 60.00000
308.00000, 62.00000
312.00000, 64.00000
314.00000, 64.00000
316.00000, 67.00000
318.00000, 69.00000
320.00000, 69.00000
323.00000, 65.00000
324.00000, 67.00000
326.00000, 69.00000
328.00000, 71.00000
332.00000, 69.00000
336.00000, 69.00000
338.00000, 69.00000
340.00000, 69.00000
342.00000, 69.00000
344.00000, 69.00000
346.00000, 69.00000
348.00000, 67.00000
350.00000, 69.00000
occurrence3
394.00000, 62.00000
396.00000, 64.00000
400.00000, 65.00000
404.00000, 64.00000
406.00000, 62.00000
410.00000, 60.00000
412.00000, 59.00000
416.00000, 57.00000
424.00000, 64.00000
428.00000, 65.00000
432.00000, 65.00000
434.00000, 64.00000
438.00000, 62.00000
439.00000, 60.00000
440.00000, 59.00000
444.00000, 60.00000
448.00000, 62.00000
452.00000, 59.00000
456.00000, 60.00000
484.00000, 64.00000
488.00000, 65.00000
494.00000, 65.00000
496.00000, 65.00000
500.00000, 64.00000
504.00000, 65.00000
508.00000, 64.00000
510.00000, 62.00000
514.00000, 61.00000
516.00000, 62.00000
524.00000, 62.00000
528.00000, 60.00000
532.00000, 62.00000
534.00000, 60.00000
536.00000, 65.00000
539.00000, 62.00000
540.00000, 60.00000
542.00000, 62.00000
pattern10
occurrence1
0.00000, 64.00000
4.00000, 67.00000
8.00000, 69.00000
12.00000, 69.00000
14.00000, 69.00000
18.00000, 67.00000
20.00000, 69.00000
22.00000, 71.00000
26.00000, 69.00000
30.00000, 68.00000
32.00000, 69.00000
36.00000, 69.00000
38.00000, 69.00000
40.00000, 67.00000
42.00000, 69.00000
46.00000, 67.00000
48.00000, 65.00000
52.00000, 64.00000
120.00000, 64.00000
124.00000, 64.00000
occurrence2
196.00000, 69.00000
200.00000, 69.00000
202.00000, 69.00000
204.00000, 67.00000
206.00000, 64.00000
210.00000, 67.00000
212.00000, 69.00000
214.00000, 71.00000
218.00000, 69.00000
220.00000, 69.00000
224.00000, 67.00000
228.00000, 69.00000
232.00000, 67.00000
234.00000, 64.00000
236.00000, 65.00000
240.00000, 64.00000
264.00000, 65.00000
270.00000, 62.00000
272.00000, 60.00000
278.00000, 62.00000
280.00000, 64.00000
282.00000, 65.00000
286.00000, 64.00000
289.00000, 62.00000
290.00000, 62.00000
294.00000, 61.00000
296.00000, 62.00000
300.00000, 64.00000
302.00000, 65.00000
305.00000, 64.00000
305.50000, 62.00000
306.00000, 60.00000
308.00000, 62.00000
312.00000, 64.00000
314.00000, 64.00000
316.00000, 67.00000
318.00000, 69.00000
320.00000, 69.00000
occurrence3
202.00000, 69.00000
204.00000, 67.00000
206.00000, 64.00000
210.00000, 67.00000
212.00000, 69.00000
214.00000, 71.00000
218.00000, 69.00000
220.00000, 69.00000
224.00000, 67.00000
228.00000, 69.00000
232.00000, 67.00000
234.00000, 64.00000
236.00000, 65.00000
240.00000, 64.00000
264.00000, 65.00000
270.00000, 62.00000
272.00000, 60.00000
278.00000, 62.00000
280.00000, 64.00000
282.00000, 65.00000
286.00000, 64.00000
289.00000, 62.00000
290.00000, 62.00000
294.00000, 61.00000
296.00000, 62.00000
300.00000, 64.00000
302.00000, 65.00000
305.00000, 64.00000
305.50000, 62.00000
306.00000, 60.00000
308.00000, 62.00000
312.00000, 64.00000
314.00000, 64.00000
316.00000, 67.00000
318.00000, 69.00000
320.00000, 69.00000
323.00000, 65.00000
324.00000, 67.00000
326.00000, 69.00000
occurrence4
212.00000, 69.00000
214.00000, 71.00000
218.00000, 69.00000
220.00000, 69.00000
224.00000, 67.00000
228.00000, 69.00000
232.00000, 67.00000
234.00000, 64.00000
236.00000, 65.00000
240.00000, 64.00000
264.00000, 65.00000
270.00000, 62.00000
272.00000, 60.00000
278.00000, 62.00000
280.00000, 64.00000
282.00000, 65.00000
286.00000, 64.00000
289.00000, 62.00000
290.00000, 62.00000
294.00000, 61.00000
296.00000, 62.00000
300.00000, 64.00000
302.00000, 65.00000
305.00000, 64.00000
305.50000, 62.00000
306.00000, 60.00000
308.00000, 62.00000
312.00000, 64.00000
314.00000, 64.00000
316.00000, 67.00000
318.00000, 69.00000
320.00000, 69.00000
323.00000, 65.00000
324.00000, 67.00000
326.00000, 69.00000
328.00000, 71.00000
332.00000, 69.00000
336.00000, 69.00000
occurrence5
218.00000, 69.00000
220.00000, 69.00000
224.00000, 67.00000
228.00000, 69.00000
232.00000, 67.00000
234.00000, 64.00000
236.00000, 65.00000
240.00000, 64.00000
264.00000, 65.00000
270.00000, 62.00000
272.00000, 60.00000
278.00000, 62.00000
280.00000, 64.00000
282.00000, 65.00000
286.00000, 64.00000
289.00000, 62.00000
290.00000, 62.00000
294.00000, 61.00000
296.00000, 62.00000
300.00000, 64.00000
302.00000, 65.00000
305.00000, 64.00000
305.50000, 62.00000
306.00000, 60.00000
308.00000, 62.00000
312.00000, 64.00000
314.00000, 64.00000
316.00000, 67.00000
318.00000, 69.00000
320.00000, 69.00000
323.00000, 65.00000
324.00000, 67.00000
326.00000, 69.00000
328.00000, 71.00000
332.00000, 69.00000
336.00000, 69.00000
338.00000, 69.00000
340.00000, 69.00000
342.00000, 69.00000
occurrence6
220.00000, 69.00000
224.00000, 67.00000
228.00000, 69.00000
232.00000, 67.00000
234.00000, 64.00000
236.00000, 65.00000
240.00000, 64.00000
264.00000, 65.00000
270.00000, 62.00000
272.00000, 60.00000
278.00000, 62.00000
280.00000, 64.00000
282.00000, 65.00000
286.00000, 64.00000
289.00000, 62.00000
290.00000, 62.00000
294.00000, 61.00000
296.00000, 62.00000
300.00000, 64.00000
302.00000, 65.00000
305.00000, 64.00000
305.50000, 62.00000
306.00000, 60.00000
308.00000, 62.00000
312.00000, 64.00000
314.00000, 64.00000
316.00000, 67.00000
318.00000, 69.00000
320.00000, 69.00000
323.00000, 65.00000
324.00000, 67.00000
326.00000, 69.00000
328.00000, 71.00000
332.00000, 69.00000
336.00000, 69.00000
338.00000, 69.00000
340.00000, 69.00000
342.00000, 69.00000
344.00000, 69.00000
occurrence7
224.00000, 67.00000
228.00000, 69.00000
232.00000, 67.00000
234.00000, 64.00000
236.00000, 65.00000
240.00000, 64.00000
264.00000, 65.00000
270.00000, 62.00000
272.00000, 60.00000
278.00000, 62.00000
280.00000, 64.00000
282.00000, 65.00000
286.00000, 64.00000
289.00000, 62.00000
290.00000, 62.00000
294.00000, 61.00000
296.00000, 62.00000
300.00000, 64.00000
302.00000, 65.00000
305.00000, 64.00000
305.50000, 62.00000
306.00000, 60.00000
308.00000, 62.00000
312.00000, 64.00000
314.00000, 64.00000
316.00000, 67.00000
318.00000, 69.00000
320.00000, 69.00000
323.00000, 65.00000
324.00000, 67.00000
326.00000, 69.00000
328.00000, 71.00000
332.00000, 69.00000
336.00000, 69.00000
338.00000, 69.00000
340.00000, 69.00000
342.00000, 69.00000
344.00000, 69.00000
346.00000, 69.00000
348.00000, 67.00000
occurrence8
270.00000, 62.00000
272.00000, 60.00000
278.00000, 62.00000
280.00000, 64.00000
282.00000, 65.00000
286.00000, 64.00000
289.00000, 62.00000
290.00000, 62.00000
294.00000, 61.00000
296.00000, 62.00000
300.00000, 64.00000
302.00000, 65.00000
305.00000, 64.00000
305.50000, 62.00000
306.00000, 60.00000
308.00000, 62.00000
312.00000, 64.00000
314.00000, 64.00000
316.00000, 67.00000
318.00000, 69.00000
320.00000, 69.00000
323.00000, 65.00000
324.00000, 67.00000
326.00000, 69.00000
328.00000, 71.00000
332.00000, 69.00000
336.00000, 69.00000
338.00000, 69.00000
340.00000, 69.00000
342.00000, 69.00000
344.00000, 69.00000
346.00000, 69.00000
348.00000, 67.00000
350.00000, 69.00000
354.00000, 64.00000
356.00000, 65.00000
360.00000, 64.00000
366.00000, 64.00000
370.00000, 65.00000
372.00000, 67.00000
374.00000, 65.00000
376.00000, 67.00000
380.00000, 65.00000
382.00000, 62.00000
384.00000, 67.00000
386.00000, 65.00000
390.00000, 64.00000
394.00000, 62.00000
occurrence9
280.00000, 64.00000
282.00000, 65.00000
286.00000, 64.00000
289.00000, 62.00000
290.00000, 62.00000
294.00000, 61.00000
296.00000, 62.00000
300.00000, 64.00000
302.00000, 65.00000
305.00000, 64.00000
305.50000, 62.00000
306.00000, 60.00000
308.00000, 62.00000
312.00000, 64.00000
314.00000, 64.00000
316.00000, 67.00000
318.00000, 69.00000
320.00000, 69.00000
323.00000, 65.00000
324.00000, 67.00000
326.00000, 69.00000
328.00000, 71.00000
332.00000, 69.00000
336.00000, 69.00000
338.00000, 69.00000
340.00000, 69.00000
342.00000, 69.00000
344.00000, 69.00000
346.00000, 69.00000
348.00000, 67.00000
350.00000, 69.00000
354.00000, 64.00000
356.00000, 65.00000
360.00000, 64.00000
366.00000, 64.00000
370.00000, 65.00000
372.00000, 67.00000
374.00000, 65.00000
376.00000, 67.00000
380.00000, 65.00000
382.00000, 62.00000
384.00000, 67.00000
386.00000, 65.00000
390.00000, 64.00000
394.00000, 62.00000
396.00000, 64.00000
400.00000, 65.00000
404.00000, 64.00000
occurrence10
300.00000, 64.00000
302.00000, 65.00000
305.00000, 64.00000
305.50000, 62.00000
306.00000, 60.00000
308.00000, 62.00000
312.00000, 64.00000
314.00000, 64.00000
316.00000, 67.00000
318.00000, 69.00000
320.00000, 69.00000
323.00000, 65.00000
324.00000, 67.00000
326.00000, 69.00000
328.00000, 71.00000
332.00000, 69.00000
336.00000, 69.00000
338.00000, 69.00000
340.00000, 69.00000
342.00000, 69.00000
344.00000, 69.00000
346.00000, 69.00000
348.00000, 67.00000
350.00000, 69.00000
354.00000, 64.00000
356.00000, 65.00000
360.00000, 64.00000
366.00000, 64.00000
370.00000, 65.00000
372.00000, 67.00000
374.00000, 65.00000
376.00000, 67.00000
380.00000, 65.00000
382.00000, 62.00000
384.00000, 67.00000
386.00000, 65.00000
390.00000, 64.00000
394.00000, 62.00000
396.00000, 64.00000
400.00000, 65.00000
404.00000, 64.00000
406.00000, 62.00000
410.00000, 60.00000
412.00000, 59.00000
416.00000, 57.00000
424.00000, 64.00000
occurrence11
360.00000, 64.00000
366.00000, 64.00000
370.00000, 65.00000
372.00000, 67.00000
374.00000, 65.00000
376.00000, 67.00000
380.00000, 65.00000
382.00000, 62.00000
384.00000, 67.00000
386.00000, 65.00000
390.00000, 64.00000
394.00000, 62.00000
396.00000, 64.00000
400.00000, 65.00000
404.00000, 64.00000
406.00000, 62.00000
410.00000, 60.00000
412.00000, 59.00000
416.00000, 57.00000
424.00000, 64.00000
428.00000, 65.00000
432.00000, 65.00000
434.00000, 64.00000
438.00000, 62.00000
439.00000, 60.00000
440.00000, 59.00000
444.00000, 60.00000
448.00000, 62.00000
452.00000, 59.00000
456.00000, 60.00000
484.00000, 64.00000
occurrence12
370.00000, 65.00000
372.00000, 67.00000
374.00000, 65.00000
376.00000, 67.00000
380.00000, 65.00000
382.00000, 62.00000
384.00000, 67.00000
386.00000, 65.00000
390.00000, 64.00000
394.00000, 62.00000
396.00000, 64.00000
400.00000, 65.00000
404.00000, 64.00000
406.00000, 62.00000
410.00000, 60.00000
412.00000, 59.00000
416.00000, 57.00000
424.00000, 64.00000
428.00000, 65.00000
432.00000, 65.00000
434.00000, 64.00000
438.00000, 62.00000
439.00000, 60.00000
440.00000, 59.00000
444.00000, 60.00000
448.00000, 62.00000
452.00000, 59.00000
456.00000, 60.00000
484.00000, 64.00000
488.00000, 65.00000
494.00000, 65.00000
occurrence13
380.00000, 65.00000
382.00000, 62.00000
384.00000, 67.00000
386.00000, 65.00000
390.00000, 64.00000
394.00000, 62.00000
396.00000, 64.00000
400.00000, 65.00000
404.00000, 64.00000
406.00000, 62.00000
410.00000, 60.00000
412.00000, 59.00000
416.00000, 57.00000
424.00000, 64.00000
428.00000, 65.00000
432.00000, 65.00000
434.00000, 64.00000
438.00000, 62.00000
439.00000, 60.00000
440.00000, 59.00000
444.00000, 60.00000
448.00000, 62.00000
452.00000, 59.00000
456.00000, 60.00000
484.00000, 64.00000
488.00000, 65.00000
494.00000, 65.00000
496.00000, 65.00000
500.00000, 64.00000
504.00000, 65.00000
occurrence14
410.00000, 60.00000
412.00000, 59.00000
416.00000, 57.00000
424.00000, 64.00000
428.00000, 65.00000
432.00000, 65.00000
434.00000, 64.00000
438.00000, 62.00000
439.00000, 60.00000
440.00000, 59.00000
444.00000, 60.00000
448.00000, 62.00000
452.00000, 59.00000
456.00000, 60.00000
484.00000, 64.00000
488.00000, 65.00000
494.00000, 65.00000
496.00000, 65.00000
500.00000, 64.00000
504.00000, 65.00000
508.00000, 64.00000
510.00000, 62.00000
514.00000, 61.00000
516.00000, 62.00000
524.00000, 62.00000
528.00000, 60.00000
532.00000, 62.00000
534.00000, 60.00000
pattern11
occurrence1
128.00000, 64.00000
130.00000, 65.00000
132.00000, 64.00000
134.00000, 65.00000
138.00000, 64.00000
141.00000, 62.00000
142.00000, 62.00000
143.00000, 60.00000
144.00000, 64.00000
150.00000, 60.00000
152.00000, 59.00000
154.00000, 57.00000
156.00000, 60.00000
158.00000, 59.00000
162.00000, 57.00000
166.00000, 56.00000
168.00000, 57.00000
196.00000, 69.00000
200.00000, 69.00000
202.00000, 69.00000
204.00000, 67.00000
206.00000, 64.00000
210.00000, 67.00000
212.00000, 69.00000
214.00000, 71.00000
218.00000, 69.00000
220.00000, 69.00000
224.00000, 67.00000
228.00000, 69.00000
232.00000, 67.00000
234.00000, 64.00000
occurrence2
130.00000, 65.00000
132.00000, 64.00000
134.00000, 65.00000
138.00000, 64.00000
141.00000, 62.00000
142.00000, 62.00000
143.00000, 60.00000
144.00000, 64.00000
150.00000, 60.00000
152.00000, 59.00000
154.00000, 57.00000
156.00000, 60.00000
158.00000, 59.00000
162.00000, 57.00000
166.00000, 56.00000
168.00000, 57.00000
196.00000, 69.00000
200.00000, 69.00000
202.00000, 69.00000
204.00000, 67.00000
206.00000, 64.00000
210.00000, 67.00000
212.00000, 69.00000
214.00000, 71.00000
218.00000, 69.00000
220.00000, 69.00000
224.00000, 67.00000
228.00000, 69.00000
232.00000, 67.00000
234.00000, 64.00000
236.00000, 65.00000
occurrence3
206.00000, 64.00000
210.00000, 67.00000
212.00000, 69.00000
214.00000, 71.00000
218.00000, 69.00000
220.00000, 69.00000
224.00000, 67.00000
228.00000, 69.00000
232.00000, 67.00000
234.00000, 64.00000
236.00000, 65.00000
240.00000, 64.00000
264.00000, 65.00000
270.00000, 62.00000
272.00000, 60.00000
278.00000, 62.00000
280.00000, 64.00000
282.00000, 65.00000
286.00000, 64.00000
289.00000, 62.00000
290.00000, 62.00000
294.00000, 61.00000
296.00000, 62.00000
300.00000, 64.00000
302.00000, 65.00000
305.00000, 64.00000
305.50000, 62.00000
306.00000, 60.00000
308.00000, 62.00000
312.00000, 64.00000
occurrence4
210.00000, 67.00000
212.00000, 69.00000
214.00000, 71.00000
218.00000, 69.00000
220.00000, 69.00000
224.00000, 67.00000
228.00000, 69.00000
232.00000, 67.00000
234.00000, 64.00000
236.00000, 65.00000
240.00000, 64.00000
264.00000, 65.00000
270.00000, 62.00000
272.00000, 60.00000
278.00000, 62.00000
280.00000, 64.00000
282.00000, 65.00000
286.00000, 64.00000
289.00000, 62.00000
290.00000, 62.00000
294.00000, 61.00000
296.00000, 62.00000
300.00000, 64.00000
302.00000, 65.00000
305.00000, 64.00000
305.50000, 62.00000
306.00000, 60.00000
308.00000, 62.00000
312.00000, 64.00000
314.00000, 64.00000
316.00000, 67.00000
occurrence5
212.00000, 69.00000
214.00000, 71.00000
218.00000, 69.00000
220.00000, 69.00000
224.00000, 67.00000
228.00000, 69.00000
232.00000, 67.00000
234.00000, 64.00000
236.00000, 65.00000
240.00000, 64.00000
264.00000, 65.00000
270.00000, 62.00000
272.00000, 60.00000
278.00000, 62.00000
280.00000, 64.00000
282.00000, 65.00000
286.00000, 64.00000
289.00000, 62.00000
290.00000, 62.00000
294.00000, 61.00000
296.00000, 62.00000
300.00000, 64.00000
302.00000, 65.00000
305.00000, 64.00000
305.50000, 62.00000
306.00000, 60.00000
308.00000, 62.00000
312.00000, 64.00000
314.00000, 64.00000
316.00000, 67.00000
318.00000, 69.00000
occurrence6
220.00000, 69.00000
224.00000, 67.00000
228.00000, 69.00000
232.00000, 67.00000
234.00000, 64.00000
236.00000, 65.00000
240.00000, 64.00000
264.00000, 65.00000
270.00000, 62.00000
272.00000, 60.00000
278.00000, 62.00000
280.00000, 64.00000
282.00000, 65.00000
286.00000, 64.00000
289.00000, 62.00000
290.00000, 62.00000
294.00000, 61.00000
296.00000, 62.00000
300.00000, 64.00000
302.00000, 65.00000
305.00000, 64.00000
305.50000, 62.00000
306.00000, 60.00000
308.00000, 62.00000
312.00000, 64.00000
314.00000, 64.00000
316.00000, 67.00000
318.00000, 69.00000
320.00000, 69.00000
323.00000, 65.00000
324.00000, 67.00000
326.00000, 69.00000
occurrence7
264.00000, 65.00000
270.00000, 62.00000
272.00000, 60.00000
278.00000, 62.00000
280.00000, 64.00000
282.00000, 65.00000
286.00000, 64.00000
289.00000, 62.00000
290.00000, 62.00000
294.00000, 61.00000
296.00000, 62.00000
300.00000, 64.00000
302.00000, 65.00000
305.00000, 64.00000
305.50000, 62.00000
306.00000, 60.00000
308.00000, 62.00000
312.00000, 64.00000
314.00000, 64.00000
316.00000, 67.00000
318.00000, 69.00000
320.00000, 69.00000
323.00000, 65.00000
324.00000, 67.00000
326.00000, 69.00000
328.00000, 71.00000
332.00000, 69.00000
336.00000, 69.00000
338.00000, 69.00000
340.00000, 69.00000
342.00000, 69.00000
344.00000, 69.00000
346.00000, 69.00000
348.00000, 67.00000
350.00000, 69.00000
354.00000, 64.00000
356.00000, 65.00000
360.00000, 64.00000
366.00000, 64.00000
370.00000, 65.00000
occurrence8
440.00000, 59.00000
444.00000, 60.00000
448.00000, 62.00000
452.00000, 59.00000
456.00000, 60.00000
484.00000, 64.00000
488.00000, 65.00000
494.00000, 65.00000
496.00000, 65.00000
500.00000, 64.00000
504.00000, 65.00000
508.00000, 64.00000
510.00000, 62.00000
514.00000, 61.00000
516.00000, 62.00000
524.00000, 62.00000
528.00000, 60.00000
532.00000, 62.00000
534.00000, 60.00000
536.00000, 65.00000
539.00000, 62.00000
540.00000, 60.00000
542.00000, 62.00000
546.00000, 59.00000
pattern12
occurrence1
4.00000, 67.00000
8.00000, 69.00000
12.00000, 69.00000
14.00000, 69.00000
18.00000, 67.00000
20.00000, 69.00000
22.00000, 71.00000
26.00000, 69.00000
30.00000, 68.00000
32.00000, 69.00000
36.00000, 69.00000
38.00000, 69.00000
40.00000, 67.00000
42.00000, 69.00000
46.00000, 67.00000
48.00000, 65.00000
52.00000, 64.00000
120.00000, 64.00000
124.00000, 64.00000
126.00000, 64.00000
128.00000, 64.00000
130.00000, 65.00000
132.00000, 64.00000
134.00000, 65.00000
138.00000, 64.00000
141.00000, 62.00000
142.00000, 62.00000
143.00000, 60.00000
144.00000, 64.00000
150.00000, 60.00000
152.00000, 59.00000
154.00000, 57.00000
156.00000, 60.00000
158.00000, 59.00000
162.00000, 57.00000
166.00000, 56.00000
168.00000, 57.00000
196.00000, 69.00000
200.00000, 69.00000
202.00000, 69.00000
204.00000, 67.00000
206.00000, 64.00000
210.00000, 67.00000
212.00000, 69.00000
214.00000, 71.00000
218.00000, 69.00000
220.00000, 69.00000
224.00000, 67.00000
228.00000, 69.00000
232.00000, 67.00000
234.00000, 64.00000
236.00000, 65.00000
240.00000, 64.00000
264.00000, 65.00000
270.00000, 62.00000
272.00000, 60.00000
278.00000, 62.00000
280.00000, 64.00000
282.00000, 65.00000
286.00000, 64.00000
289.00000, 62.00000
290.00000, 62.00000
294.00000, 61.00000
296.00000, 62.00000
300.00000, 64.00000
302.00000, 65.00000
occurrence2
234.00000, 64.00000
236.00000, 65.00000
240.00000, 64.00000
264.00000, 65.00000
270.00000, 62.00000
272.00000, 60.00000
278.00000, 62.00000
280.00000, 64.00000
282.00000, 65.00000
286.00000, 64.00000
289.00000, 62.00000
290.00000, 62.00000
294.00000, 61.00000
296.00000, 62.00000
300.00000, 64.00000
302.00000, 65.00000
305.00000, 64.00000
305.50000, 62.00000
306.00000, 60.00000
308.00000, 62.00000
312.00000, 64.00000
314.00000, 64.00000
316.00000, 67.00000
318.00000, 69.00000
320.00000, 69.00000
323.00000, 65.00000
324.00000, 67.00000
326.00000, 69.00000
328.00000, 71.00000
332.00000, 69.00000
336.00000, 69.00000
338.00000, 69.00000
340.00000, 69.00000
342.00000, 69.00000
344.00000, 69.00000
346.00000, 69.00000
348.00000, 67.00000
350.00000, 69.00000
354.00000, 64.00000
356.00000, 65.00000
360.00000, 64.00000
366.00000, 64.00000
370.00000, 65.00000
372.00000, 67.00000
374.00000, 65.00000
376.00000, 67.00000
380.00000, 65.00000
382.00000, 62.00000
384.00000, 67.00000
386.00000, 65.00000
390.00000, 64.00000
394.00000, 62.00000
396.00000, 64.00000
400.00000, 65.00000
404.00000, 64.00000
406.00000, 62.00000
410.00000, 60.00000
412.00000, 59.00000
416.00000, 57.00000
424.00000, 64.00000
428.00000, 65.00000
432.00000, 65.00000
434.00000, 64.00000
438.00000, 62.00000
439.00000, 60.00000
440.00000, 59.00000
444.00000, 60.00000
448.00000, 62.00000
452.00000, 59.00000
456.00000, 60.00000
484.00000, 64.00000
488.00000, 65.00000
494.00000, 65.00000
496.00000, 65.00000
500.00000, 64.00000
504.00000, 65.00000
508.00000, 64.00000
510.00000, 62.00000
514.00000, 61.00000
516.00000, 62.00000
524.00000, 62.00000
528.00000, 60.00000
532.00000, 62.00000
pattern13
occurrence1
36.00000, 69.00000
38.00000, 69.00000
40.00000, 67.00000
42.00000, 69.00000
46.00000, 67.00000
48.00000, 65.00000
52.00000, 64.00000
120.00000, 64.00000
124.00000, 64.00000
126.00000, 64.00000
128.00000, 64.00000
130.00000, 65.00000
132.00000, 64.00000
134.00000, 65.00000
138.00000, 64.00000
141.00000, 62.00000
142.00000, 62.00000
143.00000, 60.00000
144.00000, 64.00000
150.00000, 60.00000
152.00000, 59.00000
154.00000, 57.00000
156.00000, 60.00000
158.00000, 59.00000
162.00000, 57.00000
166.00000, 56.00000
168.00000, 57.00000
196.00000, 69.00000
200.00000, 69.00000
202.00000, 69.00000
204.00000, 67.00000
206.00000, 64.00000
210.00000, 67.00000
212.00000, 69.00000
214.00000, 71.00000
218.00000, 69.00000
220.00000, 69.00000
224.00000, 67.00000
228.00000, 69.00000
232.00000, 67.00000
234.00000, 64.00000
236.00000, 65.00000
240.00000, 64.00000
264.00000, 65.00000
270.00000, 62.00000
272.00000, 60.00000
278.00000, 62.00000
280.00000, 64.00000
282.00000, 65.00000
286.00000, 64.00000
289.00000, 62.00000
290.00000, 62.00000
294.00000, 61.00000
296.00000, 62.00000
300.00000, 64.00000
302.00000, 65.00000
305.00000, 64.00000
305.50000, 62.00000
306.00000, 60.00000
308.00000, 62.00000
312.00000, 64.00000
314.00000, 64.00000
316.00000, 67.00000
318.00000, 69.00000
320.00000, 69.00000
323.00000, 65.00000
324.00000, 67.00000
326.00000, 69.00000
328.00000, 71.00000
332.00000, 69.00000
336.00000, 69.00000
338.00000, 69.00000
340.00000, 69.00000
342.00000, 69.00000
344.00000, 69.00000
346.00000, 69.00000
348.00000, 67.00000
350.00000, 69.00000
354.00000, 64.00000
356.00000, 65.00000
360.00000, 64.00000
366.00000, 64.00000
370.00000, 65.00000
372.00000, 67.00000
374.00000, 65.00000
376.00000, 67.00000
380.00000, 65.00000
382.00000, 62.00000
384.00000, 67.00000
386.00000, 65.00000
390.00000, 64.00000
394.00000, 62.00000
396.00000, 64.00000
400.00000, 65.00000
404.00000, 64.00000
406.00000, 62.00000
410.00000, 60.00000
412.00000, 59.00000
416.00000, 57.00000
424.00000, 64.00000
428.00000, 65.00000
432.00000, 65.00000
434.00000, 64.00000
438.00000, 62.00000
439.00000, 60.00000
440.00000, 59.00000
444.00000, 60.00000
448.00000, 62.00000
452.00000, 59.00000
456.00000, 60.00000
484.00000, 64.00000
488.00000, 65.00000
494.00000, 65.00000
496.00000, 65.00000
500.00000, 64.00000
504.00000, 65.00000
508.00000, 64.00000
510.00000, 62.00000
514.00000, 61.00000
516.00000, 62.00000
524.00000, 62.00000
528.00000, 60.00000
532.00000, 62.00000
534.00000, 60.00000
536.00000, 65.00000
539.00000, 62.00000
540.00000, 60.00000
542.00000, 62.00000
546.00000, 59.00000
548.00000, 57.00000
