pattern1
occurrence1
0.00000, 67.00000
8.00000, 69.00000
12.00000, 70.00000
16.00000, 72.00000
20.00000, 70.00000
22.00000, 67.00000
24.00000, 69.00000
occurrence2
8.00000, 69.00000
12.00000, 70.00000
16.00000, 72.00000
20.00000, 70.00000
22.00000, 67.00000
24.00000, 69.00000
26.00000, 70.00000
28.00000, 72.00000
32.00000, 70.00000
occurrence3
78.00000, 70.00000
81.00000, 67.00000
82.00000, 67.00000
86.00000, 66.00000
88.00000, 67.00000
94.00000, 69.00000
96.00000, 70.00000
97.00000, 72.00000
98.00000, 74.00000
102.00000, 73.00000
occurrence4
136.00000, 69.00000
144.00000, 72.00000
148.00000, 74.00000
152.00000, 70.00000
156.00000, 72.00000
160.00000, 70.00000
occurrence5
180.00000, 69.00000
184.00000, 67.00000
192.00000, 69.00000
198.00000, 70.00000
200.00000, 72.00000
204.00000, 70.00000
occurrence6
184.00000, 67.00000
192.00000, 69.00000
198.00000, 70.00000
200.00000, 72.00000
204.00000, 70.00000
208.00000, 69.00000
pattern2
occurrence1
12.00000, 70.00000
16.00000, 72.00000
20.00000, 70.00000
22.00000, 67.00000
24.00000, 69.00000
26.00000, 70.00000
28.00000, 72.00000
32.00000, 70.00000
35.00000, 72.00000
36.00000, 74.00000
38.00000, 75.00000
42.00000, 72.00000
46.00000, 71.00000
48.00000, 72.00000
56.00000, 69.00000
occurrence2
124.00000, 70.00000
128.00000, 72.00000
136.00000, 69.00000
144.00000, 72.00000
148.00000, 74.00000
152.00000, 70.00000
156.00000, 72.00000
160.00000, 70.00000
168.00000, 69.00000
occurrence3
168.00000, 69.00000
172.00000, 70.00000
176.00000, 72.00000
180.00000, 69.00000
184.00000, 67.00000
192.00000, 69.00000
198.00000, 70.00000
200.00000, 72.00000
204.00000, 70.00000
208.00000, 69.00000
212.00000, 67.00000
occurrence4
172.00000, 70.00000
176.00000, 72.00000
180.00000, 69.00000
184.00000, 67.00000
192.00000, 69.00000
198.00000, 70.00000
200.00000, 72.00000
204.00000, 70.00000
208.00000, 69.00000
212.00000, 67.00000
216.00000, 69.00000
occurrence5
224.00000, 72.00000
228.00000, 74.00000
236.00000, 69.00000
240.00000, 70.00000
244.00000, 72.00000
252.00000, 69.00000
268.00000, 70.00000
occurrence6
236.00000, 69.00000
240.00000, 70.00000
244.00000, 72.00000
252.00000, 69.00000
268.00000, 70.00000
271.00000, 69.00000
272.00000, 67.00000
274.00000, 67.00000
278.00000, 66.00000
280.00000, 67.00000
pattern3
occurrence1
26.00000, 70.00000
28.00000, 72.00000
32.00000, 70.00000
35.00000, 72.00000
36.00000, 74.00000
38.00000, 75.00000
42.00000, 72.00000
46.00000, 71.00000
48.00000, 72.00000
56.00000, 69.00000
occurrence2
46.00000, 71.00000
48.00000, 72.00000
56.00000, 69.00000
60.00000, 70.00000
64.00000, 69.00000
67.00000, 70.00000
68.00000, 72.00000
72.00000, 70.00000
76.00000, 69.00000
occurrence3
222.00000, 70.00000
224.00000, 72.00000
228.00000, 74.00000
236.00000, 69.00000
240.00000, 70.00000
244.00000, 72.00000
252.00000, 69.00000
pattern4
occurrence1
12.00000, 70.00000
16.00000, 72.00000
20.00000, 70.00000
22.00000, 67.00000
24.00000, 69.00000
26.00000, 70.00000
28.00000, 72.00000
32.00000, 70.00000
35.00000, 72.00000
36.00000, 74.00000
38.00000, 75.00000
42.00000, 72.00000
occurrence2
67.00000, 70.00000
68.00000, 72.00000
72.00000, 70.00000
76.00000, 69.00000
78.00000, 70.00000
81.00000, 67.00000
82.00000, 67.00000
86.00000, 66.00000
88.00000, 67.00000
94.00000, 69.00000
96.00000, 70.00000
97.00000, 72.00000
occurrence3
68.00000, 72.00000
72.00000, 70.00000
76.00000, 69.00000
78.00000, 70.00000
81.00000, 67.00000
82.00000, 67.00000
86.00000, 66.00000
88.00000, 67.00000
94.00000, 69.00000
96.00000, 70.00000
97.00000, 72.00000
98.00000, 74.00000
occurrence4
72.00000, 70.00000
76.00000, 69.00000
78.00000, 70.00000
81.00000, 67.00000
82.00000, 67.00000
86.00000, 66.00000
88.00000, 67.00000
94.00000, 69.00000
96.00000, 70.00000
97.00000, 72.00000
98.00000, 74.00000
102.00000, 73.00000
occurrence5
82.00000, 67.00000
86.00000, 66.00000
88.00000, 67.00000
94.00000, 69.00000
96.00000, 70.00000
97.00000, 72.00000
98.00000, 74.00000
102.00000, 73.00000
104.00000, 74.00000
110.00000, 72.00000
111.00000, 70.00000
112.00000, 69.00000
occurrence6
94.00000, 69.00000
96.00000, 70.00000
97.00000, 72.00000
98.00000, 74.00000
102.00000, 73.00000
104.00000, 74.00000
110.00000, 72.00000
111.00000, 70.00000
112.00000, 69.00000
120.00000, 72.00000
124.00000, 70.00000
occurrence7
168.00000, 69.00000
172.00000, 70.00000
176.00000, 72.00000
180.00000, 69.00000
184.00000, 67.00000
192.00000, 69.00000
198.00000, 70.00000
occurrence8
192.00000, 69.00000
198.00000, 70.00000
200.00000, 72.00000
204.00000, 70.00000
208.00000, 69.00000
212.00000, 67.00000
216.00000, 69.00000
222.00000, 70.00000
pattern5
occurrence1
22.00000, 67.00000
24.00000, 69.00000
26.00000, 70.00000
28.00000, 72.00000
32.00000, 70.00000
35.00000, 72.00000
36.00000, 74.00000
38.00000, 75.00000
42.00000, 72.00000
46.00000, 71.00000
48.00000, 72.00000
56.00000, 69.00000
60.00000, 70.00000
64.00000, 69.00000
67.00000, 70.00000
68.00000, 72.00000
72.00000, 70.00000
76.00000, 69.00000
78.00000, 70.00000
81.00000, 67.00000
82.00000, 67.00000
86.00000, 66.00000
88.00000, 67.00000
94.00000, 69.00000
96.00000, 70.00000
97.00000, 72.00000
98.00000, 74.00000
102.00000, 73.00000
104.00000, 74.00000
110.00000, 72.00000
111.00000, 70.00000
112.00000, 69.00000
120.00000, 72.00000
124.00000, 70.00000
128.00000, 72.00000
136.00000, 69.00000
144.00000, 72.00000
148.00000, 74.00000
152.00000, 70.00000
156.00000, 72.00000
160.00000, 70.00000
168.00000, 69.00000
172.00000, 70.00000
176.00000, 72.00000
180.00000, 69.00000
184.00000, 67.00000
192.00000, 69.00000
198.00000, 70.00000
200.00000, 72.00000
204.00000, 70.00000
208.00000, 69.00000
212.00000, 67.00000
216.00000, 69.00000
222.00000, 70.00000
224.00000, 72.00000
228.00000, 74.00000
236.00000, 69.00000
240.00000, 70.00000
244.00000, 72.00000
252.00000, 69.00000
268.00000, 70.00000
271.00000, 69.00000
272.00000, 67.00000
274.00000, 67.00000
278.00000, 66.00000
