pattern1
occurrence1
24.00000, 69.00000
28.00000, 70.00000
36.00000, 69.00000
40.00000, 70.00000
48.00000, 69.00000
occurrence2
102.00000, 72.00000
104.00000, 72.00000
108.00000, 74.00000
110.00000, 72.00000
114.00000, 70.00000
116.00000, 69.00000
120.00000, 67.00000
124.00000, 69.00000
126.00000, 72.00000
occurrence3
116.00000, 69.00000
120.00000, 67.00000
124.00000, 69.00000
126.00000, 72.00000
130.00000, 71.00000
132.00000, 72.00000
136.00000, 69.00000
140.00000, 69.00000
occurrence4
152.00000, 69.00000
154.00000, 67.00000
157.00000, 65.00000
158.00000, 65.00000
162.00000, 64.00000
164.00000, 65.00000
176.00000, 69.00000
occurrence5
164.00000, 65.00000
176.00000, 69.00000
180.00000, 69.00000
184.00000, 69.00000
188.00000, 65.00000
occurrence6
184.00000, 69.00000
188.00000, 65.00000
192.00000, 67.00000
196.00000, 69.00000
204.00000, 65.00000
207.00000, 67.00000
208.00000, 69.00000
occurrence7
196.00000, 69.00000
204.00000, 65.00000
207.00000, 67.00000
208.00000, 69.00000
209.00000, 65.00000
210.00000, 70.00000
213.00000, 69.00000
214.00000, 69.00000
218.00000, 67.00000
220.00000, 69.00000
occurrence8
256.00000, 69.00000
260.00000, 69.00000
264.00000, 67.00000
268.00000, 72.00000
272.00000, 70.00000
276.00000, 67.00000
280.00000, 69.00000
occurrence9
296.00000, 69.00000
300.00000, 69.00000
304.00000, 70.00000
310.00000, 70.00000
312.00000, 69.00000
316.00000, 67.00000
320.00000, 69.00000
occurrence10
304.00000, 70.00000
310.00000, 70.00000
312.00000, 69.00000
316.00000, 67.00000
320.00000, 69.00000
322.00000, 72.00000
326.00000, 71.00000
327.00000, 69.00000
328.00000, 71.00000
occurrence11
332.00000, 72.00000
356.00000, 72.00000
occurrence12
378.00000, 67.00000
380.00000, 69.00000
384.00000, 67.00000
390.00000, 67.00000
392.00000, 69.00000
396.00000, 67.00000
402.00000, 67.00000
occurrence13
380.00000, 69.00000
384.00000, 67.00000
390.00000, 67.00000
392.00000, 69.00000
396.00000, 67.00000
402.00000, 67.00000
404.00000, 69.00000
occurrence14
384.00000, 67.00000
390.00000, 67.00000
392.00000, 69.00000
396.00000, 67.00000
402.00000, 67.00000
404.00000, 69.00000
408.00000, 67.00000
occurrence15
390.00000, 67.00000
392.00000, 69.00000
396.00000, 67.00000
402.00000, 67.00000
404.00000, 69.00000
408.00000, 67.00000
410.00000, 69.00000
414.00000, 67.00000
pattern2
occurrence1
24.00000, 69.00000
28.00000, 70.00000
36.00000, 69.00000
40.00000, 70.00000
48.00000, 69.00000
92.00000, 65.00000
96.00000, 72.00000
102.00000, 72.00000
104.00000, 72.00000
108.00000, 74.00000
110.00000, 72.00000
114.00000, 70.00000
116.00000, 69.00000
120.00000, 67.00000
124.00000, 69.00000
126.00000, 72.00000
130.00000, 71.00000
132.00000, 72.00000
136.00000, 69.00000
140.00000, 69.00000
142.00000, 69.00000
144.00000, 69.00000
148.00000, 70.00000
152.00000, 69.00000
154.00000, 67.00000
157.00000, 65.00000
158.00000, 65.00000
162.00000, 64.00000
164.00000, 65.00000
176.00000, 69.00000
180.00000, 69.00000
184.00000, 69.00000
188.00000, 65.00000
192.00000, 67.00000
196.00000, 69.00000
204.00000, 65.00000
207.00000, 67.00000
208.00000, 69.00000
209.00000, 65.00000
210.00000, 70.00000
213.00000, 69.00000
214.00000, 69.00000
218.00000, 67.00000
220.00000, 69.00000
occurrence2
114.00000, 70.00000
116.00000, 69.00000
120.00000, 67.00000
124.00000, 69.00000
126.00000, 72.00000
130.00000, 71.00000
132.00000, 72.00000
136.00000, 69.00000
140.00000, 69.00000
142.00000, 69.00000
144.00000, 69.00000
148.00000, 70.00000
152.00000, 69.00000
154.00000, 67.00000
157.00000, 65.00000
158.00000, 65.00000
162.00000, 64.00000
164.00000, 65.00000
176.00000, 69.00000
180.00000, 69.00000
184.00000, 69.00000
188.00000, 65.00000
192.00000, 67.00000
196.00000, 69.00000
204.00000, 65.00000
207.00000, 67.00000
208.00000, 69.00000
209.00000, 65.00000
210.00000, 70.00000
213.00000, 69.00000
214.00000, 69.00000
218.00000, 67.00000
220.00000, 69.00000
256.00000, 69.00000
260.00000, 69.00000
264.00000, 67.00000
268.00000, 72.00000
272.00000, 70.00000
276.00000, 67.00000
280.00000, 69.00000
284.00000, 70.00000
290.00000, 70.00000
292.00000, 69.00000
296.00000, 69.00000
300.00000, 69.00000
304.00000, 70.00000
310.00000, 70.00000
occurrence3
116.00000, 69.00000
120.00000, 67.00000
124.00000, 69.00000
126.00000, 72.00000
130.00000, 71.00000
132.00000, 72.00000
136.00000, 69.00000
140.00000, 69.00000
142.00000, 69.00000
144.00000, 69.00000
148.00000, 70.00000
152.00000, 69.00000
154.00000, 67.00000
157.00000, 65.00000
158.00000, 65.00000
162.00000, 64.00000
164.00000, 65.00000
176.00000, 69.00000
180.00000, 69.00000
184.00000, 69.00000
188.00000, 65.00000
192.00000, 67.00000
196.00000, 69.00000
204.00000, 65.00000
207.00000, 67.00000
208.00000, 69.00000
209.00000, 65.00000
210.00000, 70.00000
213.00000, 69.00000
214.00000, 69.00000
218.00000, 67.00000
220.00000, 69.00000
256.00000, 69.00000
260.00000, 69.00000
264.00000, 67.00000
268.00000, 72.00000
272.00000, 70.00000
276.00000, 67.00000
280.00000, 69.00000
284.00000, 70.00000
290.00000, 70.00000
292.00000, 69.00000
296.00000, 69.00000
300.00000, 69.00000
304.00000, 70.00000
310.00000, 70.00000
312.00000, 69.00000
occurrence4
120.00000, 67.00000
124.00000, 69.00000
126.00000, 72.00000
130.00000, 71.00000
132.00000, 72.00000
136.00000, 69.00000
140.00000, 69.00000
142.00000, 69.00000
144.00000, 69.00000
148.00000, 70.00000
152.00000, 69.00000
154.00000, 67.00000
157.00000, 65.00000
158.00000, 65.00000
162.00000, 64.00000
164.00000, 65.00000
176.00000, 69.00000
180.00000, 69.00000
184.00000, 69.00000
188.00000, 65.00000
192.00000, 67.00000
196.00000, 69.00000
204.00000, 65.00000
207.00000, 67.00000
208.00000, 69.00000
209.00000, 65.00000
210.00000, 70.00000
213.00000, 69.00000
214.00000, 69.00000
218.00000, 67.00000
220.00000, 69.00000
256.00000, 69.00000
260.00000, 69.00000
264.00000, 67.00000
268.00000, 72.00000
272.00000, 70.00000
276.00000, 67.00000
280.00000, 69.00000
284.00000, 70.00000
290.00000, 70.00000
292.00000, 69.00000
296.00000, 69.00000
300.00000, 69.00000
304.00000, 70.00000
310.00000, 70.00000
312.00000, 69.00000
316.00000, 67.00000
occurrence5
124.00000, 69.00000
126.00000, 72.00000
130.00000, 71.00000
132.00000, 72.00000
136.00000, 69.00000
140.00000, 69.00000
142.00000, 69.00000
144.00000, 69.00000
148.00000, 70.00000
152.00000, 69.00000
154.00000, 67.00000
157.00000, 65.00000
158.00000, 65.00000
162.00000, 64.00000
164.00000, 65.00000
176.00000, 69.00000
180.00000, 69.00000
184.00000, 69.00000
188.00000, 65.00000
192.00000, 67.00000
196.00000, 69.00000
204.00000, 65.00000
207.00000, 67.00000
208.00000, 69.00000
209.00000, 65.00000
210.00000, 70.00000
213.00000, 69.00000
214.00000, 69.00000
218.00000, 67.00000
220.00000, 69.00000
256.00000, 69.00000
260.00000, 69.00000
264.00000, 67.00000
268.00000, 72.00000
272.00000, 70.00000
276.00000, 67.00000
280.00000, 69.00000
284.00000, 70.00000
290.00000, 70.00000
292.00000, 69.00000
296.00000, 69.00000
300.00000, 69.00000
304.00000, 70.00000
310.00000, 70.00000
312.00000, 69.00000
316.00000, 67.00000
320.00000, 69.00000
occurrence6
126.00000, 72.00000
130.00000, 71.00000
132.00000, 72.00000
136.00000, 69.00000
140.00000, 69.00000
142.00000, 69.00000
144.00000, 69.00000
148.00000, 70.00000
152.00000, 69.00000
154.00000, 67.00000
157.00000, 65.00000
158.00000, 65.00000
162.00000, 64.00000
164.00000, 65.00000
176.00000, 69.00000
180.00000, 69.00000
184.00000, 69.00000
188.00000, 65.00000
192.00000, 67.00000
196.00000, 69.00000
204.00000, 65.00000
207.00000, 67.00000
208.00000, 69.00000
209.00000, 65.00000
210.00000, 70.00000
213.00000, 69.00000
214.00000, 69.00000
218.00000, 67.00000
220.00000, 69.00000
256.00000, 69.00000
260.00000, 69.00000
264.00000, 67.00000
268.00000, 72.00000
272.00000, 70.00000
276.00000, 67.00000
280.00000, 69.00000
284.00000, 70.00000
290.00000, 70.00000
292.00000, 69.00000
296.00000, 69.00000
300.00000, 69.00000
304.00000, 70.00000
310.00000, 70.00000
312.00000, 69.00000
316.00000, 67.00000
320.00000, 69.00000
322.00000, 72.00000
occurrence7
130.00000, 71.00000
132.00000, 72.00000
136.00000, 69.00000
140.00000, 69.00000
142.00000, 69.00000
144.00000, 69.00000
148.00000, 70.00000
152.00000, 69.00000
154.00000, 67.00000
157.00000, 65.00000
158.00000, 65.00000
162.00000, 64.00000
164.00000, 65.00000
176.00000, 69.00000
180.00000, 69.00000
184.00000, 69.00000
188.00000, 65.00000
192.00000, 67.00000
196.00000, 69.00000
204.00000, 65.00000
207.00000, 67.00000
208.00000, 69.00000
209.00000, 65.00000
210.00000, 70.00000
213.00000, 69.00000
214.00000, 69.00000
218.00000, 67.00000
220.00000, 69.00000
256.00000, 69.00000
260.00000, 69.00000
264.00000, 67.00000
268.00000, 72.00000
272.00000, 70.00000
276.00000, 67.00000
280.00000, 69.00000
284.00000, 70.00000
290.00000, 70.00000
292.00000, 69.00000
296.00000, 69.00000
300.00000, 69.00000
304.00000, 70.00000
310.00000, 70.00000
312.00000, 69.00000
316.00000, 67.00000
320.00000, 69.00000
322.00000, 72.00000
326.00000, 71.00000
occurrence8
176.00000, 69.00000
180.00000, 69.00000
184.00000, 69.00000
188.00000, 65.00000
192.00000, 67.00000
196.00000, 69.00000
204.00000, 65.00000
207.00000, 67.00000
208.00000, 69.00000
209.00000, 65.00000
210.00000, 70.00000
213.00000, 69.00000
214.00000, 69.00000
218.00000, 67.00000
220.00000, 69.00000
256.00000, 69.00000
260.00000, 69.00000
264.00000, 67.00000
268.00000, 72.00000
272.00000, 70.00000
276.00000, 67.00000
280.00000, 69.00000
284.00000, 70.00000
290.00000, 70.00000
292.00000, 69.00000
296.00000, 69.00000
300.00000, 69.00000
304.00000, 70.00000
310.00000, 70.00000
312.00000, 69.00000
316.00000, 67.00000
320.00000, 69.00000
322.00000, 72.00000
326.00000, 71.00000
327.00000, 69.00000
328.00000, 71.00000
332.00000, 72.00000
356.00000, 72.00000
360.00000, 72.00000
362.00000, 72.00000
364.00000, 69.00000
366.00000, 72.00000
368.00000, 70.00000
370.00000, 67.00000
372.00000, 69.00000
occurrence9
184.00000, 69.00000
188.00000, 65.00000
192.00000, 67.00000
196.00000, 69.00000
204.00000, 65.00000
207.00000, 67.00000
208.00000, 69.00000
209.00000, 65.00000
210.00000, 70.00000
213.00000, 69.00000
214.00000, 69.00000
218.00000, 67.00000
220.00000, 69.00000
256.00000, 69.00000
260.00000, 69.00000
264.00000, 67.00000
268.00000, 72.00000
272.00000, 70.00000
276.00000, 67.00000
280.00000, 69.00000
284.00000, 70.00000
290.00000, 70.00000
292.00000, 69.00000
296.00000, 69.00000
300.00000, 69.00000
304.00000, 70.00000
310.00000, 70.00000
312.00000, 69.00000
316.00000, 67.00000
320.00000, 69.00000
322.00000, 72.00000
326.00000, 71.00000
327.00000, 69.00000
328.00000, 71.00000
332.00000, 72.00000
356.00000, 72.00000
360.00000, 72.00000
362.00000, 72.00000
364.00000, 69.00000
366.00000, 72.00000
368.00000, 70.00000
370.00000, 67.00000
372.00000, 69.00000
378.00000, 67.00000
380.00000, 69.00000
occurrence10
196.00000, 69.00000
204.00000, 65.00000
207.00000, 67.00000
208.00000, 69.00000
209.00000, 65.00000
210.00000, 70.00000
213.00000, 69.00000
214.00000, 69.00000
218.00000, 67.00000
220.00000, 69.00000
256.00000, 69.00000
260.00000, 69.00000
264.00000, 67.00000
268.00000, 72.00000
272.00000, 70.00000
276.00000, 67.00000
280.00000, 69.00000
284.00000, 70.00000
290.00000, 70.00000
292.00000, 69.00000
296.00000, 69.00000
300.00000, 69.00000
304.00000, 70.00000
310.00000, 70.00000
312.00000, 69.00000
316.00000, 67.00000
320.00000, 69.00000
322.00000, 72.00000
326.00000, 71.00000
327.00000, 69.00000
328.00000, 71.00000
332.00000, 72.00000
356.00000, 72.00000
360.00000, 72.00000
362.00000, 72.00000
364.00000, 69.00000
366.00000, 72.00000
368.00000, 70.00000
370.00000, 67.00000
372.00000, 69.00000
378.00000, 67.00000
380.00000, 69.00000
384.00000, 67.00000
390.00000, 67.00000
392.00000, 69.00000
occurrence11
208.00000, 69.00000
209.00000, 65.00000
210.00000, 70.00000
213.00000, 69.00000
214.00000, 69.00000
218.00000, 67.00000
220.00000, 69.00000
256.00000, 69.00000
260.00000, 69.00000
264.00000, 67.00000
268.00000, 72.00000
272.00000, 70.00000
276.00000, 67.00000
280.00000, 69.00000
284.00000, 70.00000
290.00000, 70.00000
292.00000, 69.00000
296.00000, 69.00000
300.00000, 69.00000
304.00000, 70.00000
310.00000, 70.00000
312.00000, 69.00000
316.00000, 67.00000
320.00000, 69.00000
322.00000, 72.00000
326.00000, 71.00000
327.00000, 69.00000
328.00000, 71.00000
332.00000, 72.00000
356.00000, 72.00000
360.00000, 72.00000
362.00000, 72.00000
364.00000, 69.00000
366.00000, 72.00000
368.00000, 70.00000
370.00000, 67.00000
372.00000, 69.00000
378.00000, 67.00000
380.00000, 69.00000
384.00000, 67.00000
390.00000, 67.00000
392.00000, 69.00000
396.00000, 67.00000
402.00000, 67.00000
404.00000, 69.00000
occurrence12
214.00000, 69.00000
218.00000, 67.00000
220.00000, 69.00000
256.00000, 69.00000
260.00000, 69.00000
264.00000, 67.00000
268.00000, 72.00000
272.00000, 70.00000
276.00000, 67.00000
280.00000, 69.00000
284.00000, 70.00000
290.00000, 70.00000
292.00000, 69.00000
296.00000, 69.00000
300.00000, 69.00000
304.00000, 70.00000
310.00000, 70.00000
312.00000, 69.00000
316.00000, 67.00000
320.00000, 69.00000
322.00000, 72.00000
326.00000, 71.00000
327.00000, 69.00000
328.00000, 71.00000
332.00000, 72.00000
356.00000, 72.00000
360.00000, 72.00000
362.00000, 72.00000
364.00000, 69.00000
366.00000, 72.00000
368.00000, 70.00000
370.00000, 67.00000
372.00000, 69.00000
378.00000, 67.00000
380.00000, 69.00000
384.00000, 67.00000
390.00000, 67.00000
392.00000, 69.00000
396.00000, 67.00000
402.00000, 67.00000
404.00000, 69.00000
408.00000, 67.00000
410.00000, 69.00000
occurrence13
218.00000, 67.00000
220.00000, 69.00000
256.00000, 69.00000
260.00000, 69.00000
264.00000, 67.00000
268.00000, 72.00000
272.00000, 70.00000
276.00000, 67.00000
280.00000, 69.00000
284.00000, 70.00000
290.00000, 70.00000
292.00000, 69.00000
296.00000, 69.00000
300.00000, 69.00000
304.00000, 70.00000
310.00000, 70.00000
312.00000, 69.00000
316.00000, 67.00000
320.00000, 69.00000
322.00000, 72.00000
326.00000, 71.00000
327.00000, 69.00000
328.00000, 71.00000
332.00000, 72.00000
356.00000, 72.00000
360.00000, 72.00000
362.00000, 72.00000
364.00000, 69.00000
366.00000, 72.00000
368.00000, 70.00000
370.00000, 67.00000
372.00000, 69.00000
378.00000, 67.00000
380.00000, 69.00000
384.00000, 67.00000
390.00000, 67.00000
392.00000, 69.00000
396.00000, 67.00000
402.00000, 67.00000
404.00000, 69.00000
408.00000, 67.00000
410.00000, 69.00000
414.00000, 67.00000
pattern3
occurrence1
48.00000, 69.00000
92.00000, 65.00000
occurrence2
96.00000, 72.00000
102.00000, 72.00000
104.00000, 72.00000
108.00000, 74.00000
110.00000, 72.00000
114.00000, 70.00000
116.00000, 69.00000
120.00000, 67.00000
124.00000, 69.00000
126.00000, 72.00000
130.00000, 71.00000
132.00000, 72.00000
136.00000, 69.00000
140.00000, 69.00000
occurrence3
132.00000, 72.00000
136.00000, 69.00000
140.00000, 69.00000
142.00000, 69.00000
144.00000, 69.00000
148.00000, 70.00000
152.00000, 69.00000
154.00000, 67.00000
157.00000, 65.00000
158.00000, 65.00000
162.00000, 64.00000
164.00000, 65.00000
176.00000, 69.00000
occurrence4
144.00000, 69.00000
148.00000, 70.00000
152.00000, 69.00000
154.00000, 67.00000
157.00000, 65.00000
158.00000, 65.00000
162.00000, 64.00000
164.00000, 65.00000
176.00000, 69.00000
180.00000, 69.00000
184.00000, 69.00000
188.00000, 65.00000
occurrence5
148.00000, 70.00000
152.00000, 69.00000
154.00000, 67.00000
157.00000, 65.00000
158.00000, 65.00000
162.00000, 64.00000
164.00000, 65.00000
176.00000, 69.00000
180.00000, 69.00000
184.00000, 69.00000
188.00000, 65.00000
192.00000, 67.00000
occurrence6
268.00000, 72.00000
272.00000, 70.00000
276.00000, 67.00000
280.00000, 69.00000
284.00000, 70.00000
290.00000, 70.00000
292.00000, 69.00000
296.00000, 69.00000
300.00000, 69.00000
304.00000, 70.00000
310.00000, 70.00000
312.00000, 69.00000
occurrence7
272.00000, 70.00000
276.00000, 67.00000
280.00000, 69.00000
284.00000, 70.00000
290.00000, 70.00000
292.00000, 69.00000
296.00000, 69.00000
300.00000, 69.00000
304.00000, 70.00000
310.00000, 70.00000
312.00000, 69.00000
316.00000, 67.00000
occurrence8
326.00000, 71.00000
327.00000, 69.00000
328.00000, 71.00000
332.00000, 72.00000
356.00000, 72.00000
360.00000, 72.00000
362.00000, 72.00000
364.00000, 69.00000
366.00000, 72.00000
368.00000, 70.00000
370.00000, 67.00000
occurrence9
360.00000, 72.00000
362.00000, 72.00000
364.00000, 69.00000
366.00000, 72.00000
368.00000, 70.00000
370.00000, 67.00000
372.00000, 69.00000
378.00000, 67.00000
380.00000, 69.00000
384.00000, 67.00000
390.00000, 67.00000
392.00000, 69.00000
396.00000, 67.00000
402.00000, 67.00000
404.00000, 69.00000
occurrence10
366.00000, 72.00000
368.00000, 70.00000
370.00000, 67.00000
372.00000, 69.00000
378.00000, 67.00000
380.00000, 69.00000
384.00000, 67.00000
390.00000, 67.00000
392.00000, 69.00000
396.00000, 67.00000
402.00000, 67.00000
404.00000, 69.00000
408.00000, 67.00000
410.00000, 69.00000
occurrence11
378.00000, 67.00000
380.00000, 69.00000
384.00000, 67.00000
390.00000, 67.00000
392.00000, 69.00000
396.00000, 67.00000
402.00000, 67.00000
404.00000, 69.00000
408.00000, 67.00000
410.00000, 69.00000
414.00000, 67.00000
415.00000, 65.00000
416.00000, 64.00000
418.00000, 65.00000
422.00000, 64.00000
occurrence12
380.00000, 69.00000
384.00000, 67.00000
390.00000, 67.00000
392.00000, 69.00000
396.00000, 67.00000
402.00000, 67.00000
404.00000, 69.00000
408.00000, 67.00000
410.00000, 69.00000
414.00000, 67.00000
415.00000, 65.00000
416.00000, 64.00000
418.00000, 65.00000
422.00000, 64.00000
424.00000, 65.00000
pattern4
occurrence1
48.00000, 69.00000
92.00000, 65.00000
96.00000, 72.00000
102.00000, 72.00000
104.00000, 72.00000
occurrence2
154.00000, 67.00000
157.00000, 65.00000
158.00000, 65.00000
162.00000, 64.00000
164.00000, 65.00000
176.00000, 69.00000
180.00000, 69.00000
184.00000, 69.00000
188.00000, 65.00000
192.00000, 67.00000
196.00000, 69.00000
204.00000, 65.00000
207.00000, 67.00000
208.00000, 69.00000
209.00000, 65.00000
210.00000, 70.00000
occurrence3
157.00000, 65.00000
158.00000, 65.00000
162.00000, 64.00000
164.00000, 65.00000
176.00000, 69.00000
180.00000, 69.00000
184.00000, 69.00000
188.00000, 65.00000
192.00000, 67.00000
196.00000, 69.00000
204.00000, 65.00000
207.00000, 67.00000
208.00000, 69.00000
209.00000, 65.00000
210.00000, 70.00000
213.00000, 69.00000
occurrence4
158.00000, 65.00000
162.00000, 64.00000
164.00000, 65.00000
176.00000, 69.00000
180.00000, 69.00000
184.00000, 69.00000
188.00000, 65.00000
192.00000, 67.00000
196.00000, 69.00000
204.00000, 65.00000
207.00000, 67.00000
208.00000, 69.00000
209.00000, 65.00000
210.00000, 70.00000
213.00000, 69.00000
214.00000, 69.00000
occurrence5
162.00000, 64.00000
164.00000, 65.00000
176.00000, 69.00000
180.00000, 69.00000
184.00000, 69.00000
188.00000, 65.00000
192.00000, 67.00000
196.00000, 69.00000
204.00000, 65.00000
207.00000, 67.00000
208.00000, 69.00000
209.00000, 65.00000
210.00000, 70.00000
213.00000, 69.00000
214.00000, 69.00000
218.00000, 67.00000
occurrence6
164.00000, 65.00000
176.00000, 69.00000
180.00000, 69.00000
184.00000, 69.00000
188.00000, 65.00000
192.00000, 67.00000
196.00000, 69.00000
204.00000, 65.00000
207.00000, 67.00000
208.00000, 69.00000
209.00000, 65.00000
210.00000, 70.00000
213.00000, 69.00000
214.00000, 69.00000
218.00000, 67.00000
220.00000, 69.00000
occurrence7
204.00000, 65.00000
207.00000, 67.00000
208.00000, 69.00000
209.00000, 65.00000
210.00000, 70.00000
213.00000, 69.00000
214.00000, 69.00000
218.00000, 67.00000
220.00000, 69.00000
256.00000, 69.00000
260.00000, 69.00000
occurrence8
300.00000, 69.00000
304.00000, 70.00000
310.00000, 70.00000
312.00000, 69.00000
316.00000, 67.00000
320.00000, 69.00000
322.00000, 72.00000
326.00000, 71.00000
327.00000, 69.00000
328.00000, 71.00000
332.00000, 72.00000
356.00000, 72.00000
pattern5
occurrence1
16.00000, 69.00000
24.00000, 69.00000
28.00000, 70.00000
36.00000, 69.00000
40.00000, 70.00000
48.00000, 69.00000
92.00000, 65.00000
96.00000, 72.00000
102.00000, 72.00000
104.00000, 72.00000
108.00000, 74.00000
110.00000, 72.00000
114.00000, 70.00000
116.00000, 69.00000
120.00000, 67.00000
124.00000, 69.00000
126.00000, 72.00000
130.00000, 71.00000
132.00000, 72.00000
136.00000, 69.00000
occurrence2
260.00000, 69.00000
264.00000, 67.00000
268.00000, 72.00000
272.00000, 70.00000
276.00000, 67.00000
280.00000, 69.00000
284.00000, 70.00000
290.00000, 70.00000
292.00000, 69.00000
296.00000, 69.00000
300.00000, 69.00000
304.00000, 70.00000
310.00000, 70.00000
312.00000, 69.00000
316.00000, 67.00000
320.00000, 69.00000
322.00000, 72.00000
326.00000, 71.00000
327.00000, 69.00000
328.00000, 71.00000
332.00000, 72.00000
356.00000, 72.00000
360.00000, 72.00000
362.00000, 72.00000
364.00000, 69.00000
366.00000, 72.00000
368.00000, 70.00000
370.00000, 67.00000
372.00000, 69.00000
378.00000, 67.00000
380.00000, 69.00000
pattern6
occurrence1
0.00000, 65.00000
8.00000, 67.00000
16.00000, 69.00000
24.00000, 69.00000
28.00000, 70.00000
36.00000, 69.00000
40.00000, 70.00000
48.00000, 69.00000
92.00000, 65.00000
96.00000, 72.00000
102.00000, 72.00000
104.00000, 72.00000
108.00000, 74.00000
110.00000, 72.00000
114.00000, 70.00000
116.00000, 69.00000
120.00000, 67.00000
124.00000, 69.00000
126.00000, 72.00000
130.00000, 71.00000
132.00000, 72.00000
136.00000, 69.00000
140.00000, 69.00000
142.00000, 69.00000
144.00000, 69.00000
148.00000, 70.00000
152.00000, 69.00000
154.00000, 67.00000
157.00000, 65.00000
158.00000, 65.00000
162.00000, 64.00000
164.00000, 65.00000
176.00000, 69.00000
180.00000, 69.00000
184.00000, 69.00000
188.00000, 65.00000
192.00000, 67.00000
196.00000, 69.00000
204.00000, 65.00000
207.00000, 67.00000
208.00000, 69.00000
209.00000, 65.00000
210.00000, 70.00000
213.00000, 69.00000
214.00000, 69.00000
218.00000, 67.00000
220.00000, 69.00000
256.00000, 69.00000
260.00000, 69.00000
264.00000, 67.00000
268.00000, 72.00000
272.00000, 70.00000
276.00000, 67.00000
280.00000, 69.00000
284.00000, 70.00000
290.00000, 70.00000
292.00000, 69.00000
296.00000, 69.00000
300.00000, 69.00000
304.00000, 70.00000
310.00000, 70.00000
312.00000, 69.00000
316.00000, 67.00000
320.00000, 69.00000
322.00000, 72.00000
326.00000, 71.00000
327.00000, 69.00000
328.00000, 71.00000
332.00000, 72.00000
356.00000, 72.00000
360.00000, 72.00000
362.00000, 72.00000
364.00000, 69.00000
366.00000, 72.00000
368.00000, 70.00000
370.00000, 67.00000
372.00000, 69.00000
378.00000, 67.00000
380.00000, 69.00000
384.00000, 67.00000
390.00000, 67.00000
392.00000, 69.00000
396.00000, 67.00000
402.00000, 67.00000
404.00000, 69.00000
408.00000, 67.00000
410.00000, 69.00000
414.00000, 67.00000
415.00000, 65.00000
416.00000, 64.00000
418.00000, 65.00000
