pattern1
occurrence1
84.00000, 67.00000
86.00000, 69.00000
89.00000, 67.00000
90.00000, 65.00000
91.00000, 64.00000
occurrence2
160.00000, 70.00000
162.00000, 72.00000
165.00000, 70.00000
166.00000, 69.00000
167.00000, 67.00000
occurrence3
276.00000, 65.00000
278.00000, 67.00000
281.00000, 65.00000
282.00000, 64.00000
283.00000, 62.00000
occurrence4
324.00000, 67.00000
326.00000, 69.00000
329.00000, 67.00000
330.00000, 65.00000
331.00000, 64.00000
pattern2
occurrence1
89.00000, 67.00000
90.00000, 65.00000
91.00000, 64.00000
92.00000, 62.00000
occurrence2
165.00000, 70.00000
166.00000, 69.00000
167.00000, 67.00000
168.00000, 65.00000
occurrence3
201.00000, 67.00000
202.00000, 65.00000
203.00000, 64.00000
204.00000, 62.00000
occurrence4
329.00000, 67.00000
330.00000, 65.00000
331.00000, 64.00000
332.00000, 62.00000
occurrence5
366.00000, 72.00000
367.00000, 70.00000
368.00000, 69.00000
369.00000, 67.00000
pattern3
occurrence1
177.00000, 60.00000
178.00000, 62.00000
179.00000, 64.00000
occurrence2
178.00000, 62.00000
179.00000, 64.00000
180.00000, 65.00000
occurrence3
341.00000, 57.00000
342.00000, 58.00000
343.00000, 60.00000
occurrence4
347.00000, 60.00000
348.00000, 62.00000
349.00000, 64.00000
occurrence5
353.00000, 64.00000
354.00000, 65.00000
355.00000, 67.00000
occurrence6
359.00000, 67.00000
360.00000, 69.00000
361.00000, 70.00000
pattern4
occurrence1
137.00000, 65.00000
138.00000, 64.00000
139.00000, 62.00000
140.00000, 64.00000
144.00000, 62.00000
occurrence2
281.00000, 65.00000
282.00000, 64.00000
283.00000, 62.00000
284.00000, 64.00000
288.00000, 62.00000
occurrence3
334.00000, 60.00000
335.00000, 58.00000
336.00000, 57.00000
338.00000, 55.00000
341.00000, 57.00000
pattern5
occurrence1
0.00000, 69.00000
8.00000, 69.00000
11.00000, 67.00000
12.00000, 65.00000
occurrence2
32.00000, 67.00000
40.00000, 67.00000
43.00000, 65.00000
44.00000, 64.00000
occurrence3
190.00000, 69.00000
192.00000, 70.00000
198.00000, 69.00000
201.00000, 67.00000
202.00000, 65.00000
pattern6
occurrence1
124.00000, 67.00000
128.00000, 70.00000
occurrence2
156.00000, 67.00000
159.00000, 69.00000
160.00000, 70.00000
occurrence3
174.00000, 58.00000
177.00000, 60.00000
178.00000, 62.00000
occurrence4
180.00000, 65.00000
182.00000, 67.00000
184.00000, 69.00000
occurrence5
182.00000, 67.00000
184.00000, 69.00000
186.00000, 70.00000
occurrence6
244.00000, 62.00000
248.00000, 65.00000
occurrence7
260.00000, 67.00000
263.00000, 69.00000
264.00000, 70.00000
occurrence8
338.00000, 55.00000
341.00000, 57.00000
342.00000, 58.00000
occurrence9
344.00000, 58.00000
347.00000, 60.00000
348.00000, 62.00000
occurrence10
350.00000, 62.00000
353.00000, 64.00000
354.00000, 65.00000
occurrence11
356.00000, 65.00000
359.00000, 67.00000
360.00000, 69.00000
occurrence12
362.00000, 69.00000
364.00000, 67.00000
366.00000, 72.00000
pattern7
occurrence1
14.00000, 64.00000
16.00000, 62.00000
32.00000, 67.00000
40.00000, 67.00000
43.00000, 65.00000
44.00000, 64.00000
46.00000, 62.00000
48.00000, 60.00000
60.00000, 65.00000
68.00000, 67.00000
74.00000, 69.00000
76.00000, 70.00000
82.00000, 69.00000
occurrence2
16.00000, 62.00000
32.00000, 67.00000
40.00000, 67.00000
43.00000, 65.00000
44.00000, 64.00000
46.00000, 62.00000
48.00000, 60.00000
60.00000, 65.00000
68.00000, 67.00000
74.00000, 69.00000
76.00000, 70.00000
82.00000, 69.00000
84.00000, 67.00000
occurrence3
60.00000, 65.00000
68.00000, 67.00000
74.00000, 69.00000
76.00000, 70.00000
82.00000, 69.00000
84.00000, 67.00000
86.00000, 69.00000
89.00000, 67.00000
90.00000, 65.00000
91.00000, 64.00000
92.00000, 62.00000
94.00000, 67.00000
98.00000, 66.00000
99.00000, 64.00000
100.00000, 66.00000
104.00000, 67.00000
124.00000, 67.00000
128.00000, 70.00000
occurrence4
91.00000, 64.00000
92.00000, 62.00000
94.00000, 67.00000
98.00000, 66.00000
99.00000, 64.00000
100.00000, 66.00000
104.00000, 67.00000
124.00000, 67.00000
128.00000, 70.00000
132.00000, 69.00000
134.00000, 67.00000
137.00000, 65.00000
138.00000, 64.00000
139.00000, 62.00000
140.00000, 64.00000
144.00000, 62.00000
152.00000, 65.00000
156.00000, 67.00000
159.00000, 69.00000
occurrence5
94.00000, 67.00000
98.00000, 66.00000
99.00000, 64.00000
100.00000, 66.00000
104.00000, 67.00000
124.00000, 67.00000
128.00000, 70.00000
132.00000, 69.00000
134.00000, 67.00000
137.00000, 65.00000
138.00000, 64.00000
139.00000, 62.00000
140.00000, 64.00000
144.00000, 62.00000
152.00000, 65.00000
156.00000, 67.00000
159.00000, 69.00000
160.00000, 70.00000
162.00000, 72.00000
occurrence6
202.00000, 65.00000
203.00000, 64.00000
204.00000, 62.00000
210.00000, 60.00000
211.00000, 58.00000
212.00000, 57.00000
216.00000, 55.00000
228.00000, 62.00000
232.00000, 62.00000
244.00000, 62.00000
248.00000, 65.00000
256.00000, 65.00000
260.00000, 67.00000
263.00000, 69.00000
264.00000, 70.00000
266.00000, 72.00000
270.00000, 70.00000
occurrence7
203.00000, 64.00000
204.00000, 62.00000
210.00000, 60.00000
211.00000, 58.00000
212.00000, 57.00000
216.00000, 55.00000
228.00000, 62.00000
232.00000, 62.00000
244.00000, 62.00000
248.00000, 65.00000
256.00000, 65.00000
260.00000, 67.00000
263.00000, 69.00000
264.00000, 70.00000
266.00000, 72.00000
270.00000, 70.00000
271.00000, 69.00000
occurrence8
204.00000, 62.00000
210.00000, 60.00000
211.00000, 58.00000
212.00000, 57.00000
216.00000, 55.00000
228.00000, 62.00000
232.00000, 62.00000
244.00000, 62.00000
248.00000, 65.00000
256.00000, 65.00000
260.00000, 67.00000
263.00000, 69.00000
264.00000, 70.00000
266.00000, 72.00000
270.00000, 70.00000
271.00000, 69.00000
272.00000, 67.00000
pattern8
occurrence1
91.00000, 64.00000
92.00000, 62.00000
94.00000, 67.00000
98.00000, 66.00000
99.00000, 64.00000
100.00000, 66.00000
104.00000, 67.00000
124.00000, 67.00000
128.00000, 70.00000
132.00000, 69.00000
134.00000, 67.00000
137.00000, 65.00000
138.00000, 64.00000
139.00000, 62.00000
140.00000, 64.00000
144.00000, 62.00000
152.00000, 65.00000
156.00000, 67.00000
159.00000, 69.00000
160.00000, 70.00000
162.00000, 72.00000
165.00000, 70.00000
166.00000, 69.00000
167.00000, 67.00000
168.00000, 65.00000
171.00000, 64.00000
171.50000, 62.00000
172.00000, 60.00000
174.00000, 58.00000
177.00000, 60.00000
178.00000, 62.00000
179.00000, 64.00000
180.00000, 65.00000
182.00000, 67.00000
184.00000, 69.00000
186.00000, 70.00000
190.00000, 69.00000
192.00000, 70.00000
198.00000, 69.00000
201.00000, 67.00000
202.00000, 65.00000
203.00000, 64.00000
204.00000, 62.00000
occurrence2
263.00000, 69.00000
264.00000, 70.00000
266.00000, 72.00000
270.00000, 70.00000
271.00000, 69.00000
272.00000, 67.00000
276.00000, 65.00000
278.00000, 67.00000
281.00000, 65.00000
282.00000, 64.00000
283.00000, 62.00000
284.00000, 64.00000
288.00000, 62.00000
300.00000, 65.00000
304.00000, 67.00000
312.00000, 69.00000
320.00000, 70.00000
324.00000, 67.00000
326.00000, 69.00000
329.00000, 67.00000
330.00000, 65.00000
331.00000, 64.00000
332.00000, 62.00000
334.00000, 60.00000
335.00000, 58.00000
336.00000, 57.00000
338.00000, 55.00000
341.00000, 57.00000
342.00000, 58.00000
343.00000, 60.00000
344.00000, 58.00000
347.00000, 60.00000
348.00000, 62.00000
349.00000, 64.00000
350.00000, 62.00000
353.00000, 64.00000
354.00000, 65.00000
355.00000, 67.00000
356.00000, 65.00000
359.00000, 67.00000
360.00000, 69.00000
361.00000, 70.00000
362.00000, 69.00000
364.00000, 67.00000
366.00000, 72.00000
367.00000, 70.00000
368.00000, 69.00000
369.00000, 67.00000
370.00000, 67.00000
374.00000, 66.00000
376.00000, 67.00000
pattern9
occurrence1
8.00000, 69.00000
11.00000, 67.00000
12.00000, 65.00000
14.00000, 64.00000
16.00000, 62.00000
32.00000, 67.00000
40.00000, 67.00000
43.00000, 65.00000
44.00000, 64.00000
46.00000, 62.00000
48.00000, 60.00000
occurrence2
132.00000, 69.00000
134.00000, 67.00000
137.00000, 65.00000
138.00000, 64.00000
139.00000, 62.00000
140.00000, 64.00000
144.00000, 62.00000
152.00000, 65.00000
156.00000, 67.00000
159.00000, 69.00000
160.00000, 70.00000
162.00000, 72.00000
165.00000, 70.00000
166.00000, 69.00000
167.00000, 67.00000
168.00000, 65.00000
171.00000, 64.00000
171.50000, 62.00000
172.00000, 60.00000
occurrence3
134.00000, 67.00000
137.00000, 65.00000
138.00000, 64.00000
139.00000, 62.00000
140.00000, 64.00000
144.00000, 62.00000
152.00000, 65.00000
156.00000, 67.00000
159.00000, 69.00000
160.00000, 70.00000
162.00000, 72.00000
165.00000, 70.00000
166.00000, 69.00000
167.00000, 67.00000
168.00000, 65.00000
171.00000, 64.00000
171.50000, 62.00000
172.00000, 60.00000
174.00000, 58.00000
occurrence4
192.00000, 70.00000
198.00000, 69.00000
201.00000, 67.00000
202.00000, 65.00000
203.00000, 64.00000
204.00000, 62.00000
210.00000, 60.00000
211.00000, 58.00000
212.00000, 57.00000
216.00000, 55.00000
228.00000, 62.00000
232.00000, 62.00000
occurrence5
304.00000, 67.00000
312.00000, 69.00000
320.00000, 70.00000
324.00000, 67.00000
326.00000, 69.00000
329.00000, 67.00000
330.00000, 65.00000
331.00000, 64.00000
332.00000, 62.00000
334.00000, 60.00000
335.00000, 58.00000
336.00000, 57.00000
338.00000, 55.00000
341.00000, 57.00000
342.00000, 58.00000
343.00000, 60.00000
344.00000, 58.00000
pattern10
occurrence1
46.00000, 62.00000
48.00000, 60.00000
60.00000, 65.00000
68.00000, 67.00000
74.00000, 69.00000
76.00000, 70.00000
82.00000, 69.00000
84.00000, 67.00000
86.00000, 69.00000
89.00000, 67.00000
90.00000, 65.00000
91.00000, 64.00000
92.00000, 62.00000
94.00000, 67.00000
98.00000, 66.00000
99.00000, 64.00000
100.00000, 66.00000
104.00000, 67.00000
124.00000, 67.00000
128.00000, 70.00000
132.00000, 69.00000
134.00000, 67.00000
137.00000, 65.00000
138.00000, 64.00000
139.00000, 62.00000
140.00000, 64.00000
144.00000, 62.00000
152.00000, 65.00000
156.00000, 67.00000
159.00000, 69.00000
160.00000, 70.00000
162.00000, 72.00000
165.00000, 70.00000
166.00000, 69.00000
167.00000, 67.00000
168.00000, 65.00000
171.00000, 64.00000
171.50000, 62.00000
172.00000, 60.00000
174.00000, 58.00000
177.00000, 60.00000
178.00000, 62.00000
179.00000, 64.00000
180.00000, 65.00000
182.00000, 67.00000
184.00000, 69.00000
186.00000, 70.00000
190.00000, 69.00000
192.00000, 70.00000
198.00000, 69.00000
201.00000, 67.00000
202.00000, 65.00000
203.00000, 64.00000
204.00000, 62.00000
210.00000, 60.00000
211.00000, 58.00000
212.00000, 57.00000
216.00000, 55.00000
228.00000, 62.00000
232.00000, 62.00000
244.00000, 62.00000
248.00000, 65.00000
256.00000, 65.00000
260.00000, 67.00000
263.00000, 69.00000
264.00000, 70.00000
266.00000, 72.00000
270.00000, 70.00000
271.00000, 69.00000
272.00000, 67.00000
276.00000, 65.00000
278.00000, 67.00000
281.00000, 65.00000
282.00000, 64.00000
283.00000, 62.00000
284.00000, 64.00000
288.00000, 62.00000
300.00000, 65.00000
304.00000, 67.00000
312.00000, 69.00000
320.00000, 70.00000
324.00000, 67.00000
326.00000, 69.00000
329.00000, 67.00000
330.00000, 65.00000
331.00000, 64.00000
332.00000, 62.00000
334.00000, 60.00000
335.00000, 58.00000
336.00000, 57.00000
338.00000, 55.00000
341.00000, 57.00000
342.00000, 58.00000
343.00000, 60.00000
344.00000, 58.00000
347.00000, 60.00000
348.00000, 62.00000
349.00000, 64.00000
350.00000, 62.00000
353.00000, 64.00000
354.00000, 65.00000
355.00000, 67.00000
356.00000, 65.00000
359.00000, 67.00000
360.00000, 69.00000
361.00000, 70.00000
362.00000, 69.00000
364.00000, 67.00000
366.00000, 72.00000
367.00000, 70.00000
368.00000, 69.00000
369.00000, 67.00000
370.00000, 67.00000
374.00000, 66.00000
