pattern1
occurrence1
160.00000, 67.00000
162.00000, 65.00000
164.00000, 69.00000
166.00000, 71.00000
168.00000, 72.00000
172.00000, 69.00000
180.00000, 65.00000
186.00000, 62.00000
188.00000, 64.00000
194.00000, 65.00000
196.00000, 67.00000
198.00000, 65.00000
199.00000, 67.00000
200.00000, 69.00000
202.00000, 72.00000
204.00000, 71.00000
206.00000, 69.00000
209.00000, 68.00000
210.00000, 68.00000
occurrence2
230.00000, 69.00000
232.00000, 67.00000
234.00000, 64.00000
236.00000, 62.00000
242.00000, 64.00000
245.00000, 65.00000
246.00000, 67.00000
249.00000, 65.00000
249.50000, 67.00000
250.00000, 69.00000
252.00000, 67.00000
254.00000, 72.00000
262.00000, 72.00000
270.00000, 71.00000
274.00000, 69.00000
278.00000, 68.00000
280.00000, 69.00000
occurrence3
498.00000, 67.00000
500.00000, 65.00000
502.00000, 64.00000
504.00000, 64.00000
512.00000, 65.00000
516.00000, 64.00000
520.00000, 69.00000
526.00000, 67.00000
528.00000, 72.00000
532.00000, 71.00000
538.00000, 69.00000
540.00000, 69.00000
548.00000, 68.00000
pattern2
occurrence1
54.00000, 69.00000
58.00000, 72.00000
60.00000, 71.00000
62.00000, 69.00000
65.00000, 67.00000
66.00000, 67.00000
70.00000, 66.00000
occurrence2
114.00000, 69.00000
116.00000, 69.00000
120.00000, 69.00000
124.00000, 70.00000
126.00000, 69.00000
130.00000, 65.00000
occurrence3
124.00000, 70.00000
126.00000, 69.00000
130.00000, 65.00000
132.00000, 64.00000
140.00000, 67.00000
occurrence4
144.00000, 70.00000
146.00000, 69.00000
150.00000, 65.00000
154.00000, 64.00000
156.00000, 65.00000
160.00000, 67.00000
occurrence5
146.00000, 69.00000
150.00000, 65.00000
154.00000, 64.00000
156.00000, 65.00000
160.00000, 67.00000
162.00000, 65.00000
occurrence6
164.00000, 69.00000
166.00000, 71.00000
168.00000, 72.00000
172.00000, 69.00000
180.00000, 65.00000
occurrence7
220.00000, 65.00000
222.00000, 64.00000
226.00000, 69.00000
229.00000, 67.00000
230.00000, 69.00000
232.00000, 67.00000
234.00000, 64.00000
236.00000, 62.00000
occurrence8
348.00000, 72.00000
356.00000, 69.00000
364.00000, 69.00000
occurrence9
380.00000, 67.00000
388.00000, 67.00000
394.00000, 64.00000
396.00000, 64.00000
occurrence10
452.00000, 71.00000
456.00000, 69.00000
460.00000, 72.00000
466.00000, 71.00000
468.00000, 67.00000
occurrence11
532.00000, 71.00000
538.00000, 69.00000
540.00000, 69.00000
548.00000, 68.00000
occurrence12
824.00000, 72.00000
840.00000, 69.00000
occurrence13
888.00000, 71.00000
900.00000, 67.00000
904.00000, 67.00000
pattern3
occurrence1
108.00000, 69.00000
114.00000, 69.00000
116.00000, 69.00000
120.00000, 69.00000
124.00000, 70.00000
126.00000, 69.00000
130.00000, 65.00000
132.00000, 64.00000
140.00000, 67.00000
occurrence2
154.00000, 64.00000
156.00000, 65.00000
160.00000, 67.00000
162.00000, 65.00000
164.00000, 69.00000
166.00000, 71.00000
168.00000, 72.00000
172.00000, 69.00000
180.00000, 65.00000
186.00000, 62.00000
occurrence3
156.00000, 65.00000
160.00000, 67.00000
162.00000, 65.00000
164.00000, 69.00000
166.00000, 71.00000
168.00000, 72.00000
172.00000, 69.00000
180.00000, 65.00000
186.00000, 62.00000
188.00000, 64.00000
occurrence4
164.00000, 69.00000
166.00000, 71.00000
168.00000, 72.00000
172.00000, 69.00000
180.00000, 65.00000
186.00000, 62.00000
188.00000, 64.00000
194.00000, 65.00000
196.00000, 67.00000
occurrence5
200.00000, 69.00000
202.00000, 72.00000
204.00000, 71.00000
206.00000, 69.00000
209.00000, 68.00000
210.00000, 68.00000
211.00000, 66.00000
212.00000, 69.00000
216.00000, 67.00000
218.00000, 64.00000
220.00000, 65.00000
222.00000, 64.00000
226.00000, 69.00000
229.00000, 67.00000
230.00000, 69.00000
232.00000, 67.00000
occurrence6
340.00000, 71.00000
348.00000, 72.00000
356.00000, 69.00000
364.00000, 69.00000
372.00000, 69.00000
occurrence7
356.00000, 69.00000
364.00000, 69.00000
372.00000, 69.00000
376.00000, 69.00000
380.00000, 67.00000
388.00000, 67.00000
occurrence8
376.00000, 69.00000
380.00000, 67.00000
388.00000, 67.00000
394.00000, 64.00000
396.00000, 64.00000
404.00000, 62.00000
404.00000, 65.00000
408.00000, 67.00000
occurrence9
468.00000, 67.00000
472.00000, 69.00000
476.00000, 71.00000
484.00000, 74.00000
488.00000, 72.00000
492.00000, 69.00000
498.00000, 67.00000
500.00000, 65.00000
occurrence10
808.00000, 71.00000
824.00000, 72.00000
840.00000, 69.00000
occurrence11
872.00000, 69.00000
888.00000, 71.00000
900.00000, 67.00000
904.00000, 67.00000
occurrence12
888.00000, 71.00000
900.00000, 67.00000
904.00000, 67.00000
920.00000, 69.00000
pattern4
occurrence1
42.00000, 62.00000
44.00000, 64.00000
48.00000, 62.00000
50.00000, 65.00000
52.00000, 67.00000
54.00000, 69.00000
58.00000, 72.00000
60.00000, 71.00000
62.00000, 69.00000
65.00000, 67.00000
66.00000, 67.00000
70.00000, 66.00000
72.00000, 67.00000
108.00000, 69.00000
114.00000, 69.00000
116.00000, 69.00000
120.00000, 69.00000
124.00000, 70.00000
126.00000, 69.00000
130.00000, 65.00000
132.00000, 64.00000
140.00000, 67.00000
143.00000, 69.00000
144.00000, 70.00000
146.00000, 69.00000
150.00000, 65.00000
154.00000, 64.00000
156.00000, 65.00000
160.00000, 67.00000
162.00000, 65.00000
164.00000, 69.00000
166.00000, 71.00000
168.00000, 72.00000
172.00000, 69.00000
180.00000, 65.00000
186.00000, 62.00000
occurrence2
44.00000, 64.00000
48.00000, 62.00000
50.00000, 65.00000
52.00000, 67.00000
54.00000, 69.00000
58.00000, 72.00000
60.00000, 71.00000
62.00000, 69.00000
65.00000, 67.00000
66.00000, 67.00000
70.00000, 66.00000
72.00000, 67.00000
108.00000, 69.00000
114.00000, 69.00000
116.00000, 69.00000
120.00000, 69.00000
124.00000, 70.00000
126.00000, 69.00000
130.00000, 65.00000
132.00000, 64.00000
140.00000, 67.00000
143.00000, 69.00000
144.00000, 70.00000
146.00000, 69.00000
150.00000, 65.00000
154.00000, 64.00000
156.00000, 65.00000
160.00000, 67.00000
162.00000, 65.00000
164.00000, 69.00000
166.00000, 71.00000
168.00000, 72.00000
172.00000, 69.00000
180.00000, 65.00000
186.00000, 62.00000
188.00000, 64.00000
occurrence3
50.00000, 65.00000
52.00000, 67.00000
54.00000, 69.00000
58.00000, 72.00000
60.00000, 71.00000
62.00000, 69.00000
65.00000, 67.00000
66.00000, 67.00000
70.00000, 66.00000
72.00000, 67.00000
108.00000, 69.00000
114.00000, 69.00000
116.00000, 69.00000
120.00000, 69.00000
124.00000, 70.00000
126.00000, 69.00000
130.00000, 65.00000
132.00000, 64.00000
140.00000, 67.00000
143.00000, 69.00000
144.00000, 70.00000
146.00000, 69.00000
150.00000, 65.00000
154.00000, 64.00000
156.00000, 65.00000
160.00000, 67.00000
162.00000, 65.00000
164.00000, 69.00000
166.00000, 71.00000
168.00000, 72.00000
172.00000, 69.00000
180.00000, 65.00000
186.00000, 62.00000
188.00000, 64.00000
194.00000, 65.00000
occurrence4
52.00000, 67.00000
54.00000, 69.00000
58.00000, 72.00000
60.00000, 71.00000
62.00000, 69.00000
65.00000, 67.00000
66.00000, 67.00000
70.00000, 66.00000
72.00000, 67.00000
108.00000, 69.00000
114.00000, 69.00000
116.00000, 69.00000
120.00000, 69.00000
124.00000, 70.00000
126.00000, 69.00000
130.00000, 65.00000
132.00000, 64.00000
140.00000, 67.00000
143.00000, 69.00000
144.00000, 70.00000
146.00000, 69.00000
150.00000, 65.00000
154.00000, 64.00000
156.00000, 65.00000
160.00000, 67.00000
162.00000, 65.00000
164.00000, 69.00000
166.00000, 71.00000
168.00000, 72.00000
172.00000, 69.00000
180.00000, 65.00000
186.00000, 62.00000
188.00000, 64.00000
194.00000, 65.00000
196.00000, 67.00000
occurrence5
58.00000, 72.00000
60.00000, 71.00000
62.00000, 69.00000
65.00000, 67.00000
66.00000, 67.00000
70.00000, 66.00000
72.00000, 67.00000
108.00000, 69.00000
114.00000, 69.00000
116.00000, 69.00000
120.00000, 69.00000
124.00000, 70.00000
126.00000, 69.00000
130.00000, 65.00000
132.00000, 64.00000
140.00000, 67.00000
143.00000, 69.00000
144.00000, 70.00000
146.00000, 69.00000
150.00000, 65.00000
154.00000, 64.00000
156.00000, 65.00000
160.00000, 67.00000
162.00000, 65.00000
164.00000, 69.00000
166.00000, 71.00000
168.00000, 72.00000
172.00000, 69.00000
180.00000, 65.00000
186.00000, 62.00000
188.00000, 64.00000
194.00000, 65.00000
196.00000, 67.00000
198.00000, 65.00000
199.00000, 67.00000
200.00000, 69.00000
202.00000, 72.00000
occurrence6
60.00000, 71.00000
62.00000, 69.00000
65.00000, 67.00000
66.00000, 67.00000
70.00000, 66.00000
72.00000, 67.00000
108.00000, 69.00000
114.00000, 69.00000
116.00000, 69.00000
120.00000, 69.00000
124.00000, 70.00000
126.00000, 69.00000
130.00000, 65.00000
132.00000, 64.00000
140.00000, 67.00000
143.00000, 69.00000
144.00000, 70.00000
146.00000, 69.00000
150.00000, 65.00000
154.00000, 64.00000
156.00000, 65.00000
160.00000, 67.00000
162.00000, 65.00000
164.00000, 69.00000
166.00000, 71.00000
168.00000, 72.00000
172.00000, 69.00000
180.00000, 65.00000
186.00000, 62.00000
188.00000, 64.00000
194.00000, 65.00000
196.00000, 67.00000
198.00000, 65.00000
199.00000, 67.00000
200.00000, 69.00000
202.00000, 72.00000
204.00000, 71.00000
occurrence7
62.00000, 69.00000
65.00000, 67.00000
66.00000, 67.00000
70.00000, 66.00000
72.00000, 67.00000
108.00000, 69.00000
114.00000, 69.00000
116.00000, 69.00000
120.00000, 69.00000
124.00000, 70.00000
126.00000, 69.00000
130.00000, 65.00000
132.00000, 64.00000
140.00000, 67.00000
143.00000, 69.00000
144.00000, 70.00000
146.00000, 69.00000
150.00000, 65.00000
154.00000, 64.00000
156.00000, 65.00000
160.00000, 67.00000
162.00000, 65.00000
164.00000, 69.00000
166.00000, 71.00000
168.00000, 72.00000
172.00000, 69.00000
180.00000, 65.00000
186.00000, 62.00000
188.00000, 64.00000
194.00000, 65.00000
196.00000, 67.00000
198.00000, 65.00000
199.00000, 67.00000
200.00000, 69.00000
202.00000, 72.00000
204.00000, 71.00000
206.00000, 69.00000
occurrence8
65.00000, 67.00000
66.00000, 67.00000
70.00000, 66.00000
72.00000, 67.00000
108.00000, 69.00000
114.00000, 69.00000
116.00000, 69.00000
120.00000, 69.00000
124.00000, 70.00000
126.00000, 69.00000
130.00000, 65.00000
132.00000, 64.00000
140.00000, 67.00000
143.00000, 69.00000
144.00000, 70.00000
146.00000, 69.00000
150.00000, 65.00000
154.00000, 64.00000
156.00000, 65.00000
160.00000, 67.00000
162.00000, 65.00000
164.00000, 69.00000
166.00000, 71.00000
168.00000, 72.00000
172.00000, 69.00000
180.00000, 65.00000
186.00000, 62.00000
188.00000, 64.00000
194.00000, 65.00000
196.00000, 67.00000
198.00000, 65.00000
199.00000, 67.00000
200.00000, 69.00000
202.00000, 72.00000
204.00000, 71.00000
206.00000, 69.00000
209.00000, 68.00000
occurrence9
66.00000, 67.00000
70.00000, 66.00000
72.00000, 67.00000
108.00000, 69.00000
114.00000, 69.00000
116.00000, 69.00000
120.00000, 69.00000
124.00000, 70.00000
126.00000, 69.00000
130.00000, 65.00000
132.00000, 64.00000
140.00000, 67.00000
143.00000, 69.00000
144.00000, 70.00000
146.00000, 69.00000
150.00000, 65.00000
154.00000, 64.00000
156.00000, 65.00000
160.00000, 67.00000
162.00000, 65.00000
164.00000, 69.00000
166.00000, 71.00000
168.00000, 72.00000
172.00000, 69.00000
180.00000, 65.00000
186.00000, 62.00000
188.00000, 64.00000
194.00000, 65.00000
196.00000, 67.00000
198.00000, 65.00000
199.00000, 67.00000
200.00000, 69.00000
202.00000, 72.00000
204.00000, 71.00000
206.00000, 69.00000
209.00000, 68.00000
210.00000, 68.00000
occurrence10
72.00000, 67.00000
108.00000, 69.00000
114.00000, 69.00000
116.00000, 69.00000
120.00000, 69.00000
124.00000, 70.00000
126.00000, 69.00000
130.00000, 65.00000
132.00000, 64.00000
140.00000, 67.00000
143.00000, 69.00000
144.00000, 70.00000
146.00000, 69.00000
150.00000, 65.00000
154.00000, 64.00000
156.00000, 65.00000
160.00000, 67.00000
162.00000, 65.00000
164.00000, 69.00000
166.00000, 71.00000
168.00000, 72.00000
172.00000, 69.00000
180.00000, 65.00000
186.00000, 62.00000
188.00000, 64.00000
194.00000, 65.00000
196.00000, 67.00000
198.00000, 65.00000
199.00000, 67.00000
200.00000, 69.00000
202.00000, 72.00000
204.00000, 71.00000
206.00000, 69.00000
209.00000, 68.00000
210.00000, 68.00000
211.00000, 66.00000
212.00000, 69.00000
216.00000, 67.00000
occurrence11
212.00000, 69.00000
216.00000, 67.00000
218.00000, 64.00000
220.00000, 65.00000
222.00000, 64.00000
226.00000, 69.00000
229.00000, 67.00000
230.00000, 69.00000
232.00000, 67.00000
234.00000, 64.00000
236.00000, 62.00000
242.00000, 64.00000
245.00000, 65.00000
246.00000, 67.00000
249.00000, 65.00000
249.50000, 67.00000
250.00000, 69.00000
252.00000, 67.00000
254.00000, 72.00000
262.00000, 72.00000
270.00000, 71.00000
274.00000, 69.00000
278.00000, 68.00000
280.00000, 69.00000
332.00000, 67.00000
340.00000, 71.00000
348.00000, 72.00000
356.00000, 69.00000
occurrence12
376.00000, 69.00000
380.00000, 67.00000
388.00000, 67.00000
394.00000, 64.00000
396.00000, 64.00000
404.00000, 62.00000
404.00000, 65.00000
408.00000, 67.00000
424.00000, 67.00000
430.00000, 64.00000
432.00000, 67.00000
436.00000, 71.00000
442.00000, 69.00000
444.00000, 69.00000
452.00000, 71.00000
456.00000, 69.00000
460.00000, 72.00000
466.00000, 71.00000
468.00000, 67.00000
472.00000, 69.00000
476.00000, 71.00000
484.00000, 74.00000
488.00000, 72.00000
492.00000, 69.00000
498.00000, 67.00000
500.00000, 65.00000
502.00000, 64.00000
504.00000, 64.00000
512.00000, 65.00000
516.00000, 64.00000
520.00000, 69.00000
pattern5
occurrence1
12.00000, 69.00000
16.00000, 72.00000
20.00000, 71.00000
24.00000, 64.00000
32.00000, 67.00000
occurrence2
120.00000, 69.00000
124.00000, 70.00000
126.00000, 69.00000
130.00000, 65.00000
132.00000, 64.00000
140.00000, 67.00000
occurrence3
144.00000, 70.00000
146.00000, 69.00000
150.00000, 65.00000
154.00000, 64.00000
156.00000, 65.00000
160.00000, 67.00000
162.00000, 65.00000
164.00000, 69.00000
occurrence4
160.00000, 67.00000
162.00000, 65.00000
164.00000, 69.00000
166.00000, 71.00000
168.00000, 72.00000
172.00000, 69.00000
180.00000, 65.00000
occurrence5
198.00000, 65.00000
199.00000, 67.00000
200.00000, 69.00000
202.00000, 72.00000
204.00000, 71.00000
206.00000, 69.00000
209.00000, 68.00000
210.00000, 68.00000
211.00000, 66.00000
212.00000, 69.00000
216.00000, 67.00000
218.00000, 64.00000
occurrence6
212.00000, 69.00000
216.00000, 67.00000
218.00000, 64.00000
220.00000, 65.00000
222.00000, 64.00000
226.00000, 69.00000
229.00000, 67.00000
230.00000, 69.00000
232.00000, 67.00000
occurrence7
226.00000, 69.00000
229.00000, 67.00000
230.00000, 69.00000
232.00000, 67.00000
234.00000, 64.00000
236.00000, 62.00000
242.00000, 64.00000
245.00000, 65.00000
246.00000, 67.00000
occurrence8
229.00000, 67.00000
230.00000, 69.00000
232.00000, 67.00000
234.00000, 64.00000
236.00000, 62.00000
242.00000, 64.00000
245.00000, 65.00000
246.00000, 67.00000
249.00000, 65.00000
occurrence9
436.00000, 71.00000
442.00000, 69.00000
444.00000, 69.00000
452.00000, 71.00000
456.00000, 69.00000
occurrence10
452.00000, 71.00000
456.00000, 69.00000
460.00000, 72.00000
466.00000, 71.00000
468.00000, 67.00000
472.00000, 69.00000
occurrence11
532.00000, 71.00000
538.00000, 69.00000
540.00000, 69.00000
548.00000, 68.00000
552.00000, 69.00000
pattern6
occurrence1
16.00000, 72.00000
20.00000, 71.00000
24.00000, 64.00000
32.00000, 67.00000
36.00000, 69.00000
40.00000, 65.00000
42.00000, 62.00000
44.00000, 64.00000
48.00000, 62.00000
50.00000, 65.00000
52.00000, 67.00000
54.00000, 69.00000
58.00000, 72.00000
60.00000, 71.00000
occurrence2
116.00000, 69.00000
120.00000, 69.00000
124.00000, 70.00000
126.00000, 69.00000
130.00000, 65.00000
132.00000, 64.00000
140.00000, 67.00000
143.00000, 69.00000
144.00000, 70.00000
146.00000, 69.00000
150.00000, 65.00000
154.00000, 64.00000
156.00000, 65.00000
160.00000, 67.00000
occurrence3
172.00000, 69.00000
180.00000, 65.00000
186.00000, 62.00000
188.00000, 64.00000
194.00000, 65.00000
196.00000, 67.00000
198.00000, 65.00000
199.00000, 67.00000
200.00000, 69.00000
202.00000, 72.00000
204.00000, 71.00000
206.00000, 69.00000
209.00000, 68.00000
210.00000, 68.00000
211.00000, 66.00000
212.00000, 69.00000
216.00000, 67.00000
occurrence4
198.00000, 65.00000
199.00000, 67.00000
200.00000, 69.00000
202.00000, 72.00000
204.00000, 71.00000
206.00000, 69.00000
209.00000, 68.00000
210.00000, 68.00000
211.00000, 66.00000
212.00000, 69.00000
216.00000, 67.00000
218.00000, 64.00000
220.00000, 65.00000
222.00000, 64.00000
226.00000, 69.00000
229.00000, 67.00000
230.00000, 69.00000
232.00000, 67.00000
234.00000, 64.00000
236.00000, 62.00000
242.00000, 64.00000
occurrence5
364.00000, 69.00000
372.00000, 69.00000
376.00000, 69.00000
380.00000, 67.00000
388.00000, 67.00000
394.00000, 64.00000
396.00000, 64.00000
404.00000, 62.00000
404.00000, 65.00000
408.00000, 67.00000
occurrence6
468.00000, 67.00000
472.00000, 69.00000
476.00000, 71.00000
484.00000, 74.00000
488.00000, 72.00000
492.00000, 69.00000
498.00000, 67.00000
500.00000, 65.00000
502.00000, 64.00000
504.00000, 64.00000
512.00000, 65.00000
occurrence7
476.00000, 71.00000
484.00000, 74.00000
488.00000, 72.00000
492.00000, 69.00000
498.00000, 67.00000
500.00000, 65.00000
502.00000, 64.00000
504.00000, 64.00000
512.00000, 65.00000
516.00000, 64.00000
520.00000, 69.00000
occurrence8
484.00000, 74.00000
488.00000, 72.00000
492.00000, 69.00000
498.00000, 67.00000
500.00000, 65.00000
502.00000, 64.00000
504.00000, 64.00000
512.00000, 65.00000
516.00000, 64.00000
520.00000, 69.00000
526.00000, 67.00000
528.00000, 72.00000
occurrence9
488.00000, 72.00000
492.00000, 69.00000
498.00000, 67.00000
500.00000, 65.00000
502.00000, 64.00000
504.00000, 64.00000
512.00000, 65.00000
516.00000, 64.00000
520.00000, 69.00000
526.00000, 67.00000
528.00000, 72.00000
532.00000, 71.00000
occurrence10
856.00000, 69.00000
872.00000, 69.00000
888.00000, 71.00000
900.00000, 67.00000
pattern7
occurrence1
150.00000, 65.00000
154.00000, 64.00000
156.00000, 65.00000
160.00000, 67.00000
162.00000, 65.00000
164.00000, 69.00000
166.00000, 71.00000
occurrence2
234.00000, 64.00000
236.00000, 62.00000
242.00000, 64.00000
245.00000, 65.00000
246.00000, 67.00000
249.00000, 65.00000
249.50000, 67.00000
250.00000, 69.00000
occurrence3
236.00000, 62.00000
242.00000, 64.00000
245.00000, 65.00000
246.00000, 67.00000
249.00000, 65.00000
249.50000, 67.00000
250.00000, 69.00000
252.00000, 67.00000
occurrence4
246.00000, 67.00000
249.00000, 65.00000
249.50000, 67.00000
250.00000, 69.00000
252.00000, 67.00000
254.00000, 72.00000
262.00000, 72.00000
occurrence5
332.00000, 67.00000
340.00000, 71.00000
348.00000, 72.00000
occurrence6
504.00000, 64.00000
512.00000, 65.00000
516.00000, 64.00000
520.00000, 69.00000
pattern8
occurrence1
42.00000, 62.00000
44.00000, 64.00000
48.00000, 62.00000
50.00000, 65.00000
52.00000, 67.00000
54.00000, 69.00000
58.00000, 72.00000
60.00000, 71.00000
62.00000, 69.00000
65.00000, 67.00000
66.00000, 67.00000
70.00000, 66.00000
72.00000, 67.00000
108.00000, 69.00000
114.00000, 69.00000
116.00000, 69.00000
120.00000, 69.00000
124.00000, 70.00000
126.00000, 69.00000
130.00000, 65.00000
132.00000, 64.00000
140.00000, 67.00000
143.00000, 69.00000
144.00000, 70.00000
146.00000, 69.00000
150.00000, 65.00000
154.00000, 64.00000
156.00000, 65.00000
160.00000, 67.00000
162.00000, 65.00000
164.00000, 69.00000
166.00000, 71.00000
168.00000, 72.00000
172.00000, 69.00000
180.00000, 65.00000
186.00000, 62.00000
188.00000, 64.00000
194.00000, 65.00000
196.00000, 67.00000
198.00000, 65.00000
199.00000, 67.00000
200.00000, 69.00000
202.00000, 72.00000
204.00000, 71.00000
206.00000, 69.00000
209.00000, 68.00000
210.00000, 68.00000
211.00000, 66.00000
212.00000, 69.00000
216.00000, 67.00000
218.00000, 64.00000
220.00000, 65.00000
222.00000, 64.00000
226.00000, 69.00000
229.00000, 67.00000
230.00000, 69.00000
232.00000, 67.00000
234.00000, 64.00000
236.00000, 62.00000
242.00000, 64.00000
245.00000, 65.00000
246.00000, 67.00000
249.00000, 65.00000
249.50000, 67.00000
250.00000, 69.00000
252.00000, 67.00000
254.00000, 72.00000
262.00000, 72.00000
270.00000, 71.00000
274.00000, 69.00000
278.00000, 68.00000
280.00000, 69.00000
332.00000, 67.00000
340.00000, 71.00000
348.00000, 72.00000
356.00000, 69.00000
364.00000, 69.00000
372.00000, 69.00000
376.00000, 69.00000
380.00000, 67.00000
388.00000, 67.00000
394.00000, 64.00000
396.00000, 64.00000
404.00000, 62.00000
404.00000, 65.00000
occurrence2
126.00000, 69.00000
130.00000, 65.00000
132.00000, 64.00000
140.00000, 67.00000
143.00000, 69.00000
144.00000, 70.00000
146.00000, 69.00000
150.00000, 65.00000
154.00000, 64.00000
156.00000, 65.00000
160.00000, 67.00000
162.00000, 65.00000
164.00000, 69.00000
166.00000, 71.00000
168.00000, 72.00000
172.00000, 69.00000
180.00000, 65.00000
186.00000, 62.00000
188.00000, 64.00000
194.00000, 65.00000
196.00000, 67.00000
198.00000, 65.00000
199.00000, 67.00000
200.00000, 69.00000
202.00000, 72.00000
204.00000, 71.00000
206.00000, 69.00000
209.00000, 68.00000
210.00000, 68.00000
211.00000, 66.00000
212.00000, 69.00000
216.00000, 67.00000
218.00000, 64.00000
220.00000, 65.00000
222.00000, 64.00000
226.00000, 69.00000
229.00000, 67.00000
230.00000, 69.00000
232.00000, 67.00000
234.00000, 64.00000
236.00000, 62.00000
242.00000, 64.00000
245.00000, 65.00000
246.00000, 67.00000
249.00000, 65.00000
249.50000, 67.00000
250.00000, 69.00000
252.00000, 67.00000
254.00000, 72.00000
262.00000, 72.00000
270.00000, 71.00000
274.00000, 69.00000
278.00000, 68.00000
280.00000, 69.00000
332.00000, 67.00000
340.00000, 71.00000
348.00000, 72.00000
356.00000, 69.00000
364.00000, 69.00000
372.00000, 69.00000
376.00000, 69.00000
380.00000, 67.00000
388.00000, 67.00000
394.00000, 64.00000
396.00000, 64.00000
404.00000, 62.00000
404.00000, 65.00000
408.00000, 67.00000
424.00000, 67.00000
430.00000, 64.00000
432.00000, 67.00000
436.00000, 71.00000
442.00000, 69.00000
444.00000, 69.00000
452.00000, 71.00000
456.00000, 69.00000
460.00000, 72.00000
466.00000, 71.00000
468.00000, 67.00000
472.00000, 69.00000
476.00000, 71.00000
484.00000, 74.00000
488.00000, 72.00000
occurrence3
130.00000, 65.00000
132.00000, 64.00000
140.00000, 67.00000
143.00000, 69.00000
144.00000, 70.00000
146.00000, 69.00000
150.00000, 65.00000
154.00000, 64.00000
156.00000, 65.00000
160.00000, 67.00000
162.00000, 65.00000
164.00000, 69.00000
166.00000, 71.00000
168.00000, 72.00000
172.00000, 69.00000
180.00000, 65.00000
186.00000, 62.00000
188.00000, 64.00000
194.00000, 65.00000
196.00000, 67.00000
198.00000, 65.00000
199.00000, 67.00000
200.00000, 69.00000
202.00000, 72.00000
204.00000, 71.00000
206.00000, 69.00000
209.00000, 68.00000
210.00000, 68.00000
211.00000, 66.00000
212.00000, 69.00000
216.00000, 67.00000
218.00000, 64.00000
220.00000, 65.00000
222.00000, 64.00000
226.00000, 69.00000
229.00000, 67.00000
230.00000, 69.00000
232.00000, 67.00000
234.00000, 64.00000
236.00000, 62.00000
242.00000, 64.00000
245.00000, 65.00000
246.00000, 67.00000
249.00000, 65.00000
249.50000, 67.00000
250.00000, 69.00000
252.00000, 67.00000
254.00000, 72.00000
262.00000, 72.00000
270.00000, 71.00000
274.00000, 69.00000
278.00000, 68.00000
280.00000, 69.00000
332.00000, 67.00000
340.00000, 71.00000
348.00000, 72.00000
356.00000, 69.00000
364.00000, 69.00000
372.00000, 69.00000
376.00000, 69.00000
380.00000, 67.00000
388.00000, 67.00000
394.00000, 64.00000
396.00000, 64.00000
404.00000, 62.00000
404.00000, 65.00000
408.00000, 67.00000
424.00000, 67.00000
430.00000, 64.00000
432.00000, 67.00000
436.00000, 71.00000
442.00000, 69.00000
444.00000, 69.00000
452.00000, 71.00000
456.00000, 69.00000
460.00000, 72.00000
466.00000, 71.00000
468.00000, 67.00000
472.00000, 69.00000
476.00000, 71.00000
484.00000, 74.00000
488.00000, 72.00000
492.00000, 69.00000
occurrence4
430.00000, 64.00000
432.00000, 67.00000
436.00000, 71.00000
442.00000, 69.00000
444.00000, 69.00000
452.00000, 71.00000
456.00000, 69.00000
460.00000, 72.00000
466.00000, 71.00000
468.00000, 67.00000
472.00000, 69.00000
476.00000, 71.00000
484.00000, 74.00000
488.00000, 72.00000
492.00000, 69.00000
498.00000, 67.00000
500.00000, 65.00000
502.00000, 64.00000
504.00000, 64.00000
512.00000, 65.00000
516.00000, 64.00000
520.00000, 69.00000
526.00000, 67.00000
528.00000, 72.00000
532.00000, 71.00000
538.00000, 69.00000
540.00000, 69.00000
548.00000, 68.00000
552.00000, 69.00000
792.00000, 67.00000
occurrence5
526.00000, 67.00000
528.00000, 72.00000
532.00000, 71.00000
538.00000, 69.00000
540.00000, 69.00000
548.00000, 68.00000
552.00000, 69.00000
792.00000, 67.00000
808.00000, 71.00000
824.00000, 72.00000
840.00000, 69.00000
856.00000, 69.00000
872.00000, 69.00000
888.00000, 71.00000
pattern9
occurrence1
20.00000, 71.00000
24.00000, 64.00000
32.00000, 67.00000
36.00000, 69.00000
40.00000, 65.00000
42.00000, 62.00000
44.00000, 64.00000
48.00000, 62.00000
50.00000, 65.00000
52.00000, 67.00000
54.00000, 69.00000
58.00000, 72.00000
60.00000, 71.00000
62.00000, 69.00000
65.00000, 67.00000
66.00000, 67.00000
70.00000, 66.00000
72.00000, 67.00000
108.00000, 69.00000
114.00000, 69.00000
116.00000, 69.00000
120.00000, 69.00000
124.00000, 70.00000
126.00000, 69.00000
130.00000, 65.00000
132.00000, 64.00000
140.00000, 67.00000
143.00000, 69.00000
144.00000, 70.00000
146.00000, 69.00000
150.00000, 65.00000
154.00000, 64.00000
156.00000, 65.00000
160.00000, 67.00000
162.00000, 65.00000
164.00000, 69.00000
166.00000, 71.00000
168.00000, 72.00000
172.00000, 69.00000
180.00000, 65.00000
186.00000, 62.00000
188.00000, 64.00000
194.00000, 65.00000
196.00000, 67.00000
198.00000, 65.00000
199.00000, 67.00000
200.00000, 69.00000
202.00000, 72.00000
204.00000, 71.00000
206.00000, 69.00000
209.00000, 68.00000
210.00000, 68.00000
211.00000, 66.00000
212.00000, 69.00000
216.00000, 67.00000
218.00000, 64.00000
220.00000, 65.00000
222.00000, 64.00000
226.00000, 69.00000
229.00000, 67.00000
230.00000, 69.00000
232.00000, 67.00000
234.00000, 64.00000
236.00000, 62.00000
242.00000, 64.00000
245.00000, 65.00000
246.00000, 67.00000
249.00000, 65.00000
249.50000, 67.00000
250.00000, 69.00000
252.00000, 67.00000
254.00000, 72.00000
262.00000, 72.00000
270.00000, 71.00000
274.00000, 69.00000
278.00000, 68.00000
280.00000, 69.00000
332.00000, 67.00000
340.00000, 71.00000
348.00000, 72.00000
356.00000, 69.00000
364.00000, 69.00000
372.00000, 69.00000
376.00000, 69.00000
380.00000, 67.00000
388.00000, 67.00000
394.00000, 64.00000
396.00000, 64.00000
404.00000, 62.00000
404.00000, 65.00000
408.00000, 67.00000
424.00000, 67.00000
430.00000, 64.00000
432.00000, 67.00000
436.00000, 71.00000
442.00000, 69.00000
444.00000, 69.00000
452.00000, 71.00000
456.00000, 69.00000
460.00000, 72.00000
466.00000, 71.00000
468.00000, 67.00000
472.00000, 69.00000
476.00000, 71.00000
484.00000, 74.00000
488.00000, 72.00000
492.00000, 69.00000
498.00000, 67.00000
500.00000, 65.00000
502.00000, 64.00000
504.00000, 64.00000
512.00000, 65.00000
516.00000, 64.00000
520.00000, 69.00000
526.00000, 67.00000
528.00000, 72.00000
532.00000, 71.00000
538.00000, 69.00000
540.00000, 69.00000
548.00000, 68.00000
552.00000, 69.00000
792.00000, 67.00000
808.00000, 71.00000
824.00000, 72.00000
840.00000, 69.00000
856.00000, 69.00000
872.00000, 69.00000
888.00000, 71.00000
900.00000, 67.00000
904.00000, 67.00000
920.00000, 69.00000
936.00000, 69.00000
