pattern1
occurrence1
66.00000, 72.00000
70.00000, 71.00000
71.00000, 69.00000
72.00000, 67.00000
occurrence2
234.00000, 69.00000
238.00000, 67.00000
239.00000, 65.00000
240.00000, 64.00000
occurrence3
258.00000, 72.00000
262.00000, 71.00000
263.00000, 69.00000
264.00000, 67.00000
occurrence4
282.00000, 76.00000
286.00000, 74.00000
287.00000, 72.00000
288.00000, 71.00000
occurrence5
294.00000, 67.00000
298.00000, 65.00000
299.00000, 64.00000
300.00000, 62.00000
occurrence6
366.00000, 67.00000
370.00000, 65.00000
371.00000, 64.00000
372.00000, 62.00000
occurrence7
474.00000, 67.00000
476.00000, 69.00000
477.00000, 67.00000
478.00000, 65.00000
479.00000, 64.00000
480.00000, 62.00000
pattern2
occurrence1
35.00000, 72.00000
36.00000, 74.00000
38.00000, 76.00000
41.00000, 74.00000
42.00000, 72.00000
46.00000, 71.00000
47.00000, 69.00000
occurrence2
60.00000, 71.00000
64.00000, 69.00000
66.00000, 72.00000
70.00000, 71.00000
71.00000, 69.00000
72.00000, 67.00000
occurrence3
228.00000, 67.00000
232.00000, 65.00000
234.00000, 69.00000
238.00000, 67.00000
239.00000, 65.00000
240.00000, 64.00000
occurrence4
252.00000, 71.00000
256.00000, 69.00000
258.00000, 72.00000
262.00000, 71.00000
263.00000, 69.00000
264.00000, 67.00000
occurrence5
276.00000, 74.00000
280.00000, 72.00000
282.00000, 76.00000
286.00000, 74.00000
287.00000, 72.00000
288.00000, 71.00000
pattern3
occurrence1
12.00000, 67.00000
15.00000, 69.00000
16.00000, 71.00000
18.00000, 72.00000
occurrence2
32.00000, 71.00000
35.00000, 72.00000
36.00000, 74.00000
38.00000, 76.00000
occurrence3
312.00000, 71.00000
315.00000, 72.00000
316.00000, 74.00000
318.00000, 76.00000
occurrence4
384.00000, 60.00000
387.00000, 62.00000
388.00000, 64.00000
390.00000, 65.00000
pattern4
occurrence1
112.00000, 76.00000
116.00000, 77.00000
122.00000, 76.00000
123.00000, 74.00000
occurrence2
148.00000, 71.00000
152.00000, 72.00000
158.00000, 71.00000
159.00000, 69.00000
occurrence3
348.00000, 71.00000
352.00000, 72.00000
358.00000, 71.00000
359.00000, 69.00000
occurrence4
428.00000, 71.00000
432.00000, 72.00000
438.00000, 71.00000
439.00000, 69.00000
pattern5
occurrence1
22.00000, 71.00000
23.00000, 69.00000
24.00000, 71.00000
28.00000, 71.00000
32.00000, 71.00000
35.00000, 72.00000
36.00000, 74.00000
occurrence2
406.00000, 64.00000
407.00000, 62.00000
408.00000, 64.00000
420.00000, 67.00000
occurrence3
438.00000, 71.00000
439.00000, 69.00000
440.00000, 71.00000
444.00000, 71.00000
448.00000, 72.00000
452.00000, 74.00000
pattern6
occurrence1
132.00000, 74.00000
138.00000, 72.00000
140.00000, 72.00000
146.00000, 71.00000
147.00000, 69.00000
148.00000, 71.00000
occurrence2
392.00000, 67.00000
398.00000, 69.00000
402.00000, 67.00000
404.00000, 65.00000
406.00000, 64.00000
407.00000, 62.00000
408.00000, 64.00000
occurrence3
452.00000, 74.00000
456.00000, 67.00000
458.00000, 69.00000
459.00000, 71.00000
460.00000, 72.00000
466.00000, 71.00000
467.00000, 69.00000
468.00000, 71.00000
pattern7
occurrence1
41.00000, 74.00000
42.00000, 72.00000
46.00000, 71.00000
47.00000, 69.00000
48.00000, 71.00000
60.00000, 71.00000
64.00000, 69.00000
66.00000, 72.00000
70.00000, 71.00000
71.00000, 69.00000
72.00000, 67.00000
74.00000, 69.00000
76.00000, 67.00000
78.00000, 69.00000
81.00000, 67.00000
82.00000, 65.00000
83.00000, 64.00000
84.00000, 62.00000
92.00000, 74.00000
96.00000, 74.00000
100.00000, 74.00000
104.00000, 76.00000
112.00000, 76.00000
116.00000, 77.00000
122.00000, 76.00000
123.00000, 74.00000
124.00000, 77.00000
128.00000, 76.00000
132.00000, 74.00000
138.00000, 72.00000
140.00000, 72.00000
146.00000, 71.00000
147.00000, 69.00000
148.00000, 71.00000
152.00000, 72.00000
158.00000, 71.00000
159.00000, 69.00000
160.00000, 67.00000
162.00000, 69.00000
164.00000, 64.00000
170.00000, 72.00000
172.00000, 71.00000
174.00000, 69.00000
177.00000, 67.00000
178.00000, 65.00000
179.00000, 64.00000
180.00000, 62.00000
184.00000, 60.00000
188.00000, 72.00000
192.00000, 72.00000
196.00000, 71.00000
202.00000, 69.00000
204.00000, 69.00000
212.00000, 68.00000
216.00000, 69.00000
228.00000, 67.00000
232.00000, 65.00000
234.00000, 69.00000
238.00000, 67.00000
239.00000, 65.00000
240.00000, 64.00000
252.00000, 71.00000
256.00000, 69.00000
258.00000, 72.00000
occurrence2
81.00000, 67.00000
82.00000, 65.00000
83.00000, 64.00000
84.00000, 62.00000
92.00000, 74.00000
96.00000, 74.00000
100.00000, 74.00000
104.00000, 76.00000
112.00000, 76.00000
116.00000, 77.00000
122.00000, 76.00000
123.00000, 74.00000
124.00000, 77.00000
128.00000, 76.00000
132.00000, 74.00000
138.00000, 72.00000
140.00000, 72.00000
146.00000, 71.00000
147.00000, 69.00000
148.00000, 71.00000
152.00000, 72.00000
158.00000, 71.00000
159.00000, 69.00000
160.00000, 67.00000
162.00000, 69.00000
164.00000, 64.00000
170.00000, 72.00000
172.00000, 71.00000
174.00000, 69.00000
177.00000, 67.00000
178.00000, 65.00000
179.00000, 64.00000
180.00000, 62.00000
184.00000, 60.00000
188.00000, 72.00000
192.00000, 72.00000
196.00000, 71.00000
202.00000, 69.00000
204.00000, 69.00000
212.00000, 68.00000
216.00000, 69.00000
228.00000, 67.00000
232.00000, 65.00000
234.00000, 69.00000
238.00000, 67.00000
239.00000, 65.00000
240.00000, 64.00000
252.00000, 71.00000
256.00000, 69.00000
258.00000, 72.00000
262.00000, 71.00000
263.00000, 69.00000
264.00000, 67.00000
276.00000, 74.00000
280.00000, 72.00000
282.00000, 76.00000
286.00000, 74.00000
287.00000, 72.00000
288.00000, 71.00000
291.00000, 72.00000
292.00000, 74.00000
294.00000, 67.00000
298.00000, 65.00000
occurrence3
82.00000, 65.00000
83.00000, 64.00000
84.00000, 62.00000
92.00000, 74.00000
96.00000, 74.00000
100.00000, 74.00000
104.00000, 76.00000
112.00000, 76.00000
116.00000, 77.00000
122.00000, 76.00000
123.00000, 74.00000
124.00000, 77.00000
128.00000, 76.00000
132.00000, 74.00000
138.00000, 72.00000
140.00000, 72.00000
146.00000, 71.00000
147.00000, 69.00000
148.00000, 71.00000
152.00000, 72.00000
158.00000, 71.00000
159.00000, 69.00000
160.00000, 67.00000
162.00000, 69.00000
164.00000, 64.00000
170.00000, 72.00000
172.00000, 71.00000
174.00000, 69.00000
177.00000, 67.00000
178.00000, 65.00000
179.00000, 64.00000
180.00000, 62.00000
184.00000, 60.00000
188.00000, 72.00000
192.00000, 72.00000
196.00000, 71.00000
202.00000, 69.00000
204.00000, 69.00000
212.00000, 68.00000
216.00000, 69.00000
228.00000, 67.00000
232.00000, 65.00000
234.00000, 69.00000
238.00000, 67.00000
239.00000, 65.00000
240.00000, 64.00000
252.00000, 71.00000
256.00000, 69.00000
258.00000, 72.00000
262.00000, 71.00000
263.00000, 69.00000
264.00000, 67.00000
276.00000, 74.00000
280.00000, 72.00000
282.00000, 76.00000
286.00000, 74.00000
287.00000, 72.00000
288.00000, 71.00000
291.00000, 72.00000
292.00000, 74.00000
294.00000, 67.00000
298.00000, 65.00000
299.00000, 64.00000
occurrence4
83.00000, 64.00000
84.00000, 62.00000
92.00000, 74.00000
96.00000, 74.00000
100.00000, 74.00000
104.00000, 76.00000
112.00000, 76.00000
116.00000, 77.00000
122.00000, 76.00000
123.00000, 74.00000
124.00000, 77.00000
128.00000, 76.00000
132.00000, 74.00000
138.00000, 72.00000
140.00000, 72.00000
146.00000, 71.00000
147.00000, 69.00000
148.00000, 71.00000
152.00000, 72.00000
158.00000, 71.00000
159.00000, 69.00000
160.00000, 67.00000
162.00000, 69.00000
164.00000, 64.00000
170.00000, 72.00000
172.00000, 71.00000
174.00000, 69.00000
177.00000, 67.00000
178.00000, 65.00000
179.00000, 64.00000
180.00000, 62.00000
184.00000, 60.00000
188.00000, 72.00000
192.00000, 72.00000
196.00000, 71.00000
202.00000, 69.00000
204.00000, 69.00000
212.00000, 68.00000
216.00000, 69.00000
228.00000, 67.00000
232.00000, 65.00000
234.00000, 69.00000
238.00000, 67.00000
239.00000, 65.00000
240.00000, 64.00000
252.00000, 71.00000
256.00000, 69.00000
258.00000, 72.00000
262.00000, 71.00000
263.00000, 69.00000
264.00000, 67.00000
276.00000, 74.00000
280.00000, 72.00000
282.00000, 76.00000
286.00000, 74.00000
287.00000, 72.00000
288.00000, 71.00000
291.00000, 72.00000
292.00000, 74.00000
294.00000, 67.00000
298.00000, 65.00000
299.00000, 64.00000
300.00000, 62.00000
pattern8
occurrence1
22.00000, 71.00000
23.00000, 69.00000
24.00000, 71.00000
28.00000, 71.00000
32.00000, 71.00000
35.00000, 72.00000
36.00000, 74.00000
38.00000, 76.00000
41.00000, 74.00000
42.00000, 72.00000
occurrence2
46.00000, 71.00000
47.00000, 69.00000
48.00000, 71.00000
60.00000, 71.00000
64.00000, 69.00000
66.00000, 72.00000
occurrence3
92.00000, 74.00000
96.00000, 74.00000
100.00000, 74.00000
104.00000, 76.00000
112.00000, 76.00000
occurrence4
104.00000, 76.00000
112.00000, 76.00000
116.00000, 77.00000
122.00000, 76.00000
123.00000, 74.00000
124.00000, 77.00000
occurrence5
172.00000, 71.00000
174.00000, 69.00000
177.00000, 67.00000
178.00000, 65.00000
179.00000, 64.00000
180.00000, 62.00000
184.00000, 60.00000
188.00000, 72.00000
192.00000, 72.00000
occurrence6
424.00000, 69.00000
428.00000, 71.00000
432.00000, 72.00000
438.00000, 71.00000
439.00000, 69.00000
440.00000, 71.00000
444.00000, 71.00000
occurrence7
428.00000, 71.00000
432.00000, 72.00000
438.00000, 71.00000
439.00000, 69.00000
440.00000, 71.00000
444.00000, 71.00000
448.00000, 72.00000
occurrence8
432.00000, 72.00000
438.00000, 71.00000
439.00000, 69.00000
440.00000, 71.00000
444.00000, 71.00000
448.00000, 72.00000
452.00000, 74.00000
occurrence9
439.00000, 69.00000
440.00000, 71.00000
444.00000, 71.00000
448.00000, 72.00000
452.00000, 74.00000
456.00000, 67.00000
458.00000, 69.00000
459.00000, 71.00000
occurrence10
440.00000, 71.00000
444.00000, 71.00000
448.00000, 72.00000
452.00000, 74.00000
456.00000, 67.00000
458.00000, 69.00000
459.00000, 71.00000
460.00000, 72.00000
occurrence11
456.00000, 67.00000
458.00000, 69.00000
459.00000, 71.00000
460.00000, 72.00000
466.00000, 71.00000
467.00000, 69.00000
468.00000, 71.00000
470.00000, 67.00000
473.00000, 65.00000
474.00000, 67.00000
476.00000, 69.00000
pattern9
occurrence1
38.00000, 76.00000
41.00000, 74.00000
42.00000, 72.00000
46.00000, 71.00000
47.00000, 69.00000
48.00000, 71.00000
60.00000, 71.00000
64.00000, 69.00000
66.00000, 72.00000
occurrence2
48.00000, 71.00000
60.00000, 71.00000
64.00000, 69.00000
66.00000, 72.00000
70.00000, 71.00000
71.00000, 69.00000
72.00000, 67.00000
74.00000, 69.00000
76.00000, 67.00000
occurrence3
112.00000, 76.00000
116.00000, 77.00000
122.00000, 76.00000
123.00000, 74.00000
124.00000, 77.00000
128.00000, 76.00000
132.00000, 74.00000
138.00000, 72.00000
140.00000, 72.00000
occurrence4
188.00000, 72.00000
192.00000, 72.00000
196.00000, 71.00000
202.00000, 69.00000
204.00000, 69.00000
212.00000, 68.00000
216.00000, 69.00000
occurrence5
204.00000, 69.00000
212.00000, 68.00000
216.00000, 69.00000
228.00000, 67.00000
232.00000, 65.00000
occurrence6
212.00000, 68.00000
216.00000, 69.00000
228.00000, 67.00000
232.00000, 65.00000
234.00000, 69.00000
238.00000, 67.00000
239.00000, 65.00000
240.00000, 64.00000
occurrence7
280.00000, 72.00000
282.00000, 76.00000
286.00000, 74.00000
287.00000, 72.00000
288.00000, 71.00000
291.00000, 72.00000
292.00000, 74.00000
294.00000, 67.00000
298.00000, 65.00000
299.00000, 64.00000
300.00000, 62.00000
306.00000, 67.00000
308.00000, 69.00000
occurrence8
282.00000, 76.00000
286.00000, 74.00000
287.00000, 72.00000
288.00000, 71.00000
291.00000, 72.00000
292.00000, 74.00000
294.00000, 67.00000
298.00000, 65.00000
299.00000, 64.00000
300.00000, 62.00000
306.00000, 67.00000
308.00000, 69.00000
310.00000, 72.00000
occurrence9
316.00000, 74.00000
318.00000, 76.00000
321.00000, 74.00000
322.00000, 72.00000
326.00000, 71.00000
328.00000, 72.00000
336.00000, 71.00000
344.00000, 71.00000
occurrence10
428.00000, 71.00000
432.00000, 72.00000
438.00000, 71.00000
439.00000, 69.00000
440.00000, 71.00000
444.00000, 71.00000
448.00000, 72.00000
452.00000, 74.00000
456.00000, 67.00000
occurrence11
448.00000, 72.00000
452.00000, 74.00000
456.00000, 67.00000
458.00000, 69.00000
459.00000, 71.00000
460.00000, 72.00000
466.00000, 71.00000
467.00000, 69.00000
468.00000, 71.00000
470.00000, 67.00000
473.00000, 65.00000
474.00000, 67.00000
476.00000, 69.00000
pattern10
occurrence1
74.00000, 69.00000
76.00000, 67.00000
78.00000, 69.00000
81.00000, 67.00000
82.00000, 65.00000
83.00000, 64.00000
84.00000, 62.00000
92.00000, 74.00000
96.00000, 74.00000
100.00000, 74.00000
104.00000, 76.00000
112.00000, 76.00000
116.00000, 77.00000
122.00000, 76.00000
123.00000, 74.00000
124.00000, 77.00000
128.00000, 76.00000
132.00000, 74.00000
138.00000, 72.00000
140.00000, 72.00000
146.00000, 71.00000
147.00000, 69.00000
148.00000, 71.00000
152.00000, 72.00000
158.00000, 71.00000
159.00000, 69.00000
160.00000, 67.00000
162.00000, 69.00000
164.00000, 64.00000
170.00000, 72.00000
occurrence2
76.00000, 67.00000
78.00000, 69.00000
81.00000, 67.00000
82.00000, 65.00000
83.00000, 64.00000
84.00000, 62.00000
92.00000, 74.00000
96.00000, 74.00000
100.00000, 74.00000
104.00000, 76.00000
112.00000, 76.00000
116.00000, 77.00000
122.00000, 76.00000
123.00000, 74.00000
124.00000, 77.00000
128.00000, 76.00000
132.00000, 74.00000
138.00000, 72.00000
140.00000, 72.00000
146.00000, 71.00000
147.00000, 69.00000
148.00000, 71.00000
152.00000, 72.00000
158.00000, 71.00000
159.00000, 69.00000
160.00000, 67.00000
162.00000, 69.00000
164.00000, 64.00000
170.00000, 72.00000
172.00000, 71.00000
occurrence3
162.00000, 69.00000
164.00000, 64.00000
170.00000, 72.00000
172.00000, 71.00000
174.00000, 69.00000
177.00000, 67.00000
178.00000, 65.00000
179.00000, 64.00000
180.00000, 62.00000
184.00000, 60.00000
188.00000, 72.00000
192.00000, 72.00000
196.00000, 71.00000
202.00000, 69.00000
204.00000, 69.00000
212.00000, 68.00000
216.00000, 69.00000
228.00000, 67.00000
232.00000, 65.00000
234.00000, 69.00000
238.00000, 67.00000
239.00000, 65.00000
240.00000, 64.00000
252.00000, 71.00000
256.00000, 69.00000
258.00000, 72.00000
occurrence4
196.00000, 71.00000
202.00000, 69.00000
204.00000, 69.00000
212.00000, 68.00000
216.00000, 69.00000
228.00000, 67.00000
232.00000, 65.00000
234.00000, 69.00000
238.00000, 67.00000
239.00000, 65.00000
240.00000, 64.00000
252.00000, 71.00000
256.00000, 69.00000
258.00000, 72.00000
262.00000, 71.00000
263.00000, 69.00000
264.00000, 67.00000
276.00000, 74.00000
280.00000, 72.00000
282.00000, 76.00000
286.00000, 74.00000
287.00000, 72.00000
288.00000, 71.00000
291.00000, 72.00000
292.00000, 74.00000
occurrence5
256.00000, 69.00000
258.00000, 72.00000
262.00000, 71.00000
263.00000, 69.00000
264.00000, 67.00000
276.00000, 74.00000
280.00000, 72.00000
282.00000, 76.00000
286.00000, 74.00000
287.00000, 72.00000
288.00000, 71.00000
291.00000, 72.00000
292.00000, 74.00000
294.00000, 67.00000
298.00000, 65.00000
299.00000, 64.00000
300.00000, 62.00000
306.00000, 67.00000
308.00000, 69.00000
310.00000, 72.00000
312.00000, 71.00000
315.00000, 72.00000
316.00000, 74.00000
318.00000, 76.00000
321.00000, 74.00000
322.00000, 72.00000
326.00000, 71.00000
328.00000, 72.00000
336.00000, 71.00000
344.00000, 71.00000
348.00000, 71.00000
352.00000, 72.00000
occurrence6
264.00000, 67.00000
276.00000, 74.00000
280.00000, 72.00000
282.00000, 76.00000
286.00000, 74.00000
287.00000, 72.00000
288.00000, 71.00000
291.00000, 72.00000
292.00000, 74.00000
294.00000, 67.00000
298.00000, 65.00000
299.00000, 64.00000
300.00000, 62.00000
306.00000, 67.00000
308.00000, 69.00000
310.00000, 72.00000
312.00000, 71.00000
315.00000, 72.00000
316.00000, 74.00000
318.00000, 76.00000
321.00000, 74.00000
322.00000, 72.00000
326.00000, 71.00000
328.00000, 72.00000
336.00000, 71.00000
344.00000, 71.00000
348.00000, 71.00000
352.00000, 72.00000
358.00000, 71.00000
359.00000, 69.00000
360.00000, 71.00000
occurrence7
374.00000, 64.00000
378.00000, 62.00000
379.00000, 60.00000
380.00000, 62.00000
384.00000, 60.00000
387.00000, 62.00000
388.00000, 64.00000
390.00000, 65.00000
392.00000, 67.00000
398.00000, 69.00000
402.00000, 67.00000
404.00000, 65.00000
406.00000, 64.00000
407.00000, 62.00000
408.00000, 64.00000
420.00000, 67.00000
424.00000, 69.00000
428.00000, 71.00000
432.00000, 72.00000
438.00000, 71.00000
439.00000, 69.00000
440.00000, 71.00000
444.00000, 71.00000
448.00000, 72.00000
452.00000, 74.00000
456.00000, 67.00000
458.00000, 69.00000
459.00000, 71.00000
460.00000, 72.00000
466.00000, 71.00000
467.00000, 69.00000
468.00000, 71.00000
470.00000, 67.00000
pattern11
occurrence1
164.00000, 64.00000
170.00000, 72.00000
172.00000, 71.00000
174.00000, 69.00000
177.00000, 67.00000
178.00000, 65.00000
179.00000, 64.00000
180.00000, 62.00000
184.00000, 60.00000
188.00000, 72.00000
192.00000, 72.00000
196.00000, 71.00000
202.00000, 69.00000
204.00000, 69.00000
212.00000, 68.00000
216.00000, 69.00000
228.00000, 67.00000
232.00000, 65.00000
234.00000, 69.00000
238.00000, 67.00000
239.00000, 65.00000
240.00000, 64.00000
252.00000, 71.00000
256.00000, 69.00000
258.00000, 72.00000
262.00000, 71.00000
263.00000, 69.00000
264.00000, 67.00000
276.00000, 74.00000
280.00000, 72.00000
282.00000, 76.00000
286.00000, 74.00000
287.00000, 72.00000
288.00000, 71.00000
291.00000, 72.00000
292.00000, 74.00000
294.00000, 67.00000
298.00000, 65.00000
299.00000, 64.00000
300.00000, 62.00000
306.00000, 67.00000
308.00000, 69.00000
310.00000, 72.00000
312.00000, 71.00000
315.00000, 72.00000
316.00000, 74.00000
318.00000, 76.00000
321.00000, 74.00000
322.00000, 72.00000
326.00000, 71.00000
328.00000, 72.00000
336.00000, 71.00000
344.00000, 71.00000
348.00000, 71.00000
352.00000, 72.00000
358.00000, 71.00000
359.00000, 69.00000
360.00000, 71.00000
363.00000, 72.00000
364.00000, 74.00000
366.00000, 67.00000
370.00000, 65.00000
371.00000, 64.00000
372.00000, 62.00000
374.00000, 64.00000
378.00000, 62.00000
379.00000, 60.00000
occurrence2
263.00000, 69.00000
264.00000, 67.00000
276.00000, 74.00000
280.00000, 72.00000
282.00000, 76.00000
286.00000, 74.00000
287.00000, 72.00000
288.00000, 71.00000
291.00000, 72.00000
292.00000, 74.00000
294.00000, 67.00000
298.00000, 65.00000
299.00000, 64.00000
300.00000, 62.00000
306.00000, 67.00000
308.00000, 69.00000
310.00000, 72.00000
312.00000, 71.00000
315.00000, 72.00000
316.00000, 74.00000
318.00000, 76.00000
321.00000, 74.00000
322.00000, 72.00000
326.00000, 71.00000
328.00000, 72.00000
336.00000, 71.00000
344.00000, 71.00000
348.00000, 71.00000
352.00000, 72.00000
358.00000, 71.00000
359.00000, 69.00000
360.00000, 71.00000
363.00000, 72.00000
364.00000, 74.00000
366.00000, 67.00000
370.00000, 65.00000
371.00000, 64.00000
372.00000, 62.00000
374.00000, 64.00000
378.00000, 62.00000
379.00000, 60.00000
380.00000, 62.00000
384.00000, 60.00000
387.00000, 62.00000
388.00000, 64.00000
390.00000, 65.00000
392.00000, 67.00000
398.00000, 69.00000
402.00000, 67.00000
404.00000, 65.00000
406.00000, 64.00000
407.00000, 62.00000
408.00000, 64.00000
420.00000, 67.00000
424.00000, 69.00000
428.00000, 71.00000
432.00000, 72.00000
438.00000, 71.00000
439.00000, 69.00000
440.00000, 71.00000
444.00000, 71.00000
448.00000, 72.00000
452.00000, 74.00000
456.00000, 67.00000
458.00000, 69.00000
459.00000, 71.00000
460.00000, 72.00000
466.00000, 71.00000
467.00000, 69.00000
468.00000, 71.00000
470.00000, 67.00000
473.00000, 65.00000
474.00000, 67.00000
476.00000, 69.00000
477.00000, 67.00000
478.00000, 65.00000
pattern12
occurrence1
96.00000, 74.00000
100.00000, 74.00000
104.00000, 76.00000
112.00000, 76.00000
116.00000, 77.00000
122.00000, 76.00000
123.00000, 74.00000
124.00000, 77.00000
128.00000, 76.00000
132.00000, 74.00000
138.00000, 72.00000
140.00000, 72.00000
146.00000, 71.00000
147.00000, 69.00000
148.00000, 71.00000
152.00000, 72.00000
158.00000, 71.00000
159.00000, 69.00000
160.00000, 67.00000
162.00000, 69.00000
164.00000, 64.00000
170.00000, 72.00000
172.00000, 71.00000
174.00000, 69.00000
occurrence2
326.00000, 71.00000
328.00000, 72.00000
336.00000, 71.00000
344.00000, 71.00000
348.00000, 71.00000
352.00000, 72.00000
358.00000, 71.00000
359.00000, 69.00000
360.00000, 71.00000
363.00000, 72.00000
364.00000, 74.00000
366.00000, 67.00000
370.00000, 65.00000
371.00000, 64.00000
372.00000, 62.00000
374.00000, 64.00000
378.00000, 62.00000
379.00000, 60.00000
380.00000, 62.00000
384.00000, 60.00000
387.00000, 62.00000
388.00000, 64.00000
390.00000, 65.00000
392.00000, 67.00000
398.00000, 69.00000
402.00000, 67.00000
404.00000, 65.00000
pattern13
occurrence1
28.00000, 71.00000
32.00000, 71.00000
35.00000, 72.00000
36.00000, 74.00000
38.00000, 76.00000
41.00000, 74.00000
42.00000, 72.00000
46.00000, 71.00000
47.00000, 69.00000
48.00000, 71.00000
60.00000, 71.00000
64.00000, 69.00000
66.00000, 72.00000
70.00000, 71.00000
71.00000, 69.00000
72.00000, 67.00000
74.00000, 69.00000
76.00000, 67.00000
78.00000, 69.00000
81.00000, 67.00000
82.00000, 65.00000
83.00000, 64.00000
84.00000, 62.00000
92.00000, 74.00000
96.00000, 74.00000
100.00000, 74.00000
104.00000, 76.00000
112.00000, 76.00000
116.00000, 77.00000
122.00000, 76.00000
123.00000, 74.00000
124.00000, 77.00000
128.00000, 76.00000
132.00000, 74.00000
138.00000, 72.00000
140.00000, 72.00000
146.00000, 71.00000
147.00000, 69.00000
148.00000, 71.00000
152.00000, 72.00000
158.00000, 71.00000
159.00000, 69.00000
160.00000, 67.00000
162.00000, 69.00000
164.00000, 64.00000
170.00000, 72.00000
172.00000, 71.00000
174.00000, 69.00000
177.00000, 67.00000
178.00000, 65.00000
179.00000, 64.00000
180.00000, 62.00000
184.00000, 60.00000
188.00000, 72.00000
192.00000, 72.00000
196.00000, 71.00000
202.00000, 69.00000
204.00000, 69.00000
212.00000, 68.00000
216.00000, 69.00000
228.00000, 67.00000
232.00000, 65.00000
234.00000, 69.00000
238.00000, 67.00000
239.00000, 65.00000
240.00000, 64.00000
252.00000, 71.00000
256.00000, 69.00000
258.00000, 72.00000
262.00000, 71.00000
263.00000, 69.00000
264.00000, 67.00000
276.00000, 74.00000
280.00000, 72.00000
282.00000, 76.00000
286.00000, 74.00000
287.00000, 72.00000
288.00000, 71.00000
291.00000, 72.00000
292.00000, 74.00000
294.00000, 67.00000
298.00000, 65.00000
299.00000, 64.00000
300.00000, 62.00000
306.00000, 67.00000
308.00000, 69.00000
310.00000, 72.00000
312.00000, 71.00000
315.00000, 72.00000
316.00000, 74.00000
318.00000, 76.00000
321.00000, 74.00000
322.00000, 72.00000
326.00000, 71.00000
328.00000, 72.00000
336.00000, 71.00000
344.00000, 71.00000
348.00000, 71.00000
352.00000, 72.00000
358.00000, 71.00000
359.00000, 69.00000
360.00000, 71.00000
363.00000, 72.00000
364.00000, 74.00000
366.00000, 67.00000
370.00000, 65.00000
371.00000, 64.00000
372.00000, 62.00000
374.00000, 64.00000
378.00000, 62.00000
379.00000, 60.00000
380.00000, 62.00000
384.00000, 60.00000
387.00000, 62.00000
388.00000, 64.00000
390.00000, 65.00000
392.00000, 67.00000
398.00000, 69.00000
402.00000, 67.00000
404.00000, 65.00000
406.00000, 64.00000
407.00000, 62.00000
408.00000, 64.00000
420.00000, 67.00000
424.00000, 69.00000
428.00000, 71.00000
432.00000, 72.00000
438.00000, 71.00000
439.00000, 69.00000
440.00000, 71.00000
444.00000, 71.00000
448.00000, 72.00000
452.00000, 74.00000
456.00000, 67.00000
458.00000, 69.00000
459.00000, 71.00000
460.00000, 72.00000
466.00000, 71.00000
467.00000, 69.00000
468.00000, 71.00000
470.00000, 67.00000
473.00000, 65.00000
