pattern1
occurrence1
216.00000, 69.00000
218.00000, 70.00000
222.00000, 69.00000
224.00000, 67.00000
227.00000, 64.00000
228.00000, 65.00000
occurrence2
678.00000, 66.00000
680.00000, 67.00000
684.00000, 65.00000
686.00000, 64.00000
690.00000, 62.00000
occurrence3
692.00000, 59.00000
694.00000, 64.00000
697.00000, 62.00000
698.00000, 59.00000
700.00000, 57.00000
702.00000, 62.00000
704.00000, 55.00000
occurrence4
1206.00000, 70.00000
1208.00000, 72.00000
1212.00000, 70.00000
1214.00000, 69.00000
1218.00000, 67.00000
pattern2
occurrence1
202.00000, 65.00000
204.00000, 67.00000
206.00000, 69.00000
209.00000, 67.00000
209.50000, 65.00000
210.00000, 64.00000
211.00000, 62.00000
212.00000, 65.00000
214.00000, 67.00000
216.00000, 69.00000
occurrence2
210.00000, 64.00000
211.00000, 62.00000
212.00000, 65.00000
214.00000, 67.00000
216.00000, 69.00000
218.00000, 70.00000
222.00000, 69.00000
224.00000, 67.00000
occurrence3
632.00000, 65.00000
634.00000, 67.00000
636.00000, 69.00000
638.00000, 70.00000
640.00000, 67.00000
642.00000, 72.00000
645.00000, 70.00000
646.00000, 69.00000
occurrence4
1200.00000, 65.00000
1202.00000, 67.00000
1204.00000, 69.00000
1206.00000, 70.00000
1208.00000, 72.00000
1212.00000, 70.00000
1214.00000, 69.00000
pattern3
occurrence1
112.00000, 69.00000
114.00000, 70.00000
118.00000, 69.00000
120.00000, 67.00000
122.00000, 65.00000
124.00000, 64.00000
128.00000, 62.00000
132.00000, 65.00000
135.00000, 67.00000
136.00000, 69.00000
137.00000, 71.00000
138.00000, 72.00000
141.00000, 71.00000
142.00000, 67.00000
occurrence2
216.00000, 69.00000
218.00000, 70.00000
222.00000, 69.00000
224.00000, 67.00000
227.00000, 64.00000
228.00000, 65.00000
231.00000, 67.00000
232.00000, 69.00000
234.00000, 67.00000
238.00000, 72.00000
240.00000, 71.00000
242.00000, 69.00000
246.00000, 67.00000
occurrence3
850.00000, 60.00000
852.00000, 62.00000
854.00000, 64.00000
858.00000, 59.00000
860.00000, 60.00000
863.00000, 59.00000
864.00000, 62.00000
870.00000, 60.00000
872.00000, 58.00000
876.00000, 57.00000
880.00000, 58.00000
occurrence4
1192.00000, 67.00000
1194.00000, 69.00000
1197.00000, 67.00000
1197.50000, 65.00000
1198.00000, 64.00000
1199.00000, 62.00000
1200.00000, 65.00000
1202.00000, 67.00000
1204.00000, 69.00000
1206.00000, 70.00000
1208.00000, 72.00000
1212.00000, 70.00000
1214.00000, 69.00000
1218.00000, 67.00000
1222.00000, 66.00000
pattern4
occurrence1
204.00000, 67.00000
206.00000, 69.00000
209.00000, 67.00000
209.50000, 65.00000
210.00000, 64.00000
211.00000, 62.00000
212.00000, 65.00000
214.00000, 67.00000
216.00000, 69.00000
218.00000, 70.00000
222.00000, 69.00000
224.00000, 67.00000
occurrence2
820.00000, 60.00000
823.00000, 62.00000
824.00000, 64.00000
826.00000, 65.00000
829.00000, 67.00000
830.00000, 69.00000
832.00000, 62.00000
834.00000, 64.00000
837.00000, 62.00000
838.00000, 60.00000
839.00000, 59.00000
840.00000, 60.00000
occurrence3
840.00000, 60.00000
842.00000, 57.00000
846.00000, 62.00000
849.00000, 60.00000
850.00000, 60.00000
852.00000, 62.00000
854.00000, 64.00000
858.00000, 59.00000
860.00000, 60.00000
occurrence4
1194.00000, 69.00000
1197.00000, 67.00000
1197.50000, 65.00000
1198.00000, 64.00000
1199.00000, 62.00000
1200.00000, 65.00000
1202.00000, 67.00000
1204.00000, 69.00000
1206.00000, 70.00000
1208.00000, 72.00000
1212.00000, 70.00000
1214.00000, 69.00000
pattern5
occurrence1
306.00000, 67.00000
308.00000, 64.00000
310.00000, 62.00000
314.00000, 65.00000
316.00000, 67.00000
318.00000, 70.00000
320.00000, 69.00000
occurrence2
850.00000, 60.00000
852.00000, 62.00000
854.00000, 64.00000
858.00000, 59.00000
860.00000, 60.00000
863.00000, 59.00000
864.00000, 62.00000
occurrence3
1178.00000, 65.00000
1182.00000, 67.00000
1186.00000, 64.00000
1188.00000, 65.00000
1192.00000, 67.00000
pattern6
occurrence1
142.00000, 67.00000
144.00000, 65.00000
146.00000, 70.00000
149.00000, 69.00000
150.00000, 69.00000
152.00000, 70.00000
154.00000, 67.00000
156.00000, 69.00000
164.00000, 69.00000
168.00000, 71.00000
172.00000, 72.00000
175.00000, 71.00000
176.00000, 69.00000
178.00000, 67.00000
occurrence2
212.00000, 65.00000
214.00000, 67.00000
216.00000, 69.00000
218.00000, 70.00000
222.00000, 69.00000
224.00000, 67.00000
227.00000, 64.00000
228.00000, 65.00000
231.00000, 67.00000
232.00000, 69.00000
234.00000, 67.00000
238.00000, 72.00000
240.00000, 71.00000
242.00000, 69.00000
246.00000, 67.00000
248.00000, 66.00000
occurrence3
495.00000, 65.00000
496.00000, 67.00000
499.00000, 65.00000
501.00000, 64.00000
502.00000, 62.00000
504.00000, 60.00000
506.00000, 64.00000
509.00000, 62.00000
510.00000, 65.00000
512.00000, 67.00000
514.00000, 69.00000
517.00000, 67.00000
518.00000, 72.00000
520.00000, 71.00000
521.00000, 69.00000
523.00000, 65.00000
524.00000, 67.00000
525.00000, 64.00000
526.00000, 65.00000
527.00000, 62.00000
529.00000, 67.00000
531.00000, 65.00000
pattern7
occurrence1
24.00000, 71.00000
28.00000, 67.00000
30.00000, 67.00000
34.00000, 64.00000
36.00000, 62.00000
84.00000, 59.00000
90.00000, 60.00000
92.00000, 62.00000
96.00000, 64.00000
100.00000, 62.00000
102.00000, 67.00000
106.00000, 64.00000
108.00000, 65.00000
occurrence2
1052.00000, 70.00000
1060.00000, 69.00000
1068.00000, 67.00000
1072.00000, 64.00000
1080.00000, 62.00000
1084.00000, 67.00000
1088.00000, 65.00000
1092.00000, 69.00000
1100.00000, 72.00000
1104.00000, 70.00000
1112.00000, 69.00000
1116.00000, 65.00000
1122.00000, 62.00000
1124.00000, 62.00000
1130.00000, 67.00000
1134.00000, 64.00000
1136.00000, 65.00000
occurrence3
1104.00000, 70.00000
1112.00000, 69.00000
1116.00000, 65.00000
1122.00000, 62.00000
1124.00000, 62.00000
1130.00000, 67.00000
1134.00000, 64.00000
1136.00000, 65.00000
1140.00000, 69.00000
1146.00000, 67.00000
1148.00000, 67.00000
1156.00000, 69.00000
1160.00000, 72.00000
1164.00000, 70.00000
1168.00000, 69.00000
1170.00000, 65.00000
1172.00000, 67.00000
1178.00000, 65.00000
1182.00000, 67.00000
1186.00000, 64.00000
1188.00000, 65.00000
pattern8
occurrence1
102.00000, 67.00000
106.00000, 64.00000
108.00000, 65.00000
111.00000, 67.00000
112.00000, 69.00000
114.00000, 70.00000
118.00000, 69.00000
120.00000, 67.00000
122.00000, 65.00000
124.00000, 64.00000
128.00000, 62.00000
132.00000, 65.00000
135.00000, 67.00000
136.00000, 69.00000
137.00000, 71.00000
138.00000, 72.00000
141.00000, 71.00000
142.00000, 67.00000
144.00000, 65.00000
146.00000, 70.00000
149.00000, 69.00000
150.00000, 69.00000
152.00000, 70.00000
154.00000, 67.00000
156.00000, 69.00000
164.00000, 69.00000
168.00000, 71.00000
172.00000, 72.00000
175.00000, 71.00000
176.00000, 69.00000
178.00000, 67.00000
180.00000, 67.00000
183.00000, 64.00000
184.00000, 65.00000
187.00000, 67.00000
188.00000, 69.00000
194.00000, 62.00000
198.00000, 67.00000
201.00000, 64.00000
202.00000, 65.00000
204.00000, 67.00000
206.00000, 69.00000
209.00000, 67.00000
209.50000, 65.00000
210.00000, 64.00000
211.00000, 62.00000
212.00000, 65.00000
214.00000, 67.00000
216.00000, 69.00000
218.00000, 70.00000
222.00000, 69.00000
224.00000, 67.00000
227.00000, 64.00000
228.00000, 65.00000
231.00000, 67.00000
232.00000, 69.00000
234.00000, 67.00000
occurrence2
188.00000, 69.00000
194.00000, 62.00000
198.00000, 67.00000
201.00000, 64.00000
202.00000, 65.00000
204.00000, 67.00000
206.00000, 69.00000
209.00000, 67.00000
209.50000, 65.00000
210.00000, 64.00000
211.00000, 62.00000
212.00000, 65.00000
214.00000, 67.00000
216.00000, 69.00000
218.00000, 70.00000
222.00000, 69.00000
224.00000, 67.00000
227.00000, 64.00000
228.00000, 65.00000
231.00000, 67.00000
232.00000, 69.00000
234.00000, 67.00000
238.00000, 72.00000
240.00000, 71.00000
242.00000, 69.00000
246.00000, 67.00000
248.00000, 66.00000
249.00000, 66.00000
251.00000, 64.00000
252.00000, 67.00000
288.00000, 62.00000
292.00000, 69.00000
294.00000, 69.00000
298.00000, 67.00000
300.00000, 69.00000
304.00000, 65.00000
306.00000, 67.00000
308.00000, 64.00000
310.00000, 62.00000
314.00000, 65.00000
316.00000, 67.00000
318.00000, 70.00000
320.00000, 69.00000
occurrence3
872.00000, 58.00000
876.00000, 57.00000
880.00000, 58.00000
884.00000, 55.00000
888.00000, 53.00000
894.00000, 60.00000
898.00000, 62.00000
900.00000, 58.00000
904.00000, 57.00000
912.00000, 55.00000
936.00000, 55.00000
944.00000, 57.00000
948.00000, 55.00000
952.00000, 60.00000
960.00000, 62.00000
968.00000, 60.00000
972.00000, 60.00000
980.00000, 57.00000
984.00000, 58.00000
990.00000, 60.00000
992.00000, 62.00000
994.00000, 60.00000
995.00000, 62.00000
996.00000, 63.00000
998.00000, 62.00000
1002.00000, 60.00000
1004.00000, 58.00000
pattern9
occurrence1
298.00000, 67.00000
300.00000, 69.00000
304.00000, 65.00000
306.00000, 67.00000
308.00000, 64.00000
310.00000, 62.00000
314.00000, 65.00000
316.00000, 67.00000
318.00000, 70.00000
320.00000, 69.00000
323.00000, 67.00000
324.00000, 72.00000
327.00000, 69.00000
328.00000, 71.00000
330.00000, 72.00000
333.00000, 71.00000
334.00000, 69.00000
335.00000, 67.00000
335.50000, 65.00000
336.00000, 64.00000
337.00000, 69.00000
339.00000, 65.00000
340.00000, 64.00000
341.00000, 67.00000
342.00000, 65.00000
343.00000, 62.00000
345.00000, 67.00000
347.00000, 66.00000
348.00000, 67.00000
464.00000, 65.00000
468.00000, 67.00000
470.00000, 69.00000
474.00000, 67.00000
478.00000, 72.00000
480.00000, 71.00000
482.00000, 69.00000
486.00000, 67.00000
488.00000, 65.00000
occurrence2
341.00000, 67.00000
342.00000, 65.00000
343.00000, 62.00000
345.00000, 67.00000
347.00000, 66.00000
348.00000, 67.00000
464.00000, 65.00000
468.00000, 67.00000
470.00000, 69.00000
474.00000, 67.00000
478.00000, 72.00000
480.00000, 71.00000
482.00000, 69.00000
486.00000, 67.00000
488.00000, 65.00000
490.00000, 69.00000
493.00000, 67.00000
494.00000, 64.00000
495.00000, 65.00000
496.00000, 67.00000
499.00000, 65.00000
501.00000, 64.00000
502.00000, 62.00000
504.00000, 60.00000
506.00000, 64.00000
509.00000, 62.00000
510.00000, 65.00000
512.00000, 67.00000
514.00000, 69.00000
517.00000, 67.00000
518.00000, 72.00000
520.00000, 71.00000
521.00000, 69.00000
523.00000, 65.00000
524.00000, 67.00000
525.00000, 64.00000
526.00000, 65.00000
527.00000, 62.00000
529.00000, 67.00000
531.00000, 65.00000
occurrence3
1024.00000, 70.00000
1030.00000, 69.00000
1031.00000, 67.00000
1032.00000, 65.00000
1038.00000, 62.00000
1040.00000, 65.00000
1046.00000, 67.00000
1048.00000, 69.00000
1052.00000, 70.00000
1060.00000, 69.00000
1068.00000, 67.00000
1072.00000, 64.00000
1080.00000, 62.00000
1084.00000, 67.00000
1088.00000, 65.00000
1092.00000, 69.00000
1100.00000, 72.00000
1104.00000, 70.00000
1112.00000, 69.00000
1116.00000, 65.00000
1122.00000, 62.00000
1124.00000, 62.00000
1130.00000, 67.00000
1134.00000, 64.00000
1136.00000, 65.00000
1140.00000, 69.00000
1146.00000, 67.00000
1148.00000, 67.00000
1156.00000, 69.00000
1160.00000, 72.00000
1164.00000, 70.00000
1168.00000, 69.00000
1170.00000, 65.00000
1172.00000, 67.00000
1178.00000, 65.00000
1182.00000, 67.00000
1186.00000, 64.00000
1188.00000, 65.00000
1192.00000, 67.00000
1194.00000, 69.00000
1197.00000, 67.00000
1197.50000, 65.00000
1198.00000, 64.00000
1199.00000, 62.00000
1200.00000, 65.00000
1202.00000, 67.00000
1204.00000, 69.00000
1206.00000, 70.00000
1208.00000, 72.00000
1212.00000, 70.00000
1214.00000, 69.00000
pattern10
occurrence1
176.00000, 69.00000
178.00000, 67.00000
180.00000, 67.00000
183.00000, 64.00000
184.00000, 65.00000
187.00000, 67.00000
188.00000, 69.00000
194.00000, 62.00000
198.00000, 67.00000
201.00000, 64.00000
202.00000, 65.00000
204.00000, 67.00000
206.00000, 69.00000
209.00000, 67.00000
209.50000, 65.00000
210.00000, 64.00000
211.00000, 62.00000
212.00000, 65.00000
214.00000, 67.00000
216.00000, 69.00000
218.00000, 70.00000
222.00000, 69.00000
224.00000, 67.00000
227.00000, 64.00000
228.00000, 65.00000
231.00000, 67.00000
232.00000, 69.00000
234.00000, 67.00000
238.00000, 72.00000
240.00000, 71.00000
242.00000, 69.00000
246.00000, 67.00000
248.00000, 66.00000
249.00000, 66.00000
251.00000, 64.00000
252.00000, 67.00000
288.00000, 62.00000
292.00000, 69.00000
294.00000, 69.00000
298.00000, 67.00000
300.00000, 69.00000
304.00000, 65.00000
306.00000, 67.00000
308.00000, 64.00000
310.00000, 62.00000
314.00000, 65.00000
316.00000, 67.00000
318.00000, 70.00000
320.00000, 69.00000
323.00000, 67.00000
324.00000, 72.00000
327.00000, 69.00000
328.00000, 71.00000
330.00000, 72.00000
333.00000, 71.00000
334.00000, 69.00000
335.00000, 67.00000
335.50000, 65.00000
336.00000, 64.00000
337.00000, 69.00000
339.00000, 65.00000
340.00000, 64.00000
341.00000, 67.00000
342.00000, 65.00000
343.00000, 62.00000
345.00000, 67.00000
347.00000, 66.00000
348.00000, 67.00000
464.00000, 65.00000
468.00000, 67.00000
470.00000, 69.00000
474.00000, 67.00000
478.00000, 72.00000
480.00000, 71.00000
occurrence2
216.00000, 69.00000
218.00000, 70.00000
222.00000, 69.00000
224.00000, 67.00000
227.00000, 64.00000
228.00000, 65.00000
231.00000, 67.00000
232.00000, 69.00000
234.00000, 67.00000
238.00000, 72.00000
240.00000, 71.00000
242.00000, 69.00000
246.00000, 67.00000
248.00000, 66.00000
249.00000, 66.00000
251.00000, 64.00000
252.00000, 67.00000
288.00000, 62.00000
292.00000, 69.00000
294.00000, 69.00000
298.00000, 67.00000
300.00000, 69.00000
304.00000, 65.00000
306.00000, 67.00000
308.00000, 64.00000
310.00000, 62.00000
314.00000, 65.00000
316.00000, 67.00000
318.00000, 70.00000
320.00000, 69.00000
323.00000, 67.00000
324.00000, 72.00000
327.00000, 69.00000
328.00000, 71.00000
330.00000, 72.00000
333.00000, 71.00000
334.00000, 69.00000
335.00000, 67.00000
335.50000, 65.00000
336.00000, 64.00000
337.00000, 69.00000
339.00000, 65.00000
340.00000, 64.00000
341.00000, 67.00000
342.00000, 65.00000
343.00000, 62.00000
345.00000, 67.00000
347.00000, 66.00000
348.00000, 67.00000
464.00000, 65.00000
468.00000, 67.00000
470.00000, 69.00000
474.00000, 67.00000
478.00000, 72.00000
480.00000, 71.00000
482.00000, 69.00000
486.00000, 67.00000
488.00000, 65.00000
490.00000, 69.00000
493.00000, 67.00000
494.00000, 64.00000
495.00000, 65.00000
496.00000, 67.00000
499.00000, 65.00000
501.00000, 64.00000
502.00000, 62.00000
504.00000, 60.00000
506.00000, 64.00000
509.00000, 62.00000
510.00000, 65.00000
512.00000, 67.00000
514.00000, 69.00000
517.00000, 67.00000
518.00000, 72.00000
520.00000, 71.00000
occurrence3
700.00000, 57.00000
702.00000, 62.00000
704.00000, 55.00000
818.00000, 57.00000
820.00000, 60.00000
823.00000, 62.00000
824.00000, 64.00000
826.00000, 65.00000
829.00000, 67.00000
830.00000, 69.00000
832.00000, 62.00000
834.00000, 64.00000
837.00000, 62.00000
838.00000, 60.00000
839.00000, 59.00000
840.00000, 60.00000
842.00000, 57.00000
846.00000, 62.00000
849.00000, 60.00000
850.00000, 60.00000
852.00000, 62.00000
854.00000, 64.00000
858.00000, 59.00000
860.00000, 60.00000
863.00000, 59.00000
864.00000, 62.00000
870.00000, 60.00000
872.00000, 58.00000
876.00000, 57.00000
880.00000, 58.00000
884.00000, 55.00000
888.00000, 53.00000
894.00000, 60.00000
898.00000, 62.00000
900.00000, 58.00000
904.00000, 57.00000
912.00000, 55.00000
936.00000, 55.00000
944.00000, 57.00000
948.00000, 55.00000
952.00000, 60.00000
960.00000, 62.00000
968.00000, 60.00000
972.00000, 60.00000
980.00000, 57.00000
984.00000, 58.00000
990.00000, 60.00000
992.00000, 62.00000
994.00000, 60.00000
995.00000, 62.00000
996.00000, 63.00000
998.00000, 62.00000
1002.00000, 60.00000
1004.00000, 58.00000
pattern11
occurrence1
92.00000, 62.00000
96.00000, 64.00000
100.00000, 62.00000
102.00000, 67.00000
106.00000, 64.00000
108.00000, 65.00000
111.00000, 67.00000
112.00000, 69.00000
114.00000, 70.00000
118.00000, 69.00000
120.00000, 67.00000
122.00000, 65.00000
124.00000, 64.00000
128.00000, 62.00000
132.00000, 65.00000
135.00000, 67.00000
136.00000, 69.00000
137.00000, 71.00000
138.00000, 72.00000
141.00000, 71.00000
142.00000, 67.00000
144.00000, 65.00000
146.00000, 70.00000
149.00000, 69.00000
150.00000, 69.00000
152.00000, 70.00000
154.00000, 67.00000
156.00000, 69.00000
164.00000, 69.00000
168.00000, 71.00000
172.00000, 72.00000
175.00000, 71.00000
176.00000, 69.00000
178.00000, 67.00000
180.00000, 67.00000
183.00000, 64.00000
184.00000, 65.00000
187.00000, 67.00000
188.00000, 69.00000
194.00000, 62.00000
198.00000, 67.00000
201.00000, 64.00000
202.00000, 65.00000
204.00000, 67.00000
206.00000, 69.00000
209.00000, 67.00000
209.50000, 65.00000
210.00000, 64.00000
211.00000, 62.00000
212.00000, 65.00000
214.00000, 67.00000
216.00000, 69.00000
218.00000, 70.00000
222.00000, 69.00000
224.00000, 67.00000
227.00000, 64.00000
228.00000, 65.00000
231.00000, 67.00000
232.00000, 69.00000
234.00000, 67.00000
238.00000, 72.00000
240.00000, 71.00000
242.00000, 69.00000
246.00000, 67.00000
248.00000, 66.00000
249.00000, 66.00000
251.00000, 64.00000
252.00000, 67.00000
288.00000, 62.00000
292.00000, 69.00000
294.00000, 69.00000
298.00000, 67.00000
300.00000, 69.00000
304.00000, 65.00000
306.00000, 67.00000
308.00000, 64.00000
310.00000, 62.00000
314.00000, 65.00000
316.00000, 67.00000
318.00000, 70.00000
320.00000, 69.00000
323.00000, 67.00000
324.00000, 72.00000
327.00000, 69.00000
328.00000, 71.00000
330.00000, 72.00000
333.00000, 71.00000
334.00000, 69.00000
335.00000, 67.00000
335.50000, 65.00000
336.00000, 64.00000
337.00000, 69.00000
339.00000, 65.00000
340.00000, 64.00000
341.00000, 67.00000
342.00000, 65.00000
343.00000, 62.00000
345.00000, 67.00000
347.00000, 66.00000
348.00000, 67.00000
464.00000, 65.00000
468.00000, 67.00000
470.00000, 69.00000
474.00000, 67.00000
478.00000, 72.00000
480.00000, 71.00000
482.00000, 69.00000
486.00000, 67.00000
488.00000, 65.00000
490.00000, 69.00000
493.00000, 67.00000
494.00000, 64.00000
495.00000, 65.00000
496.00000, 67.00000
499.00000, 65.00000
501.00000, 64.00000
502.00000, 62.00000
504.00000, 60.00000
506.00000, 64.00000
509.00000, 62.00000
510.00000, 65.00000
512.00000, 67.00000
514.00000, 69.00000
517.00000, 67.00000
518.00000, 72.00000
520.00000, 71.00000
521.00000, 69.00000
523.00000, 65.00000
524.00000, 67.00000
525.00000, 64.00000
526.00000, 65.00000
527.00000, 62.00000
529.00000, 67.00000
531.00000, 65.00000
532.00000, 64.00000
533.00000, 60.00000
534.00000, 59.00000
535.00000, 60.00000
536.00000, 64.00000
537.00000, 62.00000
539.00000, 59.00000
540.00000, 60.00000
541.00000, 55.00000
542.00000, 57.00000
544.00000, 55.00000
630.00000, 62.00000
632.00000, 65.00000
634.00000, 67.00000
occurrence2
506.00000, 64.00000
509.00000, 62.00000
510.00000, 65.00000
512.00000, 67.00000
514.00000, 69.00000
517.00000, 67.00000
518.00000, 72.00000
520.00000, 71.00000
521.00000, 69.00000
523.00000, 65.00000
524.00000, 67.00000
525.00000, 64.00000
526.00000, 65.00000
527.00000, 62.00000
529.00000, 67.00000
531.00000, 65.00000
532.00000, 64.00000
533.00000, 60.00000
534.00000, 59.00000
535.00000, 60.00000
536.00000, 64.00000
537.00000, 62.00000
539.00000, 59.00000
540.00000, 60.00000
541.00000, 55.00000
542.00000, 57.00000
544.00000, 55.00000
630.00000, 62.00000
632.00000, 65.00000
634.00000, 67.00000
636.00000, 69.00000
638.00000, 70.00000
640.00000, 67.00000
642.00000, 72.00000
645.00000, 70.00000
646.00000, 69.00000
647.00000, 67.00000
648.00000, 67.00000
651.00000, 64.00000
652.00000, 65.00000
655.00000, 67.00000
656.00000, 69.00000
658.00000, 69.00000
661.00000, 70.00000
662.00000, 72.00000
665.00000, 70.00000
666.00000, 67.00000
668.00000, 70.00000
670.00000, 69.00000
673.00000, 70.00000
674.00000, 67.00000
678.00000, 66.00000
680.00000, 67.00000
684.00000, 65.00000
686.00000, 64.00000
690.00000, 62.00000
691.00000, 60.00000
692.00000, 59.00000
694.00000, 64.00000
697.00000, 62.00000
698.00000, 59.00000
700.00000, 57.00000
702.00000, 62.00000
704.00000, 55.00000
818.00000, 57.00000
820.00000, 60.00000
823.00000, 62.00000
824.00000, 64.00000
826.00000, 65.00000
829.00000, 67.00000
830.00000, 69.00000
832.00000, 62.00000
834.00000, 64.00000
837.00000, 62.00000
838.00000, 60.00000
839.00000, 59.00000
840.00000, 60.00000
842.00000, 57.00000
846.00000, 62.00000
849.00000, 60.00000
850.00000, 60.00000
852.00000, 62.00000
854.00000, 64.00000
858.00000, 59.00000
860.00000, 60.00000
863.00000, 59.00000
864.00000, 62.00000
870.00000, 60.00000
872.00000, 58.00000
876.00000, 57.00000
880.00000, 58.00000
884.00000, 55.00000
888.00000, 53.00000
894.00000, 60.00000
898.00000, 62.00000
900.00000, 58.00000
904.00000, 57.00000
912.00000, 55.00000
936.00000, 55.00000
944.00000, 57.00000
948.00000, 55.00000
952.00000, 60.00000
960.00000, 62.00000
968.00000, 60.00000
972.00000, 60.00000
980.00000, 57.00000
984.00000, 58.00000
990.00000, 60.00000
992.00000, 62.00000
994.00000, 60.00000
995.00000, 62.00000
996.00000, 63.00000
998.00000, 62.00000
1002.00000, 60.00000
1004.00000, 58.00000
1008.00000, 57.00000
1020.00000, 69.00000
1024.00000, 70.00000
1030.00000, 69.00000
1031.00000, 67.00000
1032.00000, 65.00000
1038.00000, 62.00000
1040.00000, 65.00000
1046.00000, 67.00000
1048.00000, 69.00000
occurrence3
666.00000, 67.00000
668.00000, 70.00000
670.00000, 69.00000
673.00000, 70.00000
674.00000, 67.00000
678.00000, 66.00000
680.00000, 67.00000
684.00000, 65.00000
686.00000, 64.00000
690.00000, 62.00000
691.00000, 60.00000
692.00000, 59.00000
694.00000, 64.00000
697.00000, 62.00000
698.00000, 59.00000
700.00000, 57.00000
702.00000, 62.00000
704.00000, 55.00000
818.00000, 57.00000
820.00000, 60.00000
823.00000, 62.00000
824.00000, 64.00000
826.00000, 65.00000
829.00000, 67.00000
830.00000, 69.00000
832.00000, 62.00000
834.00000, 64.00000
837.00000, 62.00000
838.00000, 60.00000
839.00000, 59.00000
840.00000, 60.00000
842.00000, 57.00000
846.00000, 62.00000
849.00000, 60.00000
850.00000, 60.00000
852.00000, 62.00000
854.00000, 64.00000
858.00000, 59.00000
860.00000, 60.00000
863.00000, 59.00000
864.00000, 62.00000
870.00000, 60.00000
872.00000, 58.00000
876.00000, 57.00000
880.00000, 58.00000
884.00000, 55.00000
888.00000, 53.00000
894.00000, 60.00000
898.00000, 62.00000
900.00000, 58.00000
904.00000, 57.00000
912.00000, 55.00000
936.00000, 55.00000
944.00000, 57.00000
948.00000, 55.00000
952.00000, 60.00000
960.00000, 62.00000
968.00000, 60.00000
972.00000, 60.00000
980.00000, 57.00000
984.00000, 58.00000
990.00000, 60.00000
992.00000, 62.00000
994.00000, 60.00000
995.00000, 62.00000
996.00000, 63.00000
998.00000, 62.00000
1002.00000, 60.00000
1004.00000, 58.00000
1008.00000, 57.00000
1020.00000, 69.00000
1024.00000, 70.00000
1030.00000, 69.00000
1031.00000, 67.00000
1032.00000, 65.00000
1038.00000, 62.00000
1040.00000, 65.00000
1046.00000, 67.00000
1048.00000, 69.00000
1052.00000, 70.00000
1060.00000, 69.00000
1068.00000, 67.00000
1072.00000, 64.00000
1080.00000, 62.00000
1084.00000, 67.00000
1088.00000, 65.00000
1092.00000, 69.00000
1100.00000, 72.00000
1104.00000, 70.00000
1112.00000, 69.00000
1116.00000, 65.00000
1122.00000, 62.00000
1124.00000, 62.00000
1130.00000, 67.00000
1134.00000, 64.00000
1136.00000, 65.00000
1140.00000, 69.00000
1146.00000, 67.00000
1148.00000, 67.00000
1156.00000, 69.00000
1160.00000, 72.00000
1164.00000, 70.00000
1168.00000, 69.00000
1170.00000, 65.00000
1172.00000, 67.00000
1178.00000, 65.00000
1182.00000, 67.00000
1186.00000, 64.00000
1188.00000, 65.00000
1192.00000, 67.00000
1194.00000, 69.00000
1197.00000, 67.00000
1197.50000, 65.00000
1198.00000, 64.00000
1199.00000, 62.00000
1200.00000, 65.00000
1202.00000, 67.00000
1204.00000, 69.00000
1206.00000, 70.00000
1208.00000, 72.00000
pattern12
occurrence1
194.00000, 62.00000
198.00000, 67.00000
201.00000, 64.00000
202.00000, 65.00000
204.00000, 67.00000
206.00000, 69.00000
209.00000, 67.00000
209.50000, 65.00000
210.00000, 64.00000
211.00000, 62.00000
212.00000, 65.00000
214.00000, 67.00000
216.00000, 69.00000
218.00000, 70.00000
222.00000, 69.00000
224.00000, 67.00000
227.00000, 64.00000
228.00000, 65.00000
231.00000, 67.00000
232.00000, 69.00000
234.00000, 67.00000
238.00000, 72.00000
240.00000, 71.00000
242.00000, 69.00000
246.00000, 67.00000
248.00000, 66.00000
249.00000, 66.00000
251.00000, 64.00000
252.00000, 67.00000
288.00000, 62.00000
292.00000, 69.00000
294.00000, 69.00000
298.00000, 67.00000
300.00000, 69.00000
304.00000, 65.00000
306.00000, 67.00000
308.00000, 64.00000
310.00000, 62.00000
314.00000, 65.00000
316.00000, 67.00000
318.00000, 70.00000
320.00000, 69.00000
323.00000, 67.00000
324.00000, 72.00000
327.00000, 69.00000
328.00000, 71.00000
330.00000, 72.00000
333.00000, 71.00000
334.00000, 69.00000
335.00000, 67.00000
335.50000, 65.00000
336.00000, 64.00000
337.00000, 69.00000
339.00000, 65.00000
340.00000, 64.00000
341.00000, 67.00000
342.00000, 65.00000
343.00000, 62.00000
345.00000, 67.00000
347.00000, 66.00000
348.00000, 67.00000
464.00000, 65.00000
468.00000, 67.00000
470.00000, 69.00000
474.00000, 67.00000
478.00000, 72.00000
480.00000, 71.00000
482.00000, 69.00000
486.00000, 67.00000
488.00000, 65.00000
490.00000, 69.00000
493.00000, 67.00000
494.00000, 64.00000
495.00000, 65.00000
496.00000, 67.00000
499.00000, 65.00000
501.00000, 64.00000
502.00000, 62.00000
504.00000, 60.00000
506.00000, 64.00000
509.00000, 62.00000
510.00000, 65.00000
512.00000, 67.00000
occurrence2
202.00000, 65.00000
204.00000, 67.00000
206.00000, 69.00000
209.00000, 67.00000
209.50000, 65.00000
210.00000, 64.00000
211.00000, 62.00000
212.00000, 65.00000
214.00000, 67.00000
216.00000, 69.00000
218.00000, 70.00000
222.00000, 69.00000
224.00000, 67.00000
227.00000, 64.00000
228.00000, 65.00000
231.00000, 67.00000
232.00000, 69.00000
234.00000, 67.00000
238.00000, 72.00000
240.00000, 71.00000
242.00000, 69.00000
246.00000, 67.00000
248.00000, 66.00000
249.00000, 66.00000
251.00000, 64.00000
252.00000, 67.00000
288.00000, 62.00000
292.00000, 69.00000
294.00000, 69.00000
298.00000, 67.00000
300.00000, 69.00000
304.00000, 65.00000
306.00000, 67.00000
308.00000, 64.00000
310.00000, 62.00000
314.00000, 65.00000
316.00000, 67.00000
318.00000, 70.00000
320.00000, 69.00000
323.00000, 67.00000
324.00000, 72.00000
327.00000, 69.00000
328.00000, 71.00000
330.00000, 72.00000
333.00000, 71.00000
334.00000, 69.00000
335.00000, 67.00000
335.50000, 65.00000
336.00000, 64.00000
337.00000, 69.00000
339.00000, 65.00000
340.00000, 64.00000
341.00000, 67.00000
342.00000, 65.00000
343.00000, 62.00000
345.00000, 67.00000
347.00000, 66.00000
348.00000, 67.00000
464.00000, 65.00000
468.00000, 67.00000
470.00000, 69.00000
474.00000, 67.00000
478.00000, 72.00000
480.00000, 71.00000
482.00000, 69.00000
486.00000, 67.00000
488.00000, 65.00000
490.00000, 69.00000
493.00000, 67.00000
494.00000, 64.00000
495.00000, 65.00000
496.00000, 67.00000
499.00000, 65.00000
501.00000, 64.00000
502.00000, 62.00000
504.00000, 60.00000
506.00000, 64.00000
509.00000, 62.00000
510.00000, 65.00000
512.00000, 67.00000
514.00000, 69.00000
517.00000, 67.00000
518.00000, 72.00000
520.00000, 71.00000
occurrence3
864.00000, 62.00000
870.00000, 60.00000
872.00000, 58.00000
876.00000, 57.00000
880.00000, 58.00000
884.00000, 55.00000
888.00000, 53.00000
894.00000, 60.00000
898.00000, 62.00000
900.00000, 58.00000
904.00000, 57.00000
912.00000, 55.00000
936.00000, 55.00000
944.00000, 57.00000
948.00000, 55.00000
952.00000, 60.00000
960.00000, 62.00000
968.00000, 60.00000
972.00000, 60.00000
980.00000, 57.00000
984.00000, 58.00000
990.00000, 60.00000
992.00000, 62.00000
994.00000, 60.00000
995.00000, 62.00000
996.00000, 63.00000
998.00000, 62.00000
1002.00000, 60.00000
1004.00000, 58.00000
1008.00000, 57.00000
1020.00000, 69.00000
1024.00000, 70.00000
1030.00000, 69.00000
1031.00000, 67.00000
1032.00000, 65.00000
1038.00000, 62.00000
1040.00000, 65.00000
1046.00000, 67.00000
1048.00000, 69.00000
1052.00000, 70.00000
1060.00000, 69.00000
1068.00000, 67.00000
1072.00000, 64.00000
1080.00000, 62.00000
1084.00000, 67.00000
1088.00000, 65.00000
1092.00000, 69.00000
1100.00000, 72.00000
1104.00000, 70.00000
1112.00000, 69.00000
1116.00000, 65.00000
1122.00000, 62.00000
1124.00000, 62.00000
1130.00000, 67.00000
1134.00000, 64.00000
1136.00000, 65.00000
1140.00000, 69.00000
1146.00000, 67.00000
1148.00000, 67.00000
1156.00000, 69.00000
1160.00000, 72.00000
1164.00000, 70.00000
1168.00000, 69.00000
1170.00000, 65.00000
1172.00000, 67.00000
1178.00000, 65.00000
1182.00000, 67.00000
occurrence4
870.00000, 60.00000
872.00000, 58.00000
876.00000, 57.00000
880.00000, 58.00000
884.00000, 55.00000
888.00000, 53.00000
894.00000, 60.00000
898.00000, 62.00000
900.00000, 58.00000
904.00000, 57.00000
912.00000, 55.00000
936.00000, 55.00000
944.00000, 57.00000
948.00000, 55.00000
952.00000, 60.00000
960.00000, 62.00000
968.00000, 60.00000
972.00000, 60.00000
980.00000, 57.00000
984.00000, 58.00000
990.00000, 60.00000
992.00000, 62.00000
994.00000, 60.00000
995.00000, 62.00000
996.00000, 63.00000
998.00000, 62.00000
1002.00000, 60.00000
1004.00000, 58.00000
1008.00000, 57.00000
1020.00000, 69.00000
1024.00000, 70.00000
1030.00000, 69.00000
1031.00000, 67.00000
1032.00000, 65.00000
1038.00000, 62.00000
1040.00000, 65.00000
1046.00000, 67.00000
1048.00000, 69.00000
1052.00000, 70.00000
1060.00000, 69.00000
1068.00000, 67.00000
1072.00000, 64.00000
1080.00000, 62.00000
1084.00000, 67.00000
1088.00000, 65.00000
1092.00000, 69.00000
1100.00000, 72.00000
1104.00000, 70.00000
1112.00000, 69.00000
1116.00000, 65.00000
1122.00000, 62.00000
1124.00000, 62.00000
1130.00000, 67.00000
1134.00000, 64.00000
1136.00000, 65.00000
1140.00000, 69.00000
1146.00000, 67.00000
1148.00000, 67.00000
1156.00000, 69.00000
1160.00000, 72.00000
1164.00000, 70.00000
1168.00000, 69.00000
1170.00000, 65.00000
1172.00000, 67.00000
1178.00000, 65.00000
1182.00000, 67.00000
1186.00000, 64.00000
1188.00000, 65.00000
pattern13
occurrence1
138.00000, 72.00000
141.00000, 71.00000
142.00000, 67.00000
144.00000, 65.00000
146.00000, 70.00000
149.00000, 69.00000
150.00000, 69.00000
occurrence2
168.00000, 71.00000
172.00000, 72.00000
175.00000, 71.00000
176.00000, 69.00000
178.00000, 67.00000
180.00000, 67.00000
occurrence3
175.00000, 71.00000
176.00000, 69.00000
178.00000, 67.00000
180.00000, 67.00000
183.00000, 64.00000
184.00000, 65.00000
187.00000, 67.00000
occurrence4
198.00000, 67.00000
201.00000, 64.00000
202.00000, 65.00000
204.00000, 67.00000
206.00000, 69.00000
209.00000, 67.00000
209.50000, 65.00000
210.00000, 64.00000
occurrence5
216.00000, 69.00000
218.00000, 70.00000
222.00000, 69.00000
224.00000, 67.00000
227.00000, 64.00000
228.00000, 65.00000
occurrence6
240.00000, 71.00000
242.00000, 69.00000
246.00000, 67.00000
248.00000, 66.00000
249.00000, 66.00000
251.00000, 64.00000
252.00000, 67.00000
occurrence7
292.00000, 69.00000
294.00000, 69.00000
298.00000, 67.00000
300.00000, 69.00000
304.00000, 65.00000
occurrence8
327.00000, 69.00000
328.00000, 71.00000
330.00000, 72.00000
333.00000, 71.00000
334.00000, 69.00000
335.00000, 67.00000
335.50000, 65.00000
336.00000, 64.00000
337.00000, 69.00000
339.00000, 65.00000
occurrence9
333.00000, 71.00000
334.00000, 69.00000
335.00000, 67.00000
335.50000, 65.00000
336.00000, 64.00000
337.00000, 69.00000
339.00000, 65.00000
340.00000, 64.00000
341.00000, 67.00000
342.00000, 65.00000
343.00000, 62.00000
345.00000, 67.00000
occurrence10
478.00000, 72.00000
480.00000, 71.00000
482.00000, 69.00000
486.00000, 67.00000
488.00000, 65.00000
490.00000, 69.00000
occurrence11
514.00000, 69.00000
517.00000, 67.00000
518.00000, 72.00000
520.00000, 71.00000
521.00000, 69.00000
523.00000, 65.00000
524.00000, 67.00000
525.00000, 64.00000
526.00000, 65.00000
occurrence12
524.00000, 67.00000
525.00000, 64.00000
526.00000, 65.00000
527.00000, 62.00000
529.00000, 67.00000
531.00000, 65.00000
532.00000, 64.00000
533.00000, 60.00000
534.00000, 59.00000
535.00000, 60.00000
536.00000, 64.00000
occurrence13
527.00000, 62.00000
529.00000, 67.00000
531.00000, 65.00000
532.00000, 64.00000
533.00000, 60.00000
534.00000, 59.00000
535.00000, 60.00000
536.00000, 64.00000
537.00000, 62.00000
539.00000, 59.00000
occurrence14
668.00000, 70.00000
670.00000, 69.00000
673.00000, 70.00000
674.00000, 67.00000
678.00000, 66.00000
680.00000, 67.00000
occurrence15
674.00000, 67.00000
678.00000, 66.00000
680.00000, 67.00000
684.00000, 65.00000
686.00000, 64.00000
occurrence16
678.00000, 66.00000
680.00000, 67.00000
684.00000, 65.00000
686.00000, 64.00000
690.00000, 62.00000
occurrence17
692.00000, 59.00000
694.00000, 64.00000
697.00000, 62.00000
698.00000, 59.00000
700.00000, 57.00000
702.00000, 62.00000
704.00000, 55.00000
occurrence18
846.00000, 62.00000
849.00000, 60.00000
850.00000, 60.00000
852.00000, 62.00000
854.00000, 64.00000
858.00000, 59.00000
occurrence19
872.00000, 58.00000
876.00000, 57.00000
880.00000, 58.00000
884.00000, 55.00000
occurrence20
876.00000, 57.00000
880.00000, 58.00000
884.00000, 55.00000
888.00000, 53.00000
occurrence21
900.00000, 58.00000
904.00000, 57.00000
912.00000, 55.00000
occurrence22
968.00000, 60.00000
972.00000, 60.00000
980.00000, 57.00000
occurrence23
992.00000, 62.00000
994.00000, 60.00000
995.00000, 62.00000
996.00000, 63.00000
998.00000, 62.00000
1002.00000, 60.00000
1004.00000, 58.00000
occurrence24
1020.00000, 69.00000
1024.00000, 70.00000
1030.00000, 69.00000
1031.00000, 67.00000
1032.00000, 65.00000
occurrence25
1100.00000, 72.00000
1104.00000, 70.00000
1112.00000, 69.00000
occurrence26
1206.00000, 70.00000
1208.00000, 72.00000
1212.00000, 70.00000
1214.00000, 69.00000
1218.00000, 67.00000
occurrence27
1212.00000, 70.00000
1214.00000, 69.00000
1218.00000, 67.00000
1222.00000, 66.00000
1224.00000, 67.00000
pattern14
occurrence1
28.00000, 67.00000
30.00000, 67.00000
34.00000, 64.00000
36.00000, 62.00000
84.00000, 59.00000
90.00000, 60.00000
92.00000, 62.00000
96.00000, 64.00000
100.00000, 62.00000
102.00000, 67.00000
106.00000, 64.00000
108.00000, 65.00000
111.00000, 67.00000
112.00000, 69.00000
114.00000, 70.00000
118.00000, 69.00000
120.00000, 67.00000
122.00000, 65.00000
124.00000, 64.00000
128.00000, 62.00000
132.00000, 65.00000
135.00000, 67.00000
136.00000, 69.00000
137.00000, 71.00000
138.00000, 72.00000
141.00000, 71.00000
142.00000, 67.00000
144.00000, 65.00000
146.00000, 70.00000
149.00000, 69.00000
150.00000, 69.00000
152.00000, 70.00000
154.00000, 67.00000
occurrence2
114.00000, 70.00000
118.00000, 69.00000
120.00000, 67.00000
122.00000, 65.00000
124.00000, 64.00000
128.00000, 62.00000
132.00000, 65.00000
135.00000, 67.00000
136.00000, 69.00000
137.00000, 71.00000
138.00000, 72.00000
141.00000, 71.00000
142.00000, 67.00000
144.00000, 65.00000
146.00000, 70.00000
149.00000, 69.00000
150.00000, 69.00000
152.00000, 70.00000
154.00000, 67.00000
156.00000, 69.00000
164.00000, 69.00000
168.00000, 71.00000
172.00000, 72.00000
175.00000, 71.00000
176.00000, 69.00000
178.00000, 67.00000
180.00000, 67.00000
183.00000, 64.00000
184.00000, 65.00000
187.00000, 67.00000
188.00000, 69.00000
194.00000, 62.00000
198.00000, 67.00000
201.00000, 64.00000
202.00000, 65.00000
204.00000, 67.00000
206.00000, 69.00000
209.00000, 67.00000
209.50000, 65.00000
210.00000, 64.00000
211.00000, 62.00000
212.00000, 65.00000
214.00000, 67.00000
216.00000, 69.00000
218.00000, 70.00000
222.00000, 69.00000
224.00000, 67.00000
227.00000, 64.00000
228.00000, 65.00000
231.00000, 67.00000
232.00000, 69.00000
234.00000, 67.00000
238.00000, 72.00000
240.00000, 71.00000
occurrence3
120.00000, 67.00000
122.00000, 65.00000
124.00000, 64.00000
128.00000, 62.00000
132.00000, 65.00000
135.00000, 67.00000
136.00000, 69.00000
137.00000, 71.00000
138.00000, 72.00000
141.00000, 71.00000
142.00000, 67.00000
144.00000, 65.00000
146.00000, 70.00000
149.00000, 69.00000
150.00000, 69.00000
152.00000, 70.00000
154.00000, 67.00000
156.00000, 69.00000
164.00000, 69.00000
168.00000, 71.00000
172.00000, 72.00000
175.00000, 71.00000
176.00000, 69.00000
178.00000, 67.00000
180.00000, 67.00000
183.00000, 64.00000
184.00000, 65.00000
187.00000, 67.00000
188.00000, 69.00000
194.00000, 62.00000
198.00000, 67.00000
201.00000, 64.00000
202.00000, 65.00000
204.00000, 67.00000
206.00000, 69.00000
209.00000, 67.00000
209.50000, 65.00000
210.00000, 64.00000
211.00000, 62.00000
212.00000, 65.00000
214.00000, 67.00000
216.00000, 69.00000
218.00000, 70.00000
222.00000, 69.00000
224.00000, 67.00000
227.00000, 64.00000
228.00000, 65.00000
231.00000, 67.00000
232.00000, 69.00000
234.00000, 67.00000
238.00000, 72.00000
240.00000, 71.00000
242.00000, 69.00000
246.00000, 67.00000
occurrence4
122.00000, 65.00000
124.00000, 64.00000
128.00000, 62.00000
132.00000, 65.00000
135.00000, 67.00000
136.00000, 69.00000
137.00000, 71.00000
138.00000, 72.00000
141.00000, 71.00000
142.00000, 67.00000
144.00000, 65.00000
146.00000, 70.00000
149.00000, 69.00000
150.00000, 69.00000
152.00000, 70.00000
154.00000, 67.00000
156.00000, 69.00000
164.00000, 69.00000
168.00000, 71.00000
172.00000, 72.00000
175.00000, 71.00000
176.00000, 69.00000
178.00000, 67.00000
180.00000, 67.00000
183.00000, 64.00000
184.00000, 65.00000
187.00000, 67.00000
188.00000, 69.00000
194.00000, 62.00000
198.00000, 67.00000
201.00000, 64.00000
202.00000, 65.00000
204.00000, 67.00000
206.00000, 69.00000
209.00000, 67.00000
209.50000, 65.00000
210.00000, 64.00000
211.00000, 62.00000
212.00000, 65.00000
214.00000, 67.00000
216.00000, 69.00000
218.00000, 70.00000
222.00000, 69.00000
224.00000, 67.00000
227.00000, 64.00000
228.00000, 65.00000
231.00000, 67.00000
232.00000, 69.00000
234.00000, 67.00000
238.00000, 72.00000
240.00000, 71.00000
242.00000, 69.00000
246.00000, 67.00000
248.00000, 66.00000
occurrence5
180.00000, 67.00000
183.00000, 64.00000
184.00000, 65.00000
187.00000, 67.00000
188.00000, 69.00000
194.00000, 62.00000
198.00000, 67.00000
201.00000, 64.00000
202.00000, 65.00000
204.00000, 67.00000
206.00000, 69.00000
209.00000, 67.00000
209.50000, 65.00000
210.00000, 64.00000
211.00000, 62.00000
212.00000, 65.00000
214.00000, 67.00000
216.00000, 69.00000
218.00000, 70.00000
222.00000, 69.00000
224.00000, 67.00000
227.00000, 64.00000
228.00000, 65.00000
231.00000, 67.00000
232.00000, 69.00000
234.00000, 67.00000
238.00000, 72.00000
240.00000, 71.00000
242.00000, 69.00000
246.00000, 67.00000
248.00000, 66.00000
249.00000, 66.00000
251.00000, 64.00000
252.00000, 67.00000
288.00000, 62.00000
292.00000, 69.00000
294.00000, 69.00000
298.00000, 67.00000
300.00000, 69.00000
304.00000, 65.00000
306.00000, 67.00000
occurrence6
209.00000, 67.00000
209.50000, 65.00000
210.00000, 64.00000
211.00000, 62.00000
212.00000, 65.00000
214.00000, 67.00000
216.00000, 69.00000
218.00000, 70.00000
222.00000, 69.00000
224.00000, 67.00000
227.00000, 64.00000
228.00000, 65.00000
231.00000, 67.00000
232.00000, 69.00000
234.00000, 67.00000
238.00000, 72.00000
240.00000, 71.00000
242.00000, 69.00000
246.00000, 67.00000
248.00000, 66.00000
249.00000, 66.00000
251.00000, 64.00000
252.00000, 67.00000
288.00000, 62.00000
292.00000, 69.00000
294.00000, 69.00000
298.00000, 67.00000
300.00000, 69.00000
304.00000, 65.00000
306.00000, 67.00000
308.00000, 64.00000
310.00000, 62.00000
314.00000, 65.00000
316.00000, 67.00000
318.00000, 70.00000
320.00000, 69.00000
323.00000, 67.00000
324.00000, 72.00000
327.00000, 69.00000
328.00000, 71.00000
330.00000, 72.00000
333.00000, 71.00000
334.00000, 69.00000
335.00000, 67.00000
occurrence7
209.50000, 65.00000
210.00000, 64.00000
211.00000, 62.00000
212.00000, 65.00000
214.00000, 67.00000
216.00000, 69.00000
218.00000, 70.00000
222.00000, 69.00000
224.00000, 67.00000
227.00000, 64.00000
228.00000, 65.00000
231.00000, 67.00000
232.00000, 69.00000
234.00000, 67.00000
238.00000, 72.00000
240.00000, 71.00000
242.00000, 69.00000
246.00000, 67.00000
248.00000, 66.00000
249.00000, 66.00000
251.00000, 64.00000
252.00000, 67.00000
288.00000, 62.00000
292.00000, 69.00000
294.00000, 69.00000
298.00000, 67.00000
300.00000, 69.00000
304.00000, 65.00000
306.00000, 67.00000
308.00000, 64.00000
310.00000, 62.00000
314.00000, 65.00000
316.00000, 67.00000
318.00000, 70.00000
320.00000, 69.00000
323.00000, 67.00000
324.00000, 72.00000
327.00000, 69.00000
328.00000, 71.00000
330.00000, 72.00000
333.00000, 71.00000
334.00000, 69.00000
335.00000, 67.00000
335.50000, 65.00000
occurrence8
210.00000, 64.00000
211.00000, 62.00000
212.00000, 65.00000
214.00000, 67.00000
216.00000, 69.00000
218.00000, 70.00000
222.00000, 69.00000
224.00000, 67.00000
227.00000, 64.00000
228.00000, 65.00000
231.00000, 67.00000
232.00000, 69.00000
234.00000, 67.00000
238.00000, 72.00000
240.00000, 71.00000
242.00000, 69.00000
246.00000, 67.00000
248.00000, 66.00000
249.00000, 66.00000
251.00000, 64.00000
252.00000, 67.00000
288.00000, 62.00000
292.00000, 69.00000
294.00000, 69.00000
298.00000, 67.00000
300.00000, 69.00000
304.00000, 65.00000
306.00000, 67.00000
308.00000, 64.00000
310.00000, 62.00000
314.00000, 65.00000
316.00000, 67.00000
318.00000, 70.00000
320.00000, 69.00000
323.00000, 67.00000
324.00000, 72.00000
327.00000, 69.00000
328.00000, 71.00000
330.00000, 72.00000
333.00000, 71.00000
334.00000, 69.00000
335.00000, 67.00000
335.50000, 65.00000
336.00000, 64.00000
occurrence9
348.00000, 67.00000
464.00000, 65.00000
468.00000, 67.00000
470.00000, 69.00000
474.00000, 67.00000
occurrence10
525.00000, 64.00000
526.00000, 65.00000
527.00000, 62.00000
529.00000, 67.00000
531.00000, 65.00000
532.00000, 64.00000
533.00000, 60.00000
534.00000, 59.00000
535.00000, 60.00000
536.00000, 64.00000
537.00000, 62.00000
539.00000, 59.00000
540.00000, 60.00000
541.00000, 55.00000
542.00000, 57.00000
544.00000, 55.00000
630.00000, 62.00000
632.00000, 65.00000
634.00000, 67.00000
636.00000, 69.00000
638.00000, 70.00000
640.00000, 67.00000
642.00000, 72.00000
645.00000, 70.00000
646.00000, 69.00000
647.00000, 67.00000
648.00000, 67.00000
651.00000, 64.00000
occurrence11
526.00000, 65.00000
527.00000, 62.00000
529.00000, 67.00000
531.00000, 65.00000
532.00000, 64.00000
533.00000, 60.00000
534.00000, 59.00000
535.00000, 60.00000
536.00000, 64.00000
537.00000, 62.00000
539.00000, 59.00000
540.00000, 60.00000
541.00000, 55.00000
542.00000, 57.00000
544.00000, 55.00000
630.00000, 62.00000
632.00000, 65.00000
634.00000, 67.00000
636.00000, 69.00000
638.00000, 70.00000
640.00000, 67.00000
642.00000, 72.00000
645.00000, 70.00000
646.00000, 69.00000
647.00000, 67.00000
648.00000, 67.00000
651.00000, 64.00000
652.00000, 65.00000
occurrence12
529.00000, 67.00000
531.00000, 65.00000
532.00000, 64.00000
533.00000, 60.00000
534.00000, 59.00000
535.00000, 60.00000
536.00000, 64.00000
537.00000, 62.00000
539.00000, 59.00000
540.00000, 60.00000
541.00000, 55.00000
542.00000, 57.00000
544.00000, 55.00000
630.00000, 62.00000
632.00000, 65.00000
634.00000, 67.00000
636.00000, 69.00000
638.00000, 70.00000
640.00000, 67.00000
642.00000, 72.00000
645.00000, 70.00000
646.00000, 69.00000
647.00000, 67.00000
648.00000, 67.00000
651.00000, 64.00000
652.00000, 65.00000
655.00000, 67.00000
occurrence13
697.00000, 62.00000
698.00000, 59.00000
700.00000, 57.00000
702.00000, 62.00000
704.00000, 55.00000
818.00000, 57.00000
820.00000, 60.00000
823.00000, 62.00000
occurrence14
818.00000, 57.00000
820.00000, 60.00000
823.00000, 62.00000
824.00000, 64.00000
826.00000, 65.00000
829.00000, 67.00000
830.00000, 69.00000
832.00000, 62.00000
834.00000, 64.00000
837.00000, 62.00000
838.00000, 60.00000
839.00000, 59.00000
840.00000, 60.00000
842.00000, 57.00000
846.00000, 62.00000
849.00000, 60.00000
850.00000, 60.00000
852.00000, 62.00000
854.00000, 64.00000
858.00000, 59.00000
860.00000, 60.00000
863.00000, 59.00000
864.00000, 62.00000
870.00000, 60.00000
872.00000, 58.00000
876.00000, 57.00000
880.00000, 58.00000
884.00000, 55.00000
888.00000, 53.00000
894.00000, 60.00000
898.00000, 62.00000
900.00000, 58.00000
904.00000, 57.00000
912.00000, 55.00000
936.00000, 55.00000
944.00000, 57.00000
occurrence15
858.00000, 59.00000
860.00000, 60.00000
863.00000, 59.00000
864.00000, 62.00000
870.00000, 60.00000
872.00000, 58.00000
876.00000, 57.00000
880.00000, 58.00000
884.00000, 55.00000
888.00000, 53.00000
894.00000, 60.00000
898.00000, 62.00000
900.00000, 58.00000
904.00000, 57.00000
912.00000, 55.00000
936.00000, 55.00000
944.00000, 57.00000
948.00000, 55.00000
952.00000, 60.00000
960.00000, 62.00000
968.00000, 60.00000
972.00000, 60.00000
980.00000, 57.00000
984.00000, 58.00000
occurrence16
996.00000, 63.00000
998.00000, 62.00000
1002.00000, 60.00000
1004.00000, 58.00000
1008.00000, 57.00000
1020.00000, 69.00000
1024.00000, 70.00000
1030.00000, 69.00000
1031.00000, 67.00000
1032.00000, 65.00000
1038.00000, 62.00000
1040.00000, 65.00000
1046.00000, 67.00000
1048.00000, 69.00000
1052.00000, 70.00000
1060.00000, 69.00000
1068.00000, 67.00000
1072.00000, 64.00000
1080.00000, 62.00000
1084.00000, 67.00000
1088.00000, 65.00000
1092.00000, 69.00000
1100.00000, 72.00000
1104.00000, 70.00000
1112.00000, 69.00000
1116.00000, 65.00000
1122.00000, 62.00000
occurrence17
998.00000, 62.00000
1002.00000, 60.00000
1004.00000, 58.00000
1008.00000, 57.00000
1020.00000, 69.00000
1024.00000, 70.00000
1030.00000, 69.00000
1031.00000, 67.00000
1032.00000, 65.00000
1038.00000, 62.00000
1040.00000, 65.00000
1046.00000, 67.00000
1048.00000, 69.00000
1052.00000, 70.00000
1060.00000, 69.00000
1068.00000, 67.00000
1072.00000, 64.00000
1080.00000, 62.00000
1084.00000, 67.00000
1088.00000, 65.00000
1092.00000, 69.00000
1100.00000, 72.00000
1104.00000, 70.00000
1112.00000, 69.00000
1116.00000, 65.00000
1122.00000, 62.00000
1124.00000, 62.00000
occurrence18
1030.00000, 69.00000
1031.00000, 67.00000
1032.00000, 65.00000
1038.00000, 62.00000
1040.00000, 65.00000
1046.00000, 67.00000
1048.00000, 69.00000
1052.00000, 70.00000
1060.00000, 69.00000
1068.00000, 67.00000
1072.00000, 64.00000
1080.00000, 62.00000
1084.00000, 67.00000
1088.00000, 65.00000
1092.00000, 69.00000
1100.00000, 72.00000
1104.00000, 70.00000
1112.00000, 69.00000
1116.00000, 65.00000
1122.00000, 62.00000
1124.00000, 62.00000
1130.00000, 67.00000
1134.00000, 64.00000
1136.00000, 65.00000
1140.00000, 69.00000
1146.00000, 67.00000
1148.00000, 67.00000
1156.00000, 69.00000
occurrence19
1046.00000, 67.00000
1048.00000, 69.00000
1052.00000, 70.00000
1060.00000, 69.00000
1068.00000, 67.00000
1072.00000, 64.00000
1080.00000, 62.00000
1084.00000, 67.00000
1088.00000, 65.00000
1092.00000, 69.00000
1100.00000, 72.00000
1104.00000, 70.00000
1112.00000, 69.00000
1116.00000, 65.00000
1122.00000, 62.00000
1124.00000, 62.00000
1130.00000, 67.00000
1134.00000, 64.00000
1136.00000, 65.00000
1140.00000, 69.00000
1146.00000, 67.00000
1148.00000, 67.00000
1156.00000, 69.00000
1160.00000, 72.00000
1164.00000, 70.00000
1168.00000, 69.00000
1170.00000, 65.00000
1172.00000, 67.00000
occurrence20
1072.00000, 64.00000
1080.00000, 62.00000
1084.00000, 67.00000
1088.00000, 65.00000
1092.00000, 69.00000
1100.00000, 72.00000
1104.00000, 70.00000
1112.00000, 69.00000
1116.00000, 65.00000
1122.00000, 62.00000
1124.00000, 62.00000
1130.00000, 67.00000
1134.00000, 64.00000
1136.00000, 65.00000
1140.00000, 69.00000
1146.00000, 67.00000
1148.00000, 67.00000
1156.00000, 69.00000
1160.00000, 72.00000
1164.00000, 70.00000
1168.00000, 69.00000
1170.00000, 65.00000
1172.00000, 67.00000
1178.00000, 65.00000
1182.00000, 67.00000
1186.00000, 64.00000
1188.00000, 65.00000
1192.00000, 67.00000
1194.00000, 69.00000
1197.00000, 67.00000
1197.50000, 65.00000
1198.00000, 64.00000
pattern15
occurrence1
112.00000, 69.00000
114.00000, 70.00000
118.00000, 69.00000
120.00000, 67.00000
122.00000, 65.00000
occurrence2
168.00000, 71.00000
172.00000, 72.00000
175.00000, 71.00000
176.00000, 69.00000
178.00000, 67.00000
occurrence3
184.00000, 65.00000
187.00000, 67.00000
188.00000, 69.00000
194.00000, 62.00000
occurrence4
294.00000, 69.00000
298.00000, 67.00000
300.00000, 69.00000
304.00000, 65.00000
occurrence5
298.00000, 67.00000
300.00000, 69.00000
304.00000, 65.00000
306.00000, 67.00000
308.00000, 64.00000
occurrence6
324.00000, 72.00000
327.00000, 69.00000
328.00000, 71.00000
330.00000, 72.00000
333.00000, 71.00000
334.00000, 69.00000
occurrence7
337.00000, 69.00000
339.00000, 65.00000
340.00000, 64.00000
341.00000, 67.00000
342.00000, 65.00000
343.00000, 62.00000
345.00000, 67.00000
347.00000, 66.00000
occurrence8
494.00000, 64.00000
495.00000, 65.00000
496.00000, 67.00000
499.00000, 65.00000
501.00000, 64.00000
502.00000, 62.00000
504.00000, 60.00000
occurrence9
496.00000, 67.00000
499.00000, 65.00000
501.00000, 64.00000
502.00000, 62.00000
504.00000, 60.00000
506.00000, 64.00000
occurrence10
499.00000, 65.00000
501.00000, 64.00000
502.00000, 62.00000
504.00000, 60.00000
506.00000, 64.00000
509.00000, 62.00000
occurrence11
521.00000, 69.00000
523.00000, 65.00000
524.00000, 67.00000
525.00000, 64.00000
526.00000, 65.00000
527.00000, 62.00000
529.00000, 67.00000
531.00000, 65.00000
occurrence12
525.00000, 64.00000
526.00000, 65.00000
527.00000, 62.00000
529.00000, 67.00000
531.00000, 65.00000
532.00000, 64.00000
533.00000, 60.00000
534.00000, 59.00000
535.00000, 60.00000
occurrence13
534.00000, 59.00000
535.00000, 60.00000
536.00000, 64.00000
537.00000, 62.00000
539.00000, 59.00000
540.00000, 60.00000
541.00000, 55.00000
542.00000, 57.00000
544.00000, 55.00000
occurrence14
638.00000, 70.00000
640.00000, 67.00000
642.00000, 72.00000
645.00000, 70.00000
646.00000, 69.00000
647.00000, 67.00000
648.00000, 67.00000
occurrence15
645.00000, 70.00000
646.00000, 69.00000
647.00000, 67.00000
648.00000, 67.00000
651.00000, 64.00000
652.00000, 65.00000
655.00000, 67.00000
occurrence16
894.00000, 60.00000
898.00000, 62.00000
900.00000, 58.00000
904.00000, 57.00000
occurrence17
1030.00000, 69.00000
1031.00000, 67.00000
1032.00000, 65.00000
1038.00000, 62.00000
1040.00000, 65.00000
occurrence18
1168.00000, 69.00000
1170.00000, 65.00000
1172.00000, 67.00000
1178.00000, 65.00000
pattern16
occurrence1
24.00000, 71.00000
28.00000, 67.00000
30.00000, 67.00000
34.00000, 64.00000
36.00000, 62.00000
84.00000, 59.00000
90.00000, 60.00000
92.00000, 62.00000
96.00000, 64.00000
100.00000, 62.00000
102.00000, 67.00000
106.00000, 64.00000
108.00000, 65.00000
111.00000, 67.00000
112.00000, 69.00000
114.00000, 70.00000
118.00000, 69.00000
120.00000, 67.00000
122.00000, 65.00000
124.00000, 64.00000
128.00000, 62.00000
132.00000, 65.00000
135.00000, 67.00000
136.00000, 69.00000
137.00000, 71.00000
138.00000, 72.00000
141.00000, 71.00000
142.00000, 67.00000
144.00000, 65.00000
146.00000, 70.00000
149.00000, 69.00000
150.00000, 69.00000
152.00000, 70.00000
154.00000, 67.00000
156.00000, 69.00000
164.00000, 69.00000
168.00000, 71.00000
172.00000, 72.00000
175.00000, 71.00000
176.00000, 69.00000
178.00000, 67.00000
180.00000, 67.00000
183.00000, 64.00000
184.00000, 65.00000
187.00000, 67.00000
188.00000, 69.00000
194.00000, 62.00000
198.00000, 67.00000
201.00000, 64.00000
202.00000, 65.00000
204.00000, 67.00000
206.00000, 69.00000
209.00000, 67.00000
209.50000, 65.00000
210.00000, 64.00000
211.00000, 62.00000
212.00000, 65.00000
214.00000, 67.00000
216.00000, 69.00000
218.00000, 70.00000
222.00000, 69.00000
224.00000, 67.00000
227.00000, 64.00000
228.00000, 65.00000
231.00000, 67.00000
232.00000, 69.00000
234.00000, 67.00000
238.00000, 72.00000
240.00000, 71.00000
242.00000, 69.00000
246.00000, 67.00000
248.00000, 66.00000
249.00000, 66.00000
251.00000, 64.00000
252.00000, 67.00000
288.00000, 62.00000
292.00000, 69.00000
294.00000, 69.00000
298.00000, 67.00000
300.00000, 69.00000
304.00000, 65.00000
306.00000, 67.00000
308.00000, 64.00000
310.00000, 62.00000
314.00000, 65.00000
316.00000, 67.00000
318.00000, 70.00000
320.00000, 69.00000
323.00000, 67.00000
324.00000, 72.00000
327.00000, 69.00000
328.00000, 71.00000
330.00000, 72.00000
333.00000, 71.00000
334.00000, 69.00000
335.00000, 67.00000
335.50000, 65.00000
336.00000, 64.00000
337.00000, 69.00000
339.00000, 65.00000
340.00000, 64.00000
341.00000, 67.00000
342.00000, 65.00000
343.00000, 62.00000
345.00000, 67.00000
347.00000, 66.00000
348.00000, 67.00000
464.00000, 65.00000
468.00000, 67.00000
470.00000, 69.00000
474.00000, 67.00000
478.00000, 72.00000
480.00000, 71.00000
482.00000, 69.00000
486.00000, 67.00000
488.00000, 65.00000
490.00000, 69.00000
493.00000, 67.00000
494.00000, 64.00000
495.00000, 65.00000
496.00000, 67.00000
499.00000, 65.00000
501.00000, 64.00000
502.00000, 62.00000
504.00000, 60.00000
506.00000, 64.00000
509.00000, 62.00000
occurrence2
523.00000, 65.00000
524.00000, 67.00000
525.00000, 64.00000
526.00000, 65.00000
527.00000, 62.00000
529.00000, 67.00000
531.00000, 65.00000
532.00000, 64.00000
533.00000, 60.00000
534.00000, 59.00000
535.00000, 60.00000
536.00000, 64.00000
537.00000, 62.00000
539.00000, 59.00000
540.00000, 60.00000
541.00000, 55.00000
542.00000, 57.00000
544.00000, 55.00000
630.00000, 62.00000
632.00000, 65.00000
634.00000, 67.00000
636.00000, 69.00000
638.00000, 70.00000
640.00000, 67.00000
642.00000, 72.00000
645.00000, 70.00000
646.00000, 69.00000
647.00000, 67.00000
648.00000, 67.00000
651.00000, 64.00000
652.00000, 65.00000
655.00000, 67.00000
656.00000, 69.00000
658.00000, 69.00000
661.00000, 70.00000
662.00000, 72.00000
665.00000, 70.00000
666.00000, 67.00000
668.00000, 70.00000
670.00000, 69.00000
673.00000, 70.00000
674.00000, 67.00000
678.00000, 66.00000
680.00000, 67.00000
684.00000, 65.00000
686.00000, 64.00000
690.00000, 62.00000
691.00000, 60.00000
692.00000, 59.00000
694.00000, 64.00000
697.00000, 62.00000
698.00000, 59.00000
700.00000, 57.00000
702.00000, 62.00000
704.00000, 55.00000
818.00000, 57.00000
820.00000, 60.00000
823.00000, 62.00000
824.00000, 64.00000
826.00000, 65.00000
829.00000, 67.00000
830.00000, 69.00000
832.00000, 62.00000
834.00000, 64.00000
837.00000, 62.00000
838.00000, 60.00000
839.00000, 59.00000
840.00000, 60.00000
842.00000, 57.00000
846.00000, 62.00000
849.00000, 60.00000
850.00000, 60.00000
852.00000, 62.00000
854.00000, 64.00000
858.00000, 59.00000
860.00000, 60.00000
863.00000, 59.00000
864.00000, 62.00000
870.00000, 60.00000
872.00000, 58.00000
876.00000, 57.00000
880.00000, 58.00000
884.00000, 55.00000
888.00000, 53.00000
894.00000, 60.00000
898.00000, 62.00000
900.00000, 58.00000
904.00000, 57.00000
912.00000, 55.00000
936.00000, 55.00000
944.00000, 57.00000
948.00000, 55.00000
952.00000, 60.00000
960.00000, 62.00000
968.00000, 60.00000
972.00000, 60.00000
980.00000, 57.00000
984.00000, 58.00000
990.00000, 60.00000
992.00000, 62.00000
994.00000, 60.00000
995.00000, 62.00000
996.00000, 63.00000
998.00000, 62.00000
1002.00000, 60.00000
1004.00000, 58.00000
1008.00000, 57.00000
pattern17
occurrence1
24.00000, 71.00000
28.00000, 67.00000
30.00000, 67.00000
34.00000, 64.00000
occurrence2
114.00000, 70.00000
118.00000, 69.00000
120.00000, 67.00000
122.00000, 65.00000
124.00000, 64.00000
occurrence3
118.00000, 69.00000
120.00000, 67.00000
122.00000, 65.00000
124.00000, 64.00000
128.00000, 62.00000
occurrence4
238.00000, 72.00000
240.00000, 71.00000
242.00000, 69.00000
246.00000, 67.00000
248.00000, 66.00000
occurrence5
300.00000, 69.00000
304.00000, 65.00000
306.00000, 67.00000
308.00000, 64.00000
310.00000, 62.00000
occurrence6
478.00000, 72.00000
480.00000, 71.00000
482.00000, 69.00000
486.00000, 67.00000
488.00000, 65.00000
occurrence7
532.00000, 64.00000
533.00000, 60.00000
534.00000, 59.00000
535.00000, 60.00000
536.00000, 64.00000
537.00000, 62.00000
539.00000, 59.00000
540.00000, 60.00000
541.00000, 55.00000
542.00000, 57.00000
occurrence8
642.00000, 72.00000
645.00000, 70.00000
646.00000, 69.00000
647.00000, 67.00000
648.00000, 67.00000
651.00000, 64.00000
652.00000, 65.00000
occurrence9
1112.00000, 69.00000
1116.00000, 65.00000
1122.00000, 62.00000
occurrence10
1160.00000, 72.00000
1164.00000, 70.00000
1168.00000, 69.00000
1170.00000, 65.00000
pattern18
occurrence1
36.00000, 62.00000
84.00000, 59.00000
90.00000, 60.00000
92.00000, 62.00000
96.00000, 64.00000
100.00000, 62.00000
102.00000, 67.00000
106.00000, 64.00000
108.00000, 65.00000
111.00000, 67.00000
112.00000, 69.00000
114.00000, 70.00000
118.00000, 69.00000
120.00000, 67.00000
122.00000, 65.00000
124.00000, 64.00000
128.00000, 62.00000
132.00000, 65.00000
135.00000, 67.00000
136.00000, 69.00000
occurrence2
84.00000, 59.00000
90.00000, 60.00000
92.00000, 62.00000
96.00000, 64.00000
100.00000, 62.00000
102.00000, 67.00000
106.00000, 64.00000
108.00000, 65.00000
111.00000, 67.00000
112.00000, 69.00000
114.00000, 70.00000
118.00000, 69.00000
120.00000, 67.00000
122.00000, 65.00000
124.00000, 64.00000
128.00000, 62.00000
132.00000, 65.00000
135.00000, 67.00000
136.00000, 69.00000
137.00000, 71.00000
138.00000, 72.00000
141.00000, 71.00000
142.00000, 67.00000
144.00000, 65.00000
146.00000, 70.00000
149.00000, 69.00000
150.00000, 69.00000
152.00000, 70.00000
154.00000, 67.00000
156.00000, 69.00000
164.00000, 69.00000
168.00000, 71.00000
172.00000, 72.00000
175.00000, 71.00000
176.00000, 69.00000
178.00000, 67.00000
180.00000, 67.00000
183.00000, 64.00000
184.00000, 65.00000
occurrence3
194.00000, 62.00000
198.00000, 67.00000
201.00000, 64.00000
202.00000, 65.00000
204.00000, 67.00000
206.00000, 69.00000
209.00000, 67.00000
209.50000, 65.00000
210.00000, 64.00000
211.00000, 62.00000
212.00000, 65.00000
214.00000, 67.00000
216.00000, 69.00000
218.00000, 70.00000
222.00000, 69.00000
224.00000, 67.00000
227.00000, 64.00000
228.00000, 65.00000
231.00000, 67.00000
232.00000, 69.00000
234.00000, 67.00000
238.00000, 72.00000
240.00000, 71.00000
242.00000, 69.00000
246.00000, 67.00000
248.00000, 66.00000
249.00000, 66.00000
251.00000, 64.00000
252.00000, 67.00000
288.00000, 62.00000
292.00000, 69.00000
294.00000, 69.00000
occurrence4
540.00000, 60.00000
541.00000, 55.00000
542.00000, 57.00000
544.00000, 55.00000
630.00000, 62.00000
632.00000, 65.00000
634.00000, 67.00000
636.00000, 69.00000
638.00000, 70.00000
640.00000, 67.00000
occurrence5
960.00000, 62.00000
968.00000, 60.00000
972.00000, 60.00000
980.00000, 57.00000
984.00000, 58.00000
990.00000, 60.00000
992.00000, 62.00000
994.00000, 60.00000
995.00000, 62.00000
996.00000, 63.00000
998.00000, 62.00000
1002.00000, 60.00000
1004.00000, 58.00000
1008.00000, 57.00000
1020.00000, 69.00000
1024.00000, 70.00000
1030.00000, 69.00000
1031.00000, 67.00000
1032.00000, 65.00000
1038.00000, 62.00000
1040.00000, 65.00000
1046.00000, 67.00000
1048.00000, 69.00000
1052.00000, 70.00000
1060.00000, 69.00000
occurrence6
968.00000, 60.00000
972.00000, 60.00000
980.00000, 57.00000
984.00000, 58.00000
990.00000, 60.00000
992.00000, 62.00000
994.00000, 60.00000
995.00000, 62.00000
996.00000, 63.00000
998.00000, 62.00000
1002.00000, 60.00000
1004.00000, 58.00000
1008.00000, 57.00000
1020.00000, 69.00000
1024.00000, 70.00000
1030.00000, 69.00000
1031.00000, 67.00000
1032.00000, 65.00000
1038.00000, 62.00000
1040.00000, 65.00000
1046.00000, 67.00000
1048.00000, 69.00000
1052.00000, 70.00000
1060.00000, 69.00000
1068.00000, 67.00000
occurrence7
992.00000, 62.00000
994.00000, 60.00000
995.00000, 62.00000
996.00000, 63.00000
998.00000, 62.00000
1002.00000, 60.00000
1004.00000, 58.00000
1008.00000, 57.00000
1020.00000, 69.00000
1024.00000, 70.00000
1030.00000, 69.00000
1031.00000, 67.00000
1032.00000, 65.00000
1038.00000, 62.00000
1040.00000, 65.00000
1046.00000, 67.00000
1048.00000, 69.00000
1052.00000, 70.00000
1060.00000, 69.00000
1068.00000, 67.00000
1072.00000, 64.00000
1080.00000, 62.00000
1084.00000, 67.00000
1088.00000, 65.00000
1092.00000, 69.00000
pattern19
occurrence1
132.00000, 65.00000
135.00000, 67.00000
136.00000, 69.00000
137.00000, 71.00000
138.00000, 72.00000
141.00000, 71.00000
142.00000, 67.00000
144.00000, 65.00000
146.00000, 70.00000
149.00000, 69.00000
150.00000, 69.00000
152.00000, 70.00000
154.00000, 67.00000
156.00000, 69.00000
164.00000, 69.00000
168.00000, 71.00000
172.00000, 72.00000
175.00000, 71.00000
176.00000, 69.00000
178.00000, 67.00000
180.00000, 67.00000
183.00000, 64.00000
184.00000, 65.00000
187.00000, 67.00000
188.00000, 69.00000
194.00000, 62.00000
198.00000, 67.00000
201.00000, 64.00000
202.00000, 65.00000
204.00000, 67.00000
206.00000, 69.00000
209.00000, 67.00000
209.50000, 65.00000
210.00000, 64.00000
211.00000, 62.00000
212.00000, 65.00000
214.00000, 67.00000
216.00000, 69.00000
218.00000, 70.00000
222.00000, 69.00000
224.00000, 67.00000
227.00000, 64.00000
228.00000, 65.00000
231.00000, 67.00000
232.00000, 69.00000
234.00000, 67.00000
238.00000, 72.00000
240.00000, 71.00000
242.00000, 69.00000
246.00000, 67.00000
248.00000, 66.00000
249.00000, 66.00000
251.00000, 64.00000
252.00000, 67.00000
288.00000, 62.00000
292.00000, 69.00000
294.00000, 69.00000
298.00000, 67.00000
300.00000, 69.00000
304.00000, 65.00000
306.00000, 67.00000
308.00000, 64.00000
310.00000, 62.00000
314.00000, 65.00000
316.00000, 67.00000
318.00000, 70.00000
320.00000, 69.00000
323.00000, 67.00000
324.00000, 72.00000
327.00000, 69.00000
328.00000, 71.00000
330.00000, 72.00000
333.00000, 71.00000
334.00000, 69.00000
335.00000, 67.00000
335.50000, 65.00000
336.00000, 64.00000
337.00000, 69.00000
339.00000, 65.00000
340.00000, 64.00000
341.00000, 67.00000
342.00000, 65.00000
343.00000, 62.00000
345.00000, 67.00000
347.00000, 66.00000
348.00000, 67.00000
464.00000, 65.00000
468.00000, 67.00000
470.00000, 69.00000
474.00000, 67.00000
478.00000, 72.00000
480.00000, 71.00000
482.00000, 69.00000
486.00000, 67.00000
488.00000, 65.00000
490.00000, 69.00000
493.00000, 67.00000
494.00000, 64.00000
495.00000, 65.00000
496.00000, 67.00000
499.00000, 65.00000
501.00000, 64.00000
502.00000, 62.00000
504.00000, 60.00000
506.00000, 64.00000
509.00000, 62.00000
510.00000, 65.00000
512.00000, 67.00000
514.00000, 69.00000
517.00000, 67.00000
518.00000, 72.00000
520.00000, 71.00000
521.00000, 69.00000
523.00000, 65.00000
occurrence2
661.00000, 70.00000
662.00000, 72.00000
665.00000, 70.00000
666.00000, 67.00000
668.00000, 70.00000
670.00000, 69.00000
673.00000, 70.00000
674.00000, 67.00000
678.00000, 66.00000
680.00000, 67.00000
684.00000, 65.00000
686.00000, 64.00000
690.00000, 62.00000
691.00000, 60.00000
692.00000, 59.00000
694.00000, 64.00000
697.00000, 62.00000
698.00000, 59.00000
700.00000, 57.00000
702.00000, 62.00000
704.00000, 55.00000
818.00000, 57.00000
820.00000, 60.00000
823.00000, 62.00000
824.00000, 64.00000
826.00000, 65.00000
829.00000, 67.00000
830.00000, 69.00000
832.00000, 62.00000
834.00000, 64.00000
837.00000, 62.00000
838.00000, 60.00000
839.00000, 59.00000
840.00000, 60.00000
842.00000, 57.00000
846.00000, 62.00000
849.00000, 60.00000
850.00000, 60.00000
852.00000, 62.00000
854.00000, 64.00000
858.00000, 59.00000
860.00000, 60.00000
863.00000, 59.00000
864.00000, 62.00000
870.00000, 60.00000
872.00000, 58.00000
876.00000, 57.00000
880.00000, 58.00000
884.00000, 55.00000
888.00000, 53.00000
894.00000, 60.00000
898.00000, 62.00000
900.00000, 58.00000
904.00000, 57.00000
912.00000, 55.00000
936.00000, 55.00000
944.00000, 57.00000
948.00000, 55.00000
952.00000, 60.00000
960.00000, 62.00000
968.00000, 60.00000
972.00000, 60.00000
980.00000, 57.00000
984.00000, 58.00000
990.00000, 60.00000
992.00000, 62.00000
994.00000, 60.00000
995.00000, 62.00000
996.00000, 63.00000
998.00000, 62.00000
1002.00000, 60.00000
1004.00000, 58.00000
1008.00000, 57.00000
1020.00000, 69.00000
1024.00000, 70.00000
1030.00000, 69.00000
1031.00000, 67.00000
1032.00000, 65.00000
1038.00000, 62.00000
1040.00000, 65.00000
1046.00000, 67.00000
1048.00000, 69.00000
1052.00000, 70.00000
pattern20
occurrence1
30.00000, 67.00000
34.00000, 64.00000
36.00000, 62.00000
84.00000, 59.00000
90.00000, 60.00000
92.00000, 62.00000
96.00000, 64.00000
100.00000, 62.00000
102.00000, 67.00000
106.00000, 64.00000
108.00000, 65.00000
111.00000, 67.00000
112.00000, 69.00000
114.00000, 70.00000
118.00000, 69.00000
120.00000, 67.00000
122.00000, 65.00000
124.00000, 64.00000
128.00000, 62.00000
132.00000, 65.00000
135.00000, 67.00000
136.00000, 69.00000
137.00000, 71.00000
138.00000, 72.00000
141.00000, 71.00000
142.00000, 67.00000
144.00000, 65.00000
146.00000, 70.00000
149.00000, 69.00000
150.00000, 69.00000
152.00000, 70.00000
154.00000, 67.00000
156.00000, 69.00000
164.00000, 69.00000
168.00000, 71.00000
172.00000, 72.00000
175.00000, 71.00000
176.00000, 69.00000
178.00000, 67.00000
180.00000, 67.00000
183.00000, 64.00000
184.00000, 65.00000
187.00000, 67.00000
188.00000, 69.00000
194.00000, 62.00000
198.00000, 67.00000
201.00000, 64.00000
202.00000, 65.00000
204.00000, 67.00000
206.00000, 69.00000
209.00000, 67.00000
209.50000, 65.00000
210.00000, 64.00000
211.00000, 62.00000
212.00000, 65.00000
214.00000, 67.00000
216.00000, 69.00000
218.00000, 70.00000
222.00000, 69.00000
224.00000, 67.00000
227.00000, 64.00000
228.00000, 65.00000
231.00000, 67.00000
232.00000, 69.00000
234.00000, 67.00000
238.00000, 72.00000
240.00000, 71.00000
242.00000, 69.00000
246.00000, 67.00000
248.00000, 66.00000
249.00000, 66.00000
251.00000, 64.00000
252.00000, 67.00000
288.00000, 62.00000
292.00000, 69.00000
294.00000, 69.00000
298.00000, 67.00000
300.00000, 69.00000
304.00000, 65.00000
306.00000, 67.00000
308.00000, 64.00000
310.00000, 62.00000
314.00000, 65.00000
316.00000, 67.00000
318.00000, 70.00000
320.00000, 69.00000
323.00000, 67.00000
324.00000, 72.00000
327.00000, 69.00000
328.00000, 71.00000
330.00000, 72.00000
333.00000, 71.00000
334.00000, 69.00000
335.00000, 67.00000
335.50000, 65.00000
336.00000, 64.00000
337.00000, 69.00000
339.00000, 65.00000
340.00000, 64.00000
341.00000, 67.00000
342.00000, 65.00000
343.00000, 62.00000
345.00000, 67.00000
347.00000, 66.00000
348.00000, 67.00000
464.00000, 65.00000
468.00000, 67.00000
470.00000, 69.00000
474.00000, 67.00000
478.00000, 72.00000
480.00000, 71.00000
482.00000, 69.00000
486.00000, 67.00000
488.00000, 65.00000
490.00000, 69.00000
493.00000, 67.00000
494.00000, 64.00000
495.00000, 65.00000
496.00000, 67.00000
499.00000, 65.00000
501.00000, 64.00000
502.00000, 62.00000
504.00000, 60.00000
506.00000, 64.00000
509.00000, 62.00000
510.00000, 65.00000
512.00000, 67.00000
514.00000, 69.00000
517.00000, 67.00000
518.00000, 72.00000
520.00000, 71.00000
521.00000, 69.00000
523.00000, 65.00000
524.00000, 67.00000
525.00000, 64.00000
526.00000, 65.00000
527.00000, 62.00000
529.00000, 67.00000
531.00000, 65.00000
532.00000, 64.00000
533.00000, 60.00000
534.00000, 59.00000
535.00000, 60.00000
536.00000, 64.00000
537.00000, 62.00000
539.00000, 59.00000
540.00000, 60.00000
541.00000, 55.00000
542.00000, 57.00000
544.00000, 55.00000
630.00000, 62.00000
632.00000, 65.00000
occurrence2
90.00000, 60.00000
92.00000, 62.00000
96.00000, 64.00000
100.00000, 62.00000
102.00000, 67.00000
106.00000, 64.00000
108.00000, 65.00000
111.00000, 67.00000
112.00000, 69.00000
114.00000, 70.00000
118.00000, 69.00000
120.00000, 67.00000
122.00000, 65.00000
124.00000, 64.00000
128.00000, 62.00000
132.00000, 65.00000
135.00000, 67.00000
136.00000, 69.00000
137.00000, 71.00000
138.00000, 72.00000
141.00000, 71.00000
142.00000, 67.00000
144.00000, 65.00000
146.00000, 70.00000
149.00000, 69.00000
150.00000, 69.00000
152.00000, 70.00000
154.00000, 67.00000
156.00000, 69.00000
164.00000, 69.00000
168.00000, 71.00000
172.00000, 72.00000
175.00000, 71.00000
176.00000, 69.00000
178.00000, 67.00000
180.00000, 67.00000
183.00000, 64.00000
184.00000, 65.00000
187.00000, 67.00000
188.00000, 69.00000
194.00000, 62.00000
198.00000, 67.00000
201.00000, 64.00000
202.00000, 65.00000
204.00000, 67.00000
206.00000, 69.00000
209.00000, 67.00000
209.50000, 65.00000
210.00000, 64.00000
211.00000, 62.00000
212.00000, 65.00000
214.00000, 67.00000
216.00000, 69.00000
218.00000, 70.00000
222.00000, 69.00000
224.00000, 67.00000
227.00000, 64.00000
228.00000, 65.00000
231.00000, 67.00000
232.00000, 69.00000
234.00000, 67.00000
238.00000, 72.00000
240.00000, 71.00000
242.00000, 69.00000
246.00000, 67.00000
248.00000, 66.00000
249.00000, 66.00000
251.00000, 64.00000
252.00000, 67.00000
288.00000, 62.00000
292.00000, 69.00000
294.00000, 69.00000
298.00000, 67.00000
300.00000, 69.00000
304.00000, 65.00000
306.00000, 67.00000
308.00000, 64.00000
310.00000, 62.00000
314.00000, 65.00000
316.00000, 67.00000
318.00000, 70.00000
320.00000, 69.00000
323.00000, 67.00000
324.00000, 72.00000
327.00000, 69.00000
328.00000, 71.00000
330.00000, 72.00000
333.00000, 71.00000
334.00000, 69.00000
335.00000, 67.00000
335.50000, 65.00000
336.00000, 64.00000
337.00000, 69.00000
339.00000, 65.00000
340.00000, 64.00000
341.00000, 67.00000
342.00000, 65.00000
343.00000, 62.00000
345.00000, 67.00000
347.00000, 66.00000
348.00000, 67.00000
464.00000, 65.00000
468.00000, 67.00000
470.00000, 69.00000
474.00000, 67.00000
478.00000, 72.00000
480.00000, 71.00000
482.00000, 69.00000
486.00000, 67.00000
488.00000, 65.00000
490.00000, 69.00000
493.00000, 67.00000
494.00000, 64.00000
495.00000, 65.00000
496.00000, 67.00000
499.00000, 65.00000
501.00000, 64.00000
502.00000, 62.00000
504.00000, 60.00000
506.00000, 64.00000
509.00000, 62.00000
510.00000, 65.00000
512.00000, 67.00000
514.00000, 69.00000
517.00000, 67.00000
518.00000, 72.00000
520.00000, 71.00000
521.00000, 69.00000
523.00000, 65.00000
524.00000, 67.00000
525.00000, 64.00000
526.00000, 65.00000
527.00000, 62.00000
529.00000, 67.00000
531.00000, 65.00000
532.00000, 64.00000
533.00000, 60.00000
534.00000, 59.00000
535.00000, 60.00000
536.00000, 64.00000
537.00000, 62.00000
539.00000, 59.00000
540.00000, 60.00000
541.00000, 55.00000
542.00000, 57.00000
544.00000, 55.00000
630.00000, 62.00000
632.00000, 65.00000
634.00000, 67.00000
636.00000, 69.00000
638.00000, 70.00000
640.00000, 67.00000
642.00000, 72.00000
645.00000, 70.00000
646.00000, 69.00000
647.00000, 67.00000
648.00000, 67.00000
651.00000, 64.00000
652.00000, 65.00000
655.00000, 67.00000
656.00000, 69.00000
658.00000, 69.00000
661.00000, 70.00000
662.00000, 72.00000
665.00000, 70.00000
666.00000, 67.00000
668.00000, 70.00000
670.00000, 69.00000
673.00000, 70.00000
674.00000, 67.00000
678.00000, 66.00000
680.00000, 67.00000
684.00000, 65.00000
686.00000, 64.00000
690.00000, 62.00000
691.00000, 60.00000
692.00000, 59.00000
occurrence3
224.00000, 67.00000
227.00000, 64.00000
228.00000, 65.00000
231.00000, 67.00000
232.00000, 69.00000
234.00000, 67.00000
238.00000, 72.00000
240.00000, 71.00000
242.00000, 69.00000
246.00000, 67.00000
248.00000, 66.00000
249.00000, 66.00000
251.00000, 64.00000
252.00000, 67.00000
288.00000, 62.00000
292.00000, 69.00000
294.00000, 69.00000
298.00000, 67.00000
300.00000, 69.00000
304.00000, 65.00000
306.00000, 67.00000
308.00000, 64.00000
310.00000, 62.00000
314.00000, 65.00000
316.00000, 67.00000
318.00000, 70.00000
320.00000, 69.00000
323.00000, 67.00000
324.00000, 72.00000
327.00000, 69.00000
328.00000, 71.00000
330.00000, 72.00000
333.00000, 71.00000
334.00000, 69.00000
335.00000, 67.00000
335.50000, 65.00000
336.00000, 64.00000
337.00000, 69.00000
339.00000, 65.00000
340.00000, 64.00000
341.00000, 67.00000
342.00000, 65.00000
343.00000, 62.00000
345.00000, 67.00000
347.00000, 66.00000
348.00000, 67.00000
464.00000, 65.00000
468.00000, 67.00000
470.00000, 69.00000
474.00000, 67.00000
478.00000, 72.00000
480.00000, 71.00000
482.00000, 69.00000
486.00000, 67.00000
488.00000, 65.00000
490.00000, 69.00000
493.00000, 67.00000
494.00000, 64.00000
495.00000, 65.00000
496.00000, 67.00000
499.00000, 65.00000
501.00000, 64.00000
502.00000, 62.00000
504.00000, 60.00000
506.00000, 64.00000
509.00000, 62.00000
510.00000, 65.00000
512.00000, 67.00000
514.00000, 69.00000
517.00000, 67.00000
518.00000, 72.00000
520.00000, 71.00000
521.00000, 69.00000
523.00000, 65.00000
524.00000, 67.00000
525.00000, 64.00000
526.00000, 65.00000
527.00000, 62.00000
529.00000, 67.00000
531.00000, 65.00000
532.00000, 64.00000
533.00000, 60.00000
534.00000, 59.00000
535.00000, 60.00000
536.00000, 64.00000
537.00000, 62.00000
539.00000, 59.00000
540.00000, 60.00000
541.00000, 55.00000
542.00000, 57.00000
544.00000, 55.00000
630.00000, 62.00000
632.00000, 65.00000
634.00000, 67.00000
636.00000, 69.00000
638.00000, 70.00000
640.00000, 67.00000
642.00000, 72.00000
645.00000, 70.00000
646.00000, 69.00000
647.00000, 67.00000
648.00000, 67.00000
651.00000, 64.00000
652.00000, 65.00000
655.00000, 67.00000
656.00000, 69.00000
658.00000, 69.00000
661.00000, 70.00000
662.00000, 72.00000
665.00000, 70.00000
666.00000, 67.00000
668.00000, 70.00000
670.00000, 69.00000
673.00000, 70.00000
674.00000, 67.00000
678.00000, 66.00000
680.00000, 67.00000
684.00000, 65.00000
686.00000, 64.00000
690.00000, 62.00000
691.00000, 60.00000
692.00000, 59.00000
694.00000, 64.00000
697.00000, 62.00000
698.00000, 59.00000
700.00000, 57.00000
702.00000, 62.00000
704.00000, 55.00000
818.00000, 57.00000
820.00000, 60.00000
823.00000, 62.00000
824.00000, 64.00000
826.00000, 65.00000
occurrence4
482.00000, 69.00000
486.00000, 67.00000
488.00000, 65.00000
490.00000, 69.00000
493.00000, 67.00000
494.00000, 64.00000
495.00000, 65.00000
496.00000, 67.00000
499.00000, 65.00000
501.00000, 64.00000
502.00000, 62.00000
504.00000, 60.00000
506.00000, 64.00000
509.00000, 62.00000
510.00000, 65.00000
512.00000, 67.00000
514.00000, 69.00000
517.00000, 67.00000
518.00000, 72.00000
520.00000, 71.00000
521.00000, 69.00000
523.00000, 65.00000
524.00000, 67.00000
525.00000, 64.00000
526.00000, 65.00000
527.00000, 62.00000
529.00000, 67.00000
531.00000, 65.00000
532.00000, 64.00000
533.00000, 60.00000
534.00000, 59.00000
535.00000, 60.00000
536.00000, 64.00000
537.00000, 62.00000
539.00000, 59.00000
540.00000, 60.00000
541.00000, 55.00000
542.00000, 57.00000
544.00000, 55.00000
630.00000, 62.00000
632.00000, 65.00000
634.00000, 67.00000
636.00000, 69.00000
638.00000, 70.00000
640.00000, 67.00000
642.00000, 72.00000
645.00000, 70.00000
646.00000, 69.00000
647.00000, 67.00000
648.00000, 67.00000
651.00000, 64.00000
652.00000, 65.00000
655.00000, 67.00000
656.00000, 69.00000
658.00000, 69.00000
661.00000, 70.00000
662.00000, 72.00000
665.00000, 70.00000
666.00000, 67.00000
668.00000, 70.00000
670.00000, 69.00000
673.00000, 70.00000
674.00000, 67.00000
678.00000, 66.00000
680.00000, 67.00000
684.00000, 65.00000
686.00000, 64.00000
690.00000, 62.00000
691.00000, 60.00000
692.00000, 59.00000
694.00000, 64.00000
697.00000, 62.00000
698.00000, 59.00000
700.00000, 57.00000
702.00000, 62.00000
704.00000, 55.00000
818.00000, 57.00000
820.00000, 60.00000
823.00000, 62.00000
824.00000, 64.00000
826.00000, 65.00000
829.00000, 67.00000
830.00000, 69.00000
832.00000, 62.00000
834.00000, 64.00000
837.00000, 62.00000
838.00000, 60.00000
839.00000, 59.00000
840.00000, 60.00000
842.00000, 57.00000
846.00000, 62.00000
849.00000, 60.00000
850.00000, 60.00000
852.00000, 62.00000
854.00000, 64.00000
858.00000, 59.00000
860.00000, 60.00000
863.00000, 59.00000
864.00000, 62.00000
870.00000, 60.00000
872.00000, 58.00000
876.00000, 57.00000
880.00000, 58.00000
884.00000, 55.00000
888.00000, 53.00000
894.00000, 60.00000
898.00000, 62.00000
900.00000, 58.00000
904.00000, 57.00000
912.00000, 55.00000
936.00000, 55.00000
944.00000, 57.00000
948.00000, 55.00000
952.00000, 60.00000
960.00000, 62.00000
968.00000, 60.00000
972.00000, 60.00000
980.00000, 57.00000
984.00000, 58.00000
990.00000, 60.00000
992.00000, 62.00000
994.00000, 60.00000
995.00000, 62.00000
996.00000, 63.00000
998.00000, 62.00000
1002.00000, 60.00000
1004.00000, 58.00000
1008.00000, 57.00000
1020.00000, 69.00000
1024.00000, 70.00000
1030.00000, 69.00000
1031.00000, 67.00000
1032.00000, 65.00000
1038.00000, 62.00000
1040.00000, 65.00000
1046.00000, 67.00000
1048.00000, 69.00000
1052.00000, 70.00000
1060.00000, 69.00000
1068.00000, 67.00000
1072.00000, 64.00000
1080.00000, 62.00000
1084.00000, 67.00000
occurrence5
486.00000, 67.00000
488.00000, 65.00000
490.00000, 69.00000
493.00000, 67.00000
494.00000, 64.00000
495.00000, 65.00000
496.00000, 67.00000
499.00000, 65.00000
501.00000, 64.00000
502.00000, 62.00000
504.00000, 60.00000
506.00000, 64.00000
509.00000, 62.00000
510.00000, 65.00000
512.00000, 67.00000
514.00000, 69.00000
517.00000, 67.00000
518.00000, 72.00000
520.00000, 71.00000
521.00000, 69.00000
523.00000, 65.00000
524.00000, 67.00000
525.00000, 64.00000
526.00000, 65.00000
527.00000, 62.00000
529.00000, 67.00000
531.00000, 65.00000
532.00000, 64.00000
533.00000, 60.00000
534.00000, 59.00000
535.00000, 60.00000
536.00000, 64.00000
537.00000, 62.00000
539.00000, 59.00000
540.00000, 60.00000
541.00000, 55.00000
542.00000, 57.00000
544.00000, 55.00000
630.00000, 62.00000
632.00000, 65.00000
634.00000, 67.00000
636.00000, 69.00000
638.00000, 70.00000
640.00000, 67.00000
642.00000, 72.00000
645.00000, 70.00000
646.00000, 69.00000
647.00000, 67.00000
648.00000, 67.00000
651.00000, 64.00000
652.00000, 65.00000
655.00000, 67.00000
656.00000, 69.00000
658.00000, 69.00000
661.00000, 70.00000
662.00000, 72.00000
665.00000, 70.00000
666.00000, 67.00000
668.00000, 70.00000
670.00000, 69.00000
673.00000, 70.00000
674.00000, 67.00000
678.00000, 66.00000
680.00000, 67.00000
684.00000, 65.00000
686.00000, 64.00000
690.00000, 62.00000
691.00000, 60.00000
692.00000, 59.00000
694.00000, 64.00000
697.00000, 62.00000
698.00000, 59.00000
700.00000, 57.00000
702.00000, 62.00000
704.00000, 55.00000
818.00000, 57.00000
820.00000, 60.00000
823.00000, 62.00000
824.00000, 64.00000
826.00000, 65.00000
829.00000, 67.00000
830.00000, 69.00000
832.00000, 62.00000
834.00000, 64.00000
837.00000, 62.00000
838.00000, 60.00000
839.00000, 59.00000
840.00000, 60.00000
842.00000, 57.00000
846.00000, 62.00000
849.00000, 60.00000
850.00000, 60.00000
852.00000, 62.00000
854.00000, 64.00000
858.00000, 59.00000
860.00000, 60.00000
863.00000, 59.00000
864.00000, 62.00000
870.00000, 60.00000
872.00000, 58.00000
876.00000, 57.00000
880.00000, 58.00000
884.00000, 55.00000
888.00000, 53.00000
894.00000, 60.00000
898.00000, 62.00000
900.00000, 58.00000
904.00000, 57.00000
912.00000, 55.00000
936.00000, 55.00000
944.00000, 57.00000
948.00000, 55.00000
952.00000, 60.00000
960.00000, 62.00000
968.00000, 60.00000
972.00000, 60.00000
980.00000, 57.00000
984.00000, 58.00000
990.00000, 60.00000
992.00000, 62.00000
994.00000, 60.00000
995.00000, 62.00000
996.00000, 63.00000
998.00000, 62.00000
1002.00000, 60.00000
1004.00000, 58.00000
1008.00000, 57.00000
1020.00000, 69.00000
1024.00000, 70.00000
1030.00000, 69.00000
1031.00000, 67.00000
1032.00000, 65.00000
1038.00000, 62.00000
1040.00000, 65.00000
1046.00000, 67.00000
1048.00000, 69.00000
1052.00000, 70.00000
1060.00000, 69.00000
1068.00000, 67.00000
1072.00000, 64.00000
1080.00000, 62.00000
1084.00000, 67.00000
1088.00000, 65.00000
pattern21
occurrence1
0.00000, 67.00000
8.00000, 69.00000
12.00000, 67.00000
16.00000, 72.00000
occurrence2
936.00000, 55.00000
944.00000, 57.00000
948.00000, 55.00000
952.00000, 60.00000
pattern22
occurrence1
22.00000, 71.00000
24.00000, 71.00000
28.00000, 67.00000
30.00000, 67.00000
34.00000, 64.00000
36.00000, 62.00000
84.00000, 59.00000
90.00000, 60.00000
92.00000, 62.00000
96.00000, 64.00000
100.00000, 62.00000
102.00000, 67.00000
106.00000, 64.00000
108.00000, 65.00000
111.00000, 67.00000
112.00000, 69.00000
114.00000, 70.00000
118.00000, 69.00000
120.00000, 67.00000
122.00000, 65.00000
124.00000, 64.00000
128.00000, 62.00000
132.00000, 65.00000
135.00000, 67.00000
136.00000, 69.00000
137.00000, 71.00000
138.00000, 72.00000
141.00000, 71.00000
142.00000, 67.00000
144.00000, 65.00000
146.00000, 70.00000
149.00000, 69.00000
150.00000, 69.00000
152.00000, 70.00000
154.00000, 67.00000
156.00000, 69.00000
164.00000, 69.00000
168.00000, 71.00000
172.00000, 72.00000
175.00000, 71.00000
176.00000, 69.00000
178.00000, 67.00000
180.00000, 67.00000
183.00000, 64.00000
184.00000, 65.00000
187.00000, 67.00000
188.00000, 69.00000
194.00000, 62.00000
198.00000, 67.00000
201.00000, 64.00000
202.00000, 65.00000
204.00000, 67.00000
206.00000, 69.00000
209.00000, 67.00000
209.50000, 65.00000
210.00000, 64.00000
211.00000, 62.00000
212.00000, 65.00000
214.00000, 67.00000
216.00000, 69.00000
218.00000, 70.00000
222.00000, 69.00000
224.00000, 67.00000
227.00000, 64.00000
228.00000, 65.00000
231.00000, 67.00000
232.00000, 69.00000
234.00000, 67.00000
238.00000, 72.00000
240.00000, 71.00000
242.00000, 69.00000
246.00000, 67.00000
248.00000, 66.00000
249.00000, 66.00000
251.00000, 64.00000
252.00000, 67.00000
288.00000, 62.00000
292.00000, 69.00000
294.00000, 69.00000
298.00000, 67.00000
300.00000, 69.00000
304.00000, 65.00000
306.00000, 67.00000
308.00000, 64.00000
310.00000, 62.00000
314.00000, 65.00000
316.00000, 67.00000
318.00000, 70.00000
320.00000, 69.00000
323.00000, 67.00000
324.00000, 72.00000
327.00000, 69.00000
328.00000, 71.00000
330.00000, 72.00000
333.00000, 71.00000
334.00000, 69.00000
335.00000, 67.00000
335.50000, 65.00000
336.00000, 64.00000
337.00000, 69.00000
339.00000, 65.00000
340.00000, 64.00000
341.00000, 67.00000
342.00000, 65.00000
343.00000, 62.00000
345.00000, 67.00000
347.00000, 66.00000
348.00000, 67.00000
464.00000, 65.00000
468.00000, 67.00000
470.00000, 69.00000
474.00000, 67.00000
478.00000, 72.00000
480.00000, 71.00000
482.00000, 69.00000
486.00000, 67.00000
488.00000, 65.00000
490.00000, 69.00000
493.00000, 67.00000
494.00000, 64.00000
495.00000, 65.00000
496.00000, 67.00000
499.00000, 65.00000
501.00000, 64.00000
502.00000, 62.00000
504.00000, 60.00000
506.00000, 64.00000
509.00000, 62.00000
510.00000, 65.00000
512.00000, 67.00000
514.00000, 69.00000
517.00000, 67.00000
518.00000, 72.00000
520.00000, 71.00000
521.00000, 69.00000
523.00000, 65.00000
524.00000, 67.00000
525.00000, 64.00000
526.00000, 65.00000
527.00000, 62.00000
529.00000, 67.00000
531.00000, 65.00000
532.00000, 64.00000
533.00000, 60.00000
534.00000, 59.00000
535.00000, 60.00000
536.00000, 64.00000
537.00000, 62.00000
539.00000, 59.00000
540.00000, 60.00000
541.00000, 55.00000
542.00000, 57.00000
544.00000, 55.00000
630.00000, 62.00000
632.00000, 65.00000
634.00000, 67.00000
636.00000, 69.00000
638.00000, 70.00000
640.00000, 67.00000
642.00000, 72.00000
645.00000, 70.00000
646.00000, 69.00000
647.00000, 67.00000
648.00000, 67.00000
651.00000, 64.00000
652.00000, 65.00000
655.00000, 67.00000
656.00000, 69.00000
658.00000, 69.00000
661.00000, 70.00000
662.00000, 72.00000
665.00000, 70.00000
666.00000, 67.00000
668.00000, 70.00000
670.00000, 69.00000
673.00000, 70.00000
674.00000, 67.00000
678.00000, 66.00000
680.00000, 67.00000
684.00000, 65.00000
686.00000, 64.00000
690.00000, 62.00000
691.00000, 60.00000
692.00000, 59.00000
694.00000, 64.00000
697.00000, 62.00000
698.00000, 59.00000
700.00000, 57.00000
702.00000, 62.00000
704.00000, 55.00000
818.00000, 57.00000
820.00000, 60.00000
823.00000, 62.00000
824.00000, 64.00000
826.00000, 65.00000
829.00000, 67.00000
830.00000, 69.00000
832.00000, 62.00000
834.00000, 64.00000
837.00000, 62.00000
838.00000, 60.00000
839.00000, 59.00000
840.00000, 60.00000
842.00000, 57.00000
846.00000, 62.00000
849.00000, 60.00000
850.00000, 60.00000
852.00000, 62.00000
854.00000, 64.00000
858.00000, 59.00000
860.00000, 60.00000
863.00000, 59.00000
864.00000, 62.00000
870.00000, 60.00000
872.00000, 58.00000
876.00000, 57.00000
880.00000, 58.00000
884.00000, 55.00000
888.00000, 53.00000
894.00000, 60.00000
898.00000, 62.00000
900.00000, 58.00000
904.00000, 57.00000
912.00000, 55.00000
936.00000, 55.00000
944.00000, 57.00000
948.00000, 55.00000
952.00000, 60.00000
960.00000, 62.00000
968.00000, 60.00000
972.00000, 60.00000
980.00000, 57.00000
984.00000, 58.00000
990.00000, 60.00000
992.00000, 62.00000
994.00000, 60.00000
995.00000, 62.00000
996.00000, 63.00000
998.00000, 62.00000
1002.00000, 60.00000
1004.00000, 58.00000
1008.00000, 57.00000
1020.00000, 69.00000
1024.00000, 70.00000
1030.00000, 69.00000
1031.00000, 67.00000
1032.00000, 65.00000
1038.00000, 62.00000
1040.00000, 65.00000
1046.00000, 67.00000
1048.00000, 69.00000
1052.00000, 70.00000
1060.00000, 69.00000
1068.00000, 67.00000
1072.00000, 64.00000
1080.00000, 62.00000
1084.00000, 67.00000
1088.00000, 65.00000
1092.00000, 69.00000
1100.00000, 72.00000
1104.00000, 70.00000
1112.00000, 69.00000
1116.00000, 65.00000
1122.00000, 62.00000
1124.00000, 62.00000
1130.00000, 67.00000
1134.00000, 64.00000
1136.00000, 65.00000
1140.00000, 69.00000
1146.00000, 67.00000
1148.00000, 67.00000
1156.00000, 69.00000
1160.00000, 72.00000
1164.00000, 70.00000
1168.00000, 69.00000
1170.00000, 65.00000
1172.00000, 67.00000
1178.00000, 65.00000
1182.00000, 67.00000
1186.00000, 64.00000
1188.00000, 65.00000
1192.00000, 67.00000
1194.00000, 69.00000
1197.00000, 67.00000
1197.50000, 65.00000
1198.00000, 64.00000
1199.00000, 62.00000
