pattern1
occurrence1
32.00000, 67.00000
36.00000, 67.00000
40.00000, 69.00000
44.00000, 69.00000
48.00000, 70.00000
52.00000, 70.00000
56.00000, 69.00000
80.00000, 72.00000
84.00000, 72.00000
88.00000, 70.00000
92.00000, 67.00000
96.00000, 69.00000
104.00000, 67.00000
128.00000, 67.00000
132.00000, 67.00000
136.00000, 69.00000
144.00000, 70.00000
152.00000, 72.00000
160.00000, 70.00000
163.00000, 69.00000
164.00000, 65.00000
166.00000, 67.00000
169.00000, 65.00000
170.00000, 69.00000
173.00000, 67.00000
174.00000, 64.00000
176.00000, 62.00000
178.00000, 67.00000
182.00000, 66.00000
184.00000, 67.00000
occurrence2
80.00000, 72.00000
84.00000, 72.00000
88.00000, 70.00000
92.00000, 67.00000
96.00000, 69.00000
104.00000, 67.00000
128.00000, 67.00000
132.00000, 67.00000
136.00000, 69.00000
144.00000, 70.00000
152.00000, 72.00000
160.00000, 70.00000
163.00000, 69.00000
164.00000, 65.00000
166.00000, 67.00000
169.00000, 65.00000
170.00000, 69.00000
173.00000, 67.00000
174.00000, 64.00000
176.00000, 62.00000
178.00000, 67.00000
182.00000, 66.00000
184.00000, 67.00000
208.00000, 67.00000
212.00000, 67.00000
216.00000, 69.00000
220.00000, 72.00000
226.00000, 71.00000
227.00000, 69.00000
228.00000, 71.00000
232.00000, 72.00000
occurrence3
208.00000, 67.00000
212.00000, 67.00000
216.00000, 69.00000
220.00000, 72.00000
226.00000, 71.00000
227.00000, 69.00000
228.00000, 71.00000
232.00000, 72.00000
235.00000, 70.00000
236.00000, 67.00000
238.00000, 69.00000
241.00000, 67.00000
242.00000, 65.00000
243.00000, 64.00000
244.00000, 62.00000
250.00000, 60.00000
254.00000, 58.00000
255.00000, 57.00000
256.00000, 55.00000
258.00000, 62.00000
260.00000, 64.00000
262.00000, 65.00000
264.00000, 67.00000
266.00000, 70.00000
269.00000, 69.00000
270.00000, 69.00000
273.00000, 67.00000
274.00000, 67.00000
278.00000, 66.00000
280.00000, 67.00000
304.00000, 67.00000
312.00000, 67.00000
316.00000, 69.00000
324.00000, 69.00000
328.00000, 70.00000
336.00000, 70.00000
340.00000, 69.00000
352.00000, 67.00000
360.00000, 67.00000
pattern2
occurrence1
40.00000, 69.00000
44.00000, 69.00000
48.00000, 70.00000
52.00000, 70.00000
56.00000, 69.00000
80.00000, 72.00000
84.00000, 72.00000
88.00000, 70.00000
92.00000, 67.00000
96.00000, 69.00000
104.00000, 67.00000
128.00000, 67.00000
132.00000, 67.00000
136.00000, 69.00000
occurrence2
316.00000, 69.00000
324.00000, 69.00000
328.00000, 70.00000
336.00000, 70.00000
340.00000, 69.00000
352.00000, 67.00000
360.00000, 67.00000
364.00000, 69.00000
372.00000, 69.00000
376.00000, 70.00000
384.00000, 70.00000
388.00000, 69.00000
408.00000, 67.00000
412.00000, 69.00000
occurrence3
352.00000, 67.00000
360.00000, 67.00000
364.00000, 69.00000
372.00000, 69.00000
376.00000, 70.00000
384.00000, 70.00000
388.00000, 69.00000
408.00000, 67.00000
412.00000, 69.00000
416.00000, 72.00000
422.00000, 70.00000
424.00000, 69.00000
426.00000, 67.00000
428.00000, 69.00000
430.00000, 67.00000
432.00000, 65.00000
434.00000, 64.00000
436.00000, 62.00000
442.00000, 64.00000
444.00000, 65.00000
448.00000, 67.00000
pattern3
occurrence1
4.00000, 67.00000
8.00000, 69.00000
12.00000, 69.00000
16.00000, 70.00000
20.00000, 70.00000
24.00000, 69.00000
32.00000, 67.00000
36.00000, 67.00000
40.00000, 69.00000
44.00000, 69.00000
48.00000, 70.00000
52.00000, 70.00000
56.00000, 69.00000
80.00000, 72.00000
84.00000, 72.00000
88.00000, 70.00000
92.00000, 67.00000
96.00000, 69.00000
104.00000, 67.00000
occurrence2
324.00000, 69.00000
328.00000, 70.00000
336.00000, 70.00000
340.00000, 69.00000
352.00000, 67.00000
360.00000, 67.00000
364.00000, 69.00000
372.00000, 69.00000
376.00000, 70.00000
384.00000, 70.00000
388.00000, 69.00000
408.00000, 67.00000
412.00000, 69.00000
416.00000, 72.00000
422.00000, 70.00000
424.00000, 69.00000
occurrence3
360.00000, 67.00000
364.00000, 69.00000
372.00000, 69.00000
376.00000, 70.00000
384.00000, 70.00000
388.00000, 69.00000
408.00000, 67.00000
412.00000, 69.00000
416.00000, 72.00000
422.00000, 70.00000
424.00000, 69.00000
426.00000, 67.00000
428.00000, 69.00000
430.00000, 67.00000
432.00000, 65.00000
434.00000, 64.00000
436.00000, 62.00000
442.00000, 64.00000
444.00000, 65.00000
448.00000, 67.00000
456.00000, 66.00000
460.00000, 67.00000
pattern4
occurrence1
0.00000, 67.00000
4.00000, 67.00000
8.00000, 69.00000
12.00000, 69.00000
16.00000, 70.00000
20.00000, 70.00000
24.00000, 69.00000
32.00000, 67.00000
occurrence2
4.00000, 67.00000
8.00000, 69.00000
12.00000, 69.00000
16.00000, 70.00000
20.00000, 70.00000
24.00000, 69.00000
32.00000, 67.00000
36.00000, 67.00000
occurrence3
8.00000, 69.00000
12.00000, 69.00000
16.00000, 70.00000
20.00000, 70.00000
24.00000, 69.00000
32.00000, 67.00000
36.00000, 67.00000
40.00000, 69.00000
occurrence4
12.00000, 69.00000
16.00000, 70.00000
20.00000, 70.00000
24.00000, 69.00000
32.00000, 67.00000
36.00000, 67.00000
40.00000, 69.00000
44.00000, 69.00000
occurrence5
16.00000, 70.00000
20.00000, 70.00000
24.00000, 69.00000
32.00000, 67.00000
36.00000, 67.00000
40.00000, 69.00000
44.00000, 69.00000
48.00000, 70.00000
occurrence6
20.00000, 70.00000
24.00000, 69.00000
32.00000, 67.00000
36.00000, 67.00000
40.00000, 69.00000
44.00000, 69.00000
48.00000, 70.00000
52.00000, 70.00000
occurrence7
24.00000, 69.00000
32.00000, 67.00000
36.00000, 67.00000
40.00000, 69.00000
44.00000, 69.00000
48.00000, 70.00000
52.00000, 70.00000
56.00000, 69.00000
occurrence8
238.00000, 69.00000
241.00000, 67.00000
242.00000, 65.00000
243.00000, 64.00000
244.00000, 62.00000
250.00000, 60.00000
254.00000, 58.00000
255.00000, 57.00000
256.00000, 55.00000
258.00000, 62.00000
260.00000, 64.00000
262.00000, 65.00000
264.00000, 67.00000
266.00000, 70.00000
269.00000, 69.00000
270.00000, 69.00000
occurrence9
241.00000, 67.00000
242.00000, 65.00000
243.00000, 64.00000
244.00000, 62.00000
250.00000, 60.00000
254.00000, 58.00000
255.00000, 57.00000
256.00000, 55.00000
258.00000, 62.00000
260.00000, 64.00000
262.00000, 65.00000
264.00000, 67.00000
266.00000, 70.00000
269.00000, 69.00000
270.00000, 69.00000
273.00000, 67.00000
occurrence10
280.00000, 67.00000
304.00000, 67.00000
312.00000, 67.00000
occurrence11
340.00000, 69.00000
352.00000, 67.00000
360.00000, 67.00000
364.00000, 69.00000
372.00000, 69.00000
pattern5
occurrence1
16.00000, 70.00000
20.00000, 70.00000
24.00000, 69.00000
32.00000, 67.00000
36.00000, 67.00000
40.00000, 69.00000
44.00000, 69.00000
48.00000, 70.00000
52.00000, 70.00000
56.00000, 69.00000
80.00000, 72.00000
84.00000, 72.00000
88.00000, 70.00000
92.00000, 67.00000
occurrence2
52.00000, 70.00000
56.00000, 69.00000
80.00000, 72.00000
84.00000, 72.00000
88.00000, 70.00000
92.00000, 67.00000
96.00000, 69.00000
104.00000, 67.00000
128.00000, 67.00000
occurrence3
160.00000, 70.00000
163.00000, 69.00000
164.00000, 65.00000
166.00000, 67.00000
169.00000, 65.00000
170.00000, 69.00000
173.00000, 67.00000
174.00000, 64.00000
176.00000, 62.00000
178.00000, 67.00000
182.00000, 66.00000
184.00000, 67.00000
208.00000, 67.00000
212.00000, 67.00000
216.00000, 69.00000
220.00000, 72.00000
226.00000, 71.00000
227.00000, 69.00000
228.00000, 71.00000
232.00000, 72.00000
235.00000, 70.00000
236.00000, 67.00000
occurrence4
174.00000, 64.00000
176.00000, 62.00000
178.00000, 67.00000
182.00000, 66.00000
184.00000, 67.00000
208.00000, 67.00000
212.00000, 67.00000
216.00000, 69.00000
220.00000, 72.00000
226.00000, 71.00000
227.00000, 69.00000
228.00000, 71.00000
232.00000, 72.00000
235.00000, 70.00000
236.00000, 67.00000
238.00000, 69.00000
241.00000, 67.00000
242.00000, 65.00000
243.00000, 64.00000
244.00000, 62.00000
250.00000, 60.00000
occurrence5
182.00000, 66.00000
184.00000, 67.00000
208.00000, 67.00000
212.00000, 67.00000
216.00000, 69.00000
220.00000, 72.00000
226.00000, 71.00000
227.00000, 69.00000
228.00000, 71.00000
232.00000, 72.00000
235.00000, 70.00000
236.00000, 67.00000
238.00000, 69.00000
241.00000, 67.00000
242.00000, 65.00000
243.00000, 64.00000
244.00000, 62.00000
250.00000, 60.00000
254.00000, 58.00000
255.00000, 57.00000
256.00000, 55.00000
258.00000, 62.00000
occurrence6
184.00000, 67.00000
208.00000, 67.00000
212.00000, 67.00000
216.00000, 69.00000
220.00000, 72.00000
226.00000, 71.00000
227.00000, 69.00000
228.00000, 71.00000
232.00000, 72.00000
235.00000, 70.00000
236.00000, 67.00000
238.00000, 69.00000
241.00000, 67.00000
242.00000, 65.00000
243.00000, 64.00000
244.00000, 62.00000
250.00000, 60.00000
254.00000, 58.00000
255.00000, 57.00000
256.00000, 55.00000
258.00000, 62.00000
260.00000, 64.00000
occurrence7
228.00000, 71.00000
232.00000, 72.00000
235.00000, 70.00000
236.00000, 67.00000
238.00000, 69.00000
241.00000, 67.00000
242.00000, 65.00000
243.00000, 64.00000
244.00000, 62.00000
250.00000, 60.00000
254.00000, 58.00000
255.00000, 57.00000
256.00000, 55.00000
258.00000, 62.00000
260.00000, 64.00000
262.00000, 65.00000
264.00000, 67.00000
266.00000, 70.00000
269.00000, 69.00000
270.00000, 69.00000
273.00000, 67.00000
274.00000, 67.00000
278.00000, 66.00000
280.00000, 67.00000
304.00000, 67.00000
occurrence8
384.00000, 70.00000
388.00000, 69.00000
408.00000, 67.00000
412.00000, 69.00000
416.00000, 72.00000
422.00000, 70.00000
424.00000, 69.00000
426.00000, 67.00000
428.00000, 69.00000
430.00000, 67.00000
432.00000, 65.00000
434.00000, 64.00000
436.00000, 62.00000
442.00000, 64.00000
444.00000, 65.00000
448.00000, 67.00000
456.00000, 66.00000
460.00000, 67.00000
pattern6
occurrence1
166.00000, 67.00000
169.00000, 65.00000
170.00000, 69.00000
173.00000, 67.00000
174.00000, 64.00000
176.00000, 62.00000
178.00000, 67.00000
182.00000, 66.00000
184.00000, 67.00000
208.00000, 67.00000
212.00000, 67.00000
216.00000, 69.00000
220.00000, 72.00000
226.00000, 71.00000
227.00000, 69.00000
228.00000, 71.00000
occurrence2
170.00000, 69.00000
173.00000, 67.00000
174.00000, 64.00000
176.00000, 62.00000
178.00000, 67.00000
182.00000, 66.00000
184.00000, 67.00000
208.00000, 67.00000
212.00000, 67.00000
216.00000, 69.00000
220.00000, 72.00000
226.00000, 71.00000
227.00000, 69.00000
228.00000, 71.00000
232.00000, 72.00000
occurrence3
173.00000, 67.00000
174.00000, 64.00000
176.00000, 62.00000
178.00000, 67.00000
182.00000, 66.00000
184.00000, 67.00000
208.00000, 67.00000
212.00000, 67.00000
216.00000, 69.00000
220.00000, 72.00000
226.00000, 71.00000
227.00000, 69.00000
228.00000, 71.00000
232.00000, 72.00000
235.00000, 70.00000
occurrence4
174.00000, 64.00000
176.00000, 62.00000
178.00000, 67.00000
182.00000, 66.00000
184.00000, 67.00000
208.00000, 67.00000
212.00000, 67.00000
216.00000, 69.00000
220.00000, 72.00000
226.00000, 71.00000
227.00000, 69.00000
228.00000, 71.00000
232.00000, 72.00000
235.00000, 70.00000
236.00000, 67.00000
occurrence5
262.00000, 65.00000
264.00000, 67.00000
266.00000, 70.00000
269.00000, 69.00000
270.00000, 69.00000
273.00000, 67.00000
274.00000, 67.00000
278.00000, 66.00000
280.00000, 67.00000
304.00000, 67.00000
312.00000, 67.00000
316.00000, 69.00000
324.00000, 69.00000
occurrence6
274.00000, 67.00000
278.00000, 66.00000
280.00000, 67.00000
304.00000, 67.00000
312.00000, 67.00000
316.00000, 69.00000
324.00000, 69.00000
328.00000, 70.00000
336.00000, 70.00000
occurrence7
278.00000, 66.00000
280.00000, 67.00000
304.00000, 67.00000
312.00000, 67.00000
316.00000, 69.00000
324.00000, 69.00000
328.00000, 70.00000
336.00000, 70.00000
340.00000, 69.00000
occurrence8
360.00000, 67.00000
364.00000, 69.00000
372.00000, 69.00000
376.00000, 70.00000
384.00000, 70.00000
388.00000, 69.00000
408.00000, 67.00000
412.00000, 69.00000
416.00000, 72.00000
422.00000, 70.00000
pattern7
occurrence1
152.00000, 72.00000
160.00000, 70.00000
163.00000, 69.00000
164.00000, 65.00000
occurrence2
242.00000, 65.00000
243.00000, 64.00000
244.00000, 62.00000
250.00000, 60.00000
254.00000, 58.00000
occurrence3
243.00000, 64.00000
244.00000, 62.00000
250.00000, 60.00000
254.00000, 58.00000
255.00000, 57.00000
occurrence4
244.00000, 62.00000
250.00000, 60.00000
254.00000, 58.00000
255.00000, 57.00000
256.00000, 55.00000
occurrence5
422.00000, 70.00000
424.00000, 69.00000
426.00000, 67.00000
428.00000, 69.00000
430.00000, 67.00000
432.00000, 65.00000
434.00000, 64.00000
occurrence6
424.00000, 69.00000
426.00000, 67.00000
428.00000, 69.00000
430.00000, 67.00000
432.00000, 65.00000
434.00000, 64.00000
436.00000, 62.00000
pattern8
occurrence1
88.00000, 70.00000
92.00000, 67.00000
96.00000, 69.00000
104.00000, 67.00000
128.00000, 67.00000
132.00000, 67.00000
136.00000, 69.00000
144.00000, 70.00000
152.00000, 72.00000
160.00000, 70.00000
163.00000, 69.00000
164.00000, 65.00000
166.00000, 67.00000
169.00000, 65.00000
170.00000, 69.00000
173.00000, 67.00000
174.00000, 64.00000
176.00000, 62.00000
178.00000, 67.00000
182.00000, 66.00000
184.00000, 67.00000
208.00000, 67.00000
212.00000, 67.00000
216.00000, 69.00000
220.00000, 72.00000
226.00000, 71.00000
227.00000, 69.00000
228.00000, 71.00000
232.00000, 72.00000
235.00000, 70.00000
236.00000, 67.00000
238.00000, 69.00000
241.00000, 67.00000
242.00000, 65.00000
243.00000, 64.00000
244.00000, 62.00000
250.00000, 60.00000
254.00000, 58.00000
255.00000, 57.00000
256.00000, 55.00000
258.00000, 62.00000
260.00000, 64.00000
262.00000, 65.00000
264.00000, 67.00000
266.00000, 70.00000
269.00000, 69.00000
270.00000, 69.00000
273.00000, 67.00000
274.00000, 67.00000
278.00000, 66.00000
280.00000, 67.00000
304.00000, 67.00000
312.00000, 67.00000
316.00000, 69.00000
324.00000, 69.00000
328.00000, 70.00000
336.00000, 70.00000
340.00000, 69.00000
352.00000, 67.00000
360.00000, 67.00000
364.00000, 69.00000
372.00000, 69.00000
376.00000, 70.00000
384.00000, 70.00000
388.00000, 69.00000
408.00000, 67.00000
412.00000, 69.00000
416.00000, 72.00000
422.00000, 70.00000
424.00000, 69.00000
426.00000, 67.00000
428.00000, 69.00000
430.00000, 67.00000
432.00000, 65.00000
434.00000, 64.00000
436.00000, 62.00000
442.00000, 64.00000
444.00000, 65.00000
448.00000, 67.00000
456.00000, 66.00000
