pattern1
occurrence1
147.00000, 69.00000
148.00000, 71.00000
150.00000, 72.00000
152.00000, 67.00000
155.00000, 69.00000
156.00000, 71.00000
158.00000, 72.00000
160.00000, 74.00000
162.00000, 71.00000
164.00000, 72.00000
occurrence2
183.00000, 74.00000
184.00000, 76.00000
186.00000, 77.00000
188.00000, 72.00000
191.00000, 74.00000
192.00000, 76.00000
194.00000, 77.00000
196.00000, 79.00000
198.00000, 76.00000
200.00000, 77.00000
occurrence3
683.00000, 72.00000
684.00000, 74.00000
685.00000, 71.00000
686.00000, 76.00000
690.00000, 74.00000
694.00000, 72.00000
696.00000, 77.00000
699.00000, 76.00000
700.00000, 76.00000
occurrence4
833.00000, 65.00000
834.00000, 67.00000
835.00000, 65.00000
835.50000, 67.00000
836.00000, 69.00000
837.00000, 71.00000
838.00000, 72.00000
839.00000, 71.00000
839.50000, 72.00000
840.00000, 74.00000
843.00000, 72.00000
844.00000, 71.00000
845.00000, 69.00000
846.00000, 71.00000
850.00000, 69.00000
pattern2
occurrence1
301.00000, 69.00000
302.00000, 71.00000
303.00000, 72.00000
304.00000, 71.00000
occurrence2
313.00000, 69.00000
314.00000, 71.00000
315.00000, 72.00000
316.00000, 71.00000
occurrence3
832.00000, 64.00000
833.00000, 65.00000
834.00000, 67.00000
835.00000, 65.00000
occurrence4
836.00000, 69.00000
837.00000, 71.00000
838.00000, 72.00000
839.00000, 71.00000
pattern3
occurrence1
108.00000, 65.00000
110.00000, 64.00000
114.00000, 62.00000
116.00000, 64.00000
occurrence2
280.00000, 71.00000
282.00000, 69.00000
286.00000, 67.00000
288.00000, 69.00000
occurrence3
528.00000, 71.00000
529.00000, 69.00000
530.00000, 69.00000
534.00000, 68.00000
536.00000, 69.00000
occurrence4
816.00000, 71.00000
817.00000, 69.00000
818.00000, 69.00000
822.00000, 67.00000
824.00000, 69.00000
pattern4
occurrence1
304.00000, 71.00000
306.00000, 64.00000
308.00000, 67.00000
312.00000, 67.00000
313.00000, 69.00000
314.00000, 71.00000
315.00000, 72.00000
316.00000, 71.00000
319.00000, 69.00000
320.00000, 69.00000
322.00000, 67.00000
324.00000, 69.00000
328.00000, 67.00000
330.00000, 72.00000
334.00000, 71.00000
337.00000, 69.00000
338.00000, 69.00000
342.00000, 68.00000
344.00000, 69.00000
occurrence2
456.00000, 77.00000
472.00000, 76.00000
478.00000, 76.00000
480.00000, 77.00000
482.00000, 76.00000
486.00000, 72.00000
488.00000, 74.00000
490.00000, 76.00000
494.00000, 74.00000
496.00000, 76.00000
occurrence3
760.00000, 74.00000
762.00000, 76.00000
765.00000, 77.00000
766.00000, 79.00000
767.00000, 76.00000
768.00000, 77.00000
770.00000, 74.00000
772.00000, 77.00000
774.00000, 76.00000
777.00000, 74.00000
778.00000, 71.00000
780.00000, 69.00000
782.00000, 72.00000
785.00000, 71.00000
786.00000, 67.00000
787.00000, 69.00000
788.00000, 71.00000
789.00000, 72.00000
790.00000, 74.00000
794.00000, 72.00000
798.00000, 71.00000
800.00000, 72.00000
occurrence4
816.00000, 71.00000
817.00000, 69.00000
818.00000, 69.00000
822.00000, 67.00000
824.00000, 69.00000
826.00000, 64.00000
828.00000, 65.00000
830.00000, 67.00000
832.00000, 64.00000
833.00000, 65.00000
834.00000, 67.00000
835.00000, 65.00000
835.50000, 67.00000
836.00000, 69.00000
837.00000, 71.00000
838.00000, 72.00000
839.00000, 71.00000
839.50000, 72.00000
840.00000, 74.00000
843.00000, 72.00000
844.00000, 71.00000
845.00000, 69.00000
846.00000, 71.00000
850.00000, 69.00000
854.00000, 68.00000
856.00000, 69.00000
pattern5
occurrence1
72.00000, 74.00000
74.00000, 72.00000
77.00000, 71.00000
78.00000, 69.00000
79.00000, 67.00000
80.00000, 69.00000
83.00000, 71.00000
84.00000, 72.00000
86.00000, 71.00000
90.00000, 69.00000
94.00000, 74.00000
96.00000, 72.00000
98.00000, 71.00000
101.00000, 69.00000
102.00000, 69.00000
106.00000, 67.00000
108.00000, 65.00000
110.00000, 64.00000
114.00000, 62.00000
116.00000, 64.00000
118.00000, 67.00000
120.00000, 65.00000
124.00000, 64.00000
144.00000, 67.00000
occurrence2
208.00000, 77.00000
210.00000, 76.00000
213.00000, 74.00000
214.00000, 72.00000
216.00000, 71.00000
218.00000, 69.00000
222.00000, 74.00000
225.00000, 72.00000
226.00000, 70.00000
227.00000, 69.00000
228.00000, 70.00000
230.00000, 69.00000
232.00000, 65.00000
234.00000, 69.00000
237.00000, 67.00000
238.00000, 64.00000
240.00000, 65.00000
242.00000, 62.00000
244.00000, 65.00000
247.00000, 67.00000
248.00000, 69.00000
250.00000, 67.00000
254.00000, 72.00000
256.00000, 72.00000
258.00000, 72.00000
260.00000, 67.00000
264.00000, 67.00000
265.00000, 69.00000
266.00000, 71.00000
267.00000, 72.00000
268.00000, 74.00000
271.00000, 72.00000
272.00000, 69.00000
273.00000, 71.00000
274.00000, 72.00000
278.00000, 71.00000
279.00000, 69.00000
280.00000, 71.00000
occurrence3
765.00000, 77.00000
766.00000, 79.00000
767.00000, 76.00000
768.00000, 77.00000
770.00000, 74.00000
772.00000, 77.00000
774.00000, 76.00000
777.00000, 74.00000
778.00000, 71.00000
780.00000, 69.00000
782.00000, 72.00000
785.00000, 71.00000
786.00000, 67.00000
787.00000, 69.00000
788.00000, 71.00000
789.00000, 72.00000
790.00000, 74.00000
794.00000, 72.00000
798.00000, 71.00000
800.00000, 72.00000
802.00000, 76.00000
806.00000, 74.00000
809.00000, 72.00000
810.00000, 71.00000
811.00000, 69.00000
812.00000, 72.00000
815.00000, 71.00000
816.00000, 71.00000
817.00000, 69.00000
818.00000, 69.00000
822.00000, 67.00000
824.00000, 69.00000
826.00000, 64.00000
828.00000, 65.00000
830.00000, 67.00000
832.00000, 64.00000
833.00000, 65.00000
834.00000, 67.00000
835.00000, 65.00000
835.50000, 67.00000
836.00000, 69.00000
837.00000, 71.00000
occurrence4
772.00000, 77.00000
774.00000, 76.00000
777.00000, 74.00000
778.00000, 71.00000
780.00000, 69.00000
782.00000, 72.00000
785.00000, 71.00000
786.00000, 67.00000
787.00000, 69.00000
788.00000, 71.00000
789.00000, 72.00000
790.00000, 74.00000
794.00000, 72.00000
798.00000, 71.00000
800.00000, 72.00000
802.00000, 76.00000
806.00000, 74.00000
809.00000, 72.00000
810.00000, 71.00000
811.00000, 69.00000
812.00000, 72.00000
815.00000, 71.00000
816.00000, 71.00000
817.00000, 69.00000
818.00000, 69.00000
822.00000, 67.00000
824.00000, 69.00000
826.00000, 64.00000
828.00000, 65.00000
830.00000, 67.00000
832.00000, 64.00000
833.00000, 65.00000
834.00000, 67.00000
835.00000, 65.00000
835.50000, 67.00000
836.00000, 69.00000
837.00000, 71.00000
838.00000, 72.00000
839.00000, 71.00000
839.50000, 72.00000
840.00000, 74.00000
843.00000, 72.00000
844.00000, 71.00000
pattern6
occurrence1
78.00000, 69.00000
79.00000, 67.00000
80.00000, 69.00000
83.00000, 71.00000
84.00000, 72.00000
86.00000, 71.00000
90.00000, 69.00000
94.00000, 74.00000
96.00000, 72.00000
98.00000, 71.00000
101.00000, 69.00000
102.00000, 69.00000
106.00000, 67.00000
108.00000, 65.00000
110.00000, 64.00000
114.00000, 62.00000
116.00000, 64.00000
118.00000, 67.00000
120.00000, 65.00000
occurrence2
266.00000, 71.00000
267.00000, 72.00000
268.00000, 74.00000
271.00000, 72.00000
272.00000, 69.00000
273.00000, 71.00000
274.00000, 72.00000
278.00000, 71.00000
279.00000, 69.00000
280.00000, 71.00000
282.00000, 69.00000
286.00000, 67.00000
288.00000, 69.00000
290.00000, 72.00000
292.00000, 71.00000
294.00000, 69.00000
296.00000, 72.00000
298.00000, 71.00000
299.00000, 69.00000
300.00000, 67.00000
301.00000, 69.00000
302.00000, 71.00000
303.00000, 72.00000
304.00000, 71.00000
306.00000, 64.00000
308.00000, 67.00000
occurrence3
782.00000, 72.00000
785.00000, 71.00000
786.00000, 67.00000
787.00000, 69.00000
788.00000, 71.00000
789.00000, 72.00000
790.00000, 74.00000
794.00000, 72.00000
798.00000, 71.00000
800.00000, 72.00000
802.00000, 76.00000
806.00000, 74.00000
809.00000, 72.00000
810.00000, 71.00000
811.00000, 69.00000
812.00000, 72.00000
815.00000, 71.00000
816.00000, 71.00000
817.00000, 69.00000
818.00000, 69.00000
822.00000, 67.00000
824.00000, 69.00000
pattern7
occurrence1
47.00000, 74.00000
48.00000, 76.00000
52.00000, 77.00000
60.00000, 76.00000
70.00000, 76.00000
72.00000, 74.00000
74.00000, 72.00000
77.00000, 71.00000
78.00000, 69.00000
79.00000, 67.00000
80.00000, 69.00000
83.00000, 71.00000
84.00000, 72.00000
86.00000, 71.00000
90.00000, 69.00000
94.00000, 74.00000
96.00000, 72.00000
98.00000, 71.00000
101.00000, 69.00000
102.00000, 69.00000
106.00000, 67.00000
108.00000, 65.00000
110.00000, 64.00000
114.00000, 62.00000
116.00000, 64.00000
118.00000, 67.00000
120.00000, 65.00000
124.00000, 64.00000
144.00000, 67.00000
147.00000, 69.00000
148.00000, 71.00000
150.00000, 72.00000
152.00000, 67.00000
155.00000, 69.00000
156.00000, 71.00000
158.00000, 72.00000
160.00000, 74.00000
162.00000, 71.00000
164.00000, 72.00000
168.00000, 71.00000
174.00000, 69.00000
176.00000, 74.00000
180.00000, 72.00000
183.00000, 74.00000
184.00000, 76.00000
186.00000, 77.00000
188.00000, 72.00000
191.00000, 74.00000
192.00000, 76.00000
194.00000, 77.00000
196.00000, 79.00000
198.00000, 76.00000
200.00000, 77.00000
206.00000, 76.00000
207.00000, 74.00000
208.00000, 77.00000
210.00000, 76.00000
213.00000, 74.00000
214.00000, 72.00000
216.00000, 71.00000
218.00000, 69.00000
222.00000, 74.00000
225.00000, 72.00000
226.00000, 70.00000
227.00000, 69.00000
228.00000, 70.00000
230.00000, 69.00000
232.00000, 65.00000
234.00000, 69.00000
237.00000, 67.00000
238.00000, 64.00000
240.00000, 65.00000
242.00000, 62.00000
244.00000, 65.00000
247.00000, 67.00000
248.00000, 69.00000
250.00000, 67.00000
254.00000, 72.00000
256.00000, 72.00000
258.00000, 72.00000
260.00000, 67.00000
264.00000, 67.00000
265.00000, 69.00000
266.00000, 71.00000
267.00000, 72.00000
268.00000, 74.00000
271.00000, 72.00000
272.00000, 69.00000
273.00000, 71.00000
274.00000, 72.00000
278.00000, 71.00000
279.00000, 69.00000
280.00000, 71.00000
282.00000, 69.00000
286.00000, 67.00000
288.00000, 69.00000
290.00000, 72.00000
292.00000, 71.00000
294.00000, 69.00000
296.00000, 72.00000
298.00000, 71.00000
299.00000, 69.00000
300.00000, 67.00000
301.00000, 69.00000
302.00000, 71.00000
303.00000, 72.00000
304.00000, 71.00000
306.00000, 64.00000
308.00000, 67.00000
312.00000, 67.00000
313.00000, 69.00000
314.00000, 71.00000
315.00000, 72.00000
316.00000, 71.00000
319.00000, 69.00000
320.00000, 69.00000
322.00000, 67.00000
324.00000, 69.00000
328.00000, 67.00000
330.00000, 72.00000
334.00000, 71.00000
337.00000, 69.00000
338.00000, 69.00000
342.00000, 68.00000
344.00000, 69.00000
440.00000, 72.00000
444.00000, 71.00000
446.00000, 67.00000
448.00000, 69.00000
452.00000, 76.00000
456.00000, 77.00000
472.00000, 76.00000
478.00000, 76.00000
480.00000, 77.00000
482.00000, 76.00000
486.00000, 72.00000
488.00000, 74.00000
490.00000, 76.00000
494.00000, 74.00000
496.00000, 76.00000
499.00000, 74.00000
500.00000, 72.00000
502.00000, 71.00000
504.00000, 76.00000
508.00000, 76.00000
510.00000, 74.00000
513.00000, 72.00000
514.00000, 71.00000
515.00000, 69.00000
516.00000, 67.00000
518.00000, 71.00000
521.00000, 69.00000
522.00000, 71.00000
523.00000, 72.00000
524.00000, 74.00000
527.00000, 72.00000
528.00000, 71.00000
529.00000, 69.00000
530.00000, 69.00000
534.00000, 68.00000
536.00000, 69.00000
588.00000, 76.00000
592.00000, 76.00000
occurrence2
265.00000, 69.00000
266.00000, 71.00000
267.00000, 72.00000
268.00000, 74.00000
271.00000, 72.00000
272.00000, 69.00000
273.00000, 71.00000
274.00000, 72.00000
278.00000, 71.00000
279.00000, 69.00000
280.00000, 71.00000
282.00000, 69.00000
286.00000, 67.00000
288.00000, 69.00000
290.00000, 72.00000
292.00000, 71.00000
294.00000, 69.00000
296.00000, 72.00000
298.00000, 71.00000
299.00000, 69.00000
300.00000, 67.00000
301.00000, 69.00000
302.00000, 71.00000
303.00000, 72.00000
304.00000, 71.00000
306.00000, 64.00000
308.00000, 67.00000
312.00000, 67.00000
313.00000, 69.00000
314.00000, 71.00000
315.00000, 72.00000
316.00000, 71.00000
319.00000, 69.00000
320.00000, 69.00000
322.00000, 67.00000
324.00000, 69.00000
328.00000, 67.00000
330.00000, 72.00000
334.00000, 71.00000
337.00000, 69.00000
338.00000, 69.00000
342.00000, 68.00000
344.00000, 69.00000
440.00000, 72.00000
444.00000, 71.00000
446.00000, 67.00000
448.00000, 69.00000
452.00000, 76.00000
456.00000, 77.00000
472.00000, 76.00000
478.00000, 76.00000
480.00000, 77.00000
482.00000, 76.00000
486.00000, 72.00000
488.00000, 74.00000
490.00000, 76.00000
494.00000, 74.00000
496.00000, 76.00000
499.00000, 74.00000
500.00000, 72.00000
502.00000, 71.00000
504.00000, 76.00000
508.00000, 76.00000
510.00000, 74.00000
513.00000, 72.00000
514.00000, 71.00000
515.00000, 69.00000
516.00000, 67.00000
518.00000, 71.00000
521.00000, 69.00000
522.00000, 71.00000
523.00000, 72.00000
524.00000, 74.00000
527.00000, 72.00000
528.00000, 71.00000
529.00000, 69.00000
530.00000, 69.00000
534.00000, 68.00000
536.00000, 69.00000
588.00000, 76.00000
592.00000, 76.00000
594.00000, 74.00000
597.00000, 72.00000
598.00000, 71.00000
599.00000, 69.00000
600.00000, 67.00000
602.00000, 74.00000
606.00000, 72.00000
608.00000, 74.00000
610.00000, 72.00000
611.00000, 71.00000
612.00000, 69.00000
613.00000, 71.00000
614.00000, 72.00000
618.00000, 71.00000
619.00000, 69.00000
620.00000, 71.00000
624.00000, 69.00000
664.00000, 76.00000
668.00000, 76.00000
672.00000, 72.00000
674.00000, 74.00000
677.00000, 72.00000
678.00000, 69.00000
680.00000, 71.00000
683.00000, 72.00000
684.00000, 74.00000
685.00000, 71.00000
686.00000, 76.00000
690.00000, 74.00000
694.00000, 72.00000
696.00000, 77.00000
699.00000, 76.00000
700.00000, 76.00000
702.00000, 74.00000
703.00000, 72.00000
704.00000, 71.00000
705.00000, 69.00000
706.00000, 72.00000
710.00000, 71.00000
712.00000, 72.00000
758.00000, 72.00000
760.00000, 74.00000
762.00000, 76.00000
765.00000, 77.00000
766.00000, 79.00000
767.00000, 76.00000
768.00000, 77.00000
770.00000, 74.00000
772.00000, 77.00000
774.00000, 76.00000
777.00000, 74.00000
778.00000, 71.00000
780.00000, 69.00000
782.00000, 72.00000
785.00000, 71.00000
786.00000, 67.00000
787.00000, 69.00000
788.00000, 71.00000
789.00000, 72.00000
790.00000, 74.00000
794.00000, 72.00000
798.00000, 71.00000
800.00000, 72.00000
802.00000, 76.00000
806.00000, 74.00000
809.00000, 72.00000
810.00000, 71.00000
occurrence3
300.00000, 67.00000
301.00000, 69.00000
302.00000, 71.00000
303.00000, 72.00000
304.00000, 71.00000
306.00000, 64.00000
308.00000, 67.00000
312.00000, 67.00000
313.00000, 69.00000
314.00000, 71.00000
315.00000, 72.00000
316.00000, 71.00000
319.00000, 69.00000
320.00000, 69.00000
322.00000, 67.00000
324.00000, 69.00000
328.00000, 67.00000
330.00000, 72.00000
334.00000, 71.00000
337.00000, 69.00000
338.00000, 69.00000
342.00000, 68.00000
344.00000, 69.00000
440.00000, 72.00000
444.00000, 71.00000
446.00000, 67.00000
448.00000, 69.00000
452.00000, 76.00000
456.00000, 77.00000
472.00000, 76.00000
478.00000, 76.00000
480.00000, 77.00000
482.00000, 76.00000
486.00000, 72.00000
488.00000, 74.00000
490.00000, 76.00000
494.00000, 74.00000
496.00000, 76.00000
499.00000, 74.00000
500.00000, 72.00000
502.00000, 71.00000
504.00000, 76.00000
508.00000, 76.00000
510.00000, 74.00000
513.00000, 72.00000
514.00000, 71.00000
515.00000, 69.00000
516.00000, 67.00000
518.00000, 71.00000
521.00000, 69.00000
522.00000, 71.00000
523.00000, 72.00000
524.00000, 74.00000
527.00000, 72.00000
528.00000, 71.00000
529.00000, 69.00000
530.00000, 69.00000
534.00000, 68.00000
536.00000, 69.00000
588.00000, 76.00000
592.00000, 76.00000
594.00000, 74.00000
597.00000, 72.00000
598.00000, 71.00000
599.00000, 69.00000
600.00000, 67.00000
602.00000, 74.00000
606.00000, 72.00000
608.00000, 74.00000
610.00000, 72.00000
611.00000, 71.00000
612.00000, 69.00000
613.00000, 71.00000
614.00000, 72.00000
618.00000, 71.00000
619.00000, 69.00000
620.00000, 71.00000
624.00000, 69.00000
664.00000, 76.00000
668.00000, 76.00000
672.00000, 72.00000
674.00000, 74.00000
677.00000, 72.00000
678.00000, 69.00000
680.00000, 71.00000
683.00000, 72.00000
684.00000, 74.00000
685.00000, 71.00000
686.00000, 76.00000
690.00000, 74.00000
694.00000, 72.00000
696.00000, 77.00000
699.00000, 76.00000
700.00000, 76.00000
702.00000, 74.00000
703.00000, 72.00000
704.00000, 71.00000
705.00000, 69.00000
706.00000, 72.00000
710.00000, 71.00000
712.00000, 72.00000
758.00000, 72.00000
760.00000, 74.00000
762.00000, 76.00000
765.00000, 77.00000
766.00000, 79.00000
767.00000, 76.00000
768.00000, 77.00000
770.00000, 74.00000
772.00000, 77.00000
774.00000, 76.00000
777.00000, 74.00000
778.00000, 71.00000
780.00000, 69.00000
782.00000, 72.00000
785.00000, 71.00000
786.00000, 67.00000
787.00000, 69.00000
788.00000, 71.00000
789.00000, 72.00000
790.00000, 74.00000
794.00000, 72.00000
798.00000, 71.00000
800.00000, 72.00000
802.00000, 76.00000
806.00000, 74.00000
809.00000, 72.00000
810.00000, 71.00000
811.00000, 69.00000
812.00000, 72.00000
815.00000, 71.00000
816.00000, 71.00000
817.00000, 69.00000
818.00000, 69.00000
822.00000, 67.00000
824.00000, 69.00000
826.00000, 64.00000
828.00000, 65.00000
830.00000, 67.00000
832.00000, 64.00000
833.00000, 65.00000
834.00000, 67.00000
835.00000, 65.00000
835.50000, 67.00000
836.00000, 69.00000
837.00000, 71.00000
838.00000, 72.00000
839.00000, 71.00000
839.50000, 72.00000
840.00000, 74.00000
843.00000, 72.00000
844.00000, 71.00000
845.00000, 69.00000
occurrence4
301.00000, 69.00000
302.00000, 71.00000
303.00000, 72.00000
304.00000, 71.00000
306.00000, 64.00000
308.00000, 67.00000
312.00000, 67.00000
313.00000, 69.00000
314.00000, 71.00000
315.00000, 72.00000
316.00000, 71.00000
319.00000, 69.00000
320.00000, 69.00000
322.00000, 67.00000
324.00000, 69.00000
328.00000, 67.00000
330.00000, 72.00000
334.00000, 71.00000
337.00000, 69.00000
338.00000, 69.00000
342.00000, 68.00000
344.00000, 69.00000
440.00000, 72.00000
444.00000, 71.00000
446.00000, 67.00000
448.00000, 69.00000
452.00000, 76.00000
456.00000, 77.00000
472.00000, 76.00000
478.00000, 76.00000
480.00000, 77.00000
482.00000, 76.00000
486.00000, 72.00000
488.00000, 74.00000
490.00000, 76.00000
494.00000, 74.00000
496.00000, 76.00000
499.00000, 74.00000
500.00000, 72.00000
502.00000, 71.00000
504.00000, 76.00000
508.00000, 76.00000
510.00000, 74.00000
513.00000, 72.00000
514.00000, 71.00000
515.00000, 69.00000
516.00000, 67.00000
518.00000, 71.00000
521.00000, 69.00000
522.00000, 71.00000
523.00000, 72.00000
524.00000, 74.00000
527.00000, 72.00000
528.00000, 71.00000
529.00000, 69.00000
530.00000, 69.00000
534.00000, 68.00000
536.00000, 69.00000
588.00000, 76.00000
592.00000, 76.00000
594.00000, 74.00000
597.00000, 72.00000
598.00000, 71.00000
599.00000, 69.00000
600.00000, 67.00000
602.00000, 74.00000
606.00000, 72.00000
608.00000, 74.00000
610.00000, 72.00000
611.00000, 71.00000
612.00000, 69.00000
613.00000, 71.00000
614.00000, 72.00000
618.00000, 71.00000
619.00000, 69.00000
620.00000, 71.00000
624.00000, 69.00000
664.00000, 76.00000
668.00000, 76.00000
672.00000, 72.00000
674.00000, 74.00000
677.00000, 72.00000
678.00000, 69.00000
680.00000, 71.00000
683.00000, 72.00000
684.00000, 74.00000
685.00000, 71.00000
686.00000, 76.00000
690.00000, 74.00000
694.00000, 72.00000
696.00000, 77.00000
699.00000, 76.00000
700.00000, 76.00000
702.00000, 74.00000
703.00000, 72.00000
704.00000, 71.00000
705.00000, 69.00000
706.00000, 72.00000
710.00000, 71.00000
712.00000, 72.00000
758.00000, 72.00000
760.00000, 74.00000
762.00000, 76.00000
765.00000, 77.00000
766.00000, 79.00000
767.00000, 76.00000
768.00000, 77.00000
770.00000, 74.00000
772.00000, 77.00000
774.00000, 76.00000
777.00000, 74.00000
778.00000, 71.00000
780.00000, 69.00000
782.00000, 72.00000
785.00000, 71.00000
786.00000, 67.00000
787.00000, 69.00000
788.00000, 71.00000
789.00000, 72.00000
790.00000, 74.00000
794.00000, 72.00000
798.00000, 71.00000
800.00000, 72.00000
802.00000, 76.00000
806.00000, 74.00000
809.00000, 72.00000
810.00000, 71.00000
811.00000, 69.00000
812.00000, 72.00000
815.00000, 71.00000
816.00000, 71.00000
817.00000, 69.00000
818.00000, 69.00000
822.00000, 67.00000
824.00000, 69.00000
826.00000, 64.00000
828.00000, 65.00000
830.00000, 67.00000
832.00000, 64.00000
833.00000, 65.00000
834.00000, 67.00000
835.00000, 65.00000
835.50000, 67.00000
836.00000, 69.00000
837.00000, 71.00000
838.00000, 72.00000
839.00000, 71.00000
839.50000, 72.00000
840.00000, 74.00000
843.00000, 72.00000
844.00000, 71.00000
845.00000, 69.00000
846.00000, 71.00000
pattern8
occurrence1
298.00000, 71.00000
299.00000, 69.00000
300.00000, 67.00000
301.00000, 69.00000
302.00000, 71.00000
occurrence2
610.00000, 72.00000
611.00000, 71.00000
612.00000, 69.00000
613.00000, 71.00000
614.00000, 72.00000
occurrence3
830.00000, 67.00000
832.00000, 64.00000
833.00000, 65.00000
834.00000, 67.00000
pattern9
occurrence1
156.00000, 71.00000
158.00000, 72.00000
160.00000, 74.00000
162.00000, 71.00000
occurrence2
192.00000, 76.00000
194.00000, 77.00000
196.00000, 79.00000
198.00000, 76.00000
occurrence3
826.00000, 64.00000
828.00000, 65.00000
830.00000, 67.00000
832.00000, 64.00000
pattern10
occurrence1
80.00000, 69.00000
83.00000, 71.00000
84.00000, 72.00000
86.00000, 71.00000
occurrence2
244.00000, 65.00000
247.00000, 67.00000
248.00000, 69.00000
250.00000, 67.00000
occurrence3
762.00000, 76.00000
765.00000, 77.00000
766.00000, 79.00000
767.00000, 76.00000
768.00000, 77.00000
pattern11
occurrence1
265.00000, 69.00000
266.00000, 71.00000
267.00000, 72.00000
268.00000, 74.00000
271.00000, 72.00000
272.00000, 69.00000
273.00000, 71.00000
274.00000, 72.00000
278.00000, 71.00000
279.00000, 69.00000
occurrence2
286.00000, 67.00000
288.00000, 69.00000
290.00000, 72.00000
292.00000, 71.00000
294.00000, 69.00000
296.00000, 72.00000
298.00000, 71.00000
299.00000, 69.00000
300.00000, 67.00000
occurrence3
486.00000, 72.00000
488.00000, 74.00000
490.00000, 76.00000
494.00000, 74.00000
496.00000, 76.00000
499.00000, 74.00000
500.00000, 72.00000
pattern12
occurrence1
86.00000, 71.00000
90.00000, 69.00000
94.00000, 74.00000
96.00000, 72.00000
98.00000, 71.00000
101.00000, 69.00000
102.00000, 69.00000
occurrence2
108.00000, 65.00000
110.00000, 64.00000
114.00000, 62.00000
116.00000, 64.00000
118.00000, 67.00000
120.00000, 65.00000
124.00000, 64.00000
occurrence3
690.00000, 74.00000
694.00000, 72.00000
696.00000, 77.00000
699.00000, 76.00000
700.00000, 76.00000
702.00000, 74.00000
703.00000, 72.00000
704.00000, 71.00000
705.00000, 69.00000
706.00000, 72.00000
pattern13
occurrence1
232.00000, 65.00000
234.00000, 69.00000
237.00000, 67.00000
238.00000, 64.00000
240.00000, 65.00000
242.00000, 62.00000
244.00000, 65.00000
247.00000, 67.00000
248.00000, 69.00000
250.00000, 67.00000
254.00000, 72.00000
256.00000, 72.00000
258.00000, 72.00000
260.00000, 67.00000
264.00000, 67.00000
265.00000, 69.00000
266.00000, 71.00000
267.00000, 72.00000
268.00000, 74.00000
271.00000, 72.00000
272.00000, 69.00000
273.00000, 71.00000
274.00000, 72.00000
278.00000, 71.00000
279.00000, 69.00000
280.00000, 71.00000
282.00000, 69.00000
286.00000, 67.00000
288.00000, 69.00000
290.00000, 72.00000
292.00000, 71.00000
294.00000, 69.00000
296.00000, 72.00000
298.00000, 71.00000
299.00000, 69.00000
300.00000, 67.00000
301.00000, 69.00000
302.00000, 71.00000
occurrence2
242.00000, 62.00000
244.00000, 65.00000
247.00000, 67.00000
248.00000, 69.00000
250.00000, 67.00000
254.00000, 72.00000
256.00000, 72.00000
258.00000, 72.00000
260.00000, 67.00000
264.00000, 67.00000
265.00000, 69.00000
266.00000, 71.00000
267.00000, 72.00000
268.00000, 74.00000
271.00000, 72.00000
272.00000, 69.00000
273.00000, 71.00000
274.00000, 72.00000
278.00000, 71.00000
279.00000, 69.00000
280.00000, 71.00000
282.00000, 69.00000
286.00000, 67.00000
288.00000, 69.00000
290.00000, 72.00000
292.00000, 71.00000
294.00000, 69.00000
296.00000, 72.00000
298.00000, 71.00000
299.00000, 69.00000
300.00000, 67.00000
301.00000, 69.00000
302.00000, 71.00000
303.00000, 72.00000
304.00000, 71.00000
306.00000, 64.00000
308.00000, 67.00000
312.00000, 67.00000
occurrence3
522.00000, 71.00000
523.00000, 72.00000
524.00000, 74.00000
527.00000, 72.00000
528.00000, 71.00000
529.00000, 69.00000
530.00000, 69.00000
534.00000, 68.00000
536.00000, 69.00000
588.00000, 76.00000
592.00000, 76.00000
pattern14
occurrence1
77.00000, 71.00000
78.00000, 69.00000
79.00000, 67.00000
occurrence2
160.00000, 74.00000
162.00000, 71.00000
occurrence3
196.00000, 79.00000
198.00000, 76.00000
occurrence4
225.00000, 72.00000
226.00000, 70.00000
227.00000, 69.00000
occurrence5
230.00000, 69.00000
232.00000, 65.00000
occurrence6
240.00000, 65.00000
242.00000, 62.00000
occurrence7
298.00000, 71.00000
299.00000, 69.00000
300.00000, 67.00000
occurrence8
444.00000, 71.00000
446.00000, 67.00000
occurrence9
513.00000, 72.00000
514.00000, 71.00000
515.00000, 69.00000
occurrence10
514.00000, 71.00000
515.00000, 69.00000
516.00000, 67.00000
occurrence11
527.00000, 72.00000
528.00000, 71.00000
529.00000, 69.00000
occurrence12
597.00000, 72.00000
598.00000, 71.00000
599.00000, 69.00000
occurrence13
598.00000, 71.00000
599.00000, 69.00000
600.00000, 67.00000
occurrence14
610.00000, 72.00000
611.00000, 71.00000
612.00000, 69.00000
occurrence15
702.00000, 74.00000
703.00000, 72.00000
704.00000, 71.00000
occurrence16
703.00000, 72.00000
704.00000, 71.00000
705.00000, 69.00000
occurrence17
768.00000, 77.00000
770.00000, 74.00000
occurrence18
809.00000, 72.00000
810.00000, 71.00000
811.00000, 69.00000
occurrence19
830.00000, 67.00000
832.00000, 64.00000
occurrence20
843.00000, 72.00000
844.00000, 71.00000
845.00000, 69.00000
pattern15
occurrence1
164.00000, 72.00000
168.00000, 71.00000
174.00000, 69.00000
176.00000, 74.00000
occurrence2
168.00000, 71.00000
174.00000, 69.00000
176.00000, 74.00000
180.00000, 72.00000
occurrence3
256.00000, 72.00000
258.00000, 72.00000
260.00000, 67.00000
264.00000, 67.00000
265.00000, 69.00000
266.00000, 71.00000
267.00000, 72.00000
268.00000, 74.00000
occurrence4
260.00000, 67.00000
264.00000, 67.00000
265.00000, 69.00000
266.00000, 71.00000
267.00000, 72.00000
268.00000, 74.00000
271.00000, 72.00000
272.00000, 69.00000
occurrence5
278.00000, 71.00000
279.00000, 69.00000
280.00000, 71.00000
282.00000, 69.00000
286.00000, 67.00000
288.00000, 69.00000
290.00000, 72.00000
occurrence6
308.00000, 67.00000
312.00000, 67.00000
313.00000, 69.00000
314.00000, 71.00000
315.00000, 72.00000
316.00000, 71.00000
319.00000, 69.00000
320.00000, 69.00000
occurrence7
312.00000, 67.00000
313.00000, 69.00000
314.00000, 71.00000
315.00000, 72.00000
316.00000, 71.00000
319.00000, 69.00000
320.00000, 69.00000
322.00000, 67.00000
324.00000, 69.00000
occurrence8
598.00000, 71.00000
599.00000, 69.00000
600.00000, 67.00000
602.00000, 74.00000
606.00000, 72.00000
608.00000, 74.00000
610.00000, 72.00000
occurrence9
599.00000, 69.00000
600.00000, 67.00000
602.00000, 74.00000
606.00000, 72.00000
608.00000, 74.00000
610.00000, 72.00000
611.00000, 71.00000
occurrence10
600.00000, 67.00000
602.00000, 74.00000
606.00000, 72.00000
608.00000, 74.00000
610.00000, 72.00000
611.00000, 71.00000
612.00000, 69.00000
occurrence11
672.00000, 72.00000
674.00000, 74.00000
677.00000, 72.00000
678.00000, 69.00000
680.00000, 71.00000
683.00000, 72.00000
684.00000, 74.00000
occurrence12
674.00000, 74.00000
677.00000, 72.00000
678.00000, 69.00000
680.00000, 71.00000
683.00000, 72.00000
684.00000, 74.00000
685.00000, 71.00000
686.00000, 76.00000
occurrence13
758.00000, 72.00000
760.00000, 74.00000
762.00000, 76.00000
765.00000, 77.00000
766.00000, 79.00000
767.00000, 76.00000
768.00000, 77.00000
770.00000, 74.00000
occurrence14
788.00000, 71.00000
789.00000, 72.00000
790.00000, 74.00000
794.00000, 72.00000
798.00000, 71.00000
800.00000, 72.00000
occurrence15
790.00000, 74.00000
794.00000, 72.00000
798.00000, 71.00000
800.00000, 72.00000
802.00000, 76.00000
occurrence16
794.00000, 72.00000
798.00000, 71.00000
800.00000, 72.00000
802.00000, 76.00000
806.00000, 74.00000
pattern16
occurrence1
80.00000, 69.00000
83.00000, 71.00000
84.00000, 72.00000
86.00000, 71.00000
90.00000, 69.00000
94.00000, 74.00000
96.00000, 72.00000
98.00000, 71.00000
101.00000, 69.00000
102.00000, 69.00000
106.00000, 67.00000
108.00000, 65.00000
110.00000, 64.00000
114.00000, 62.00000
116.00000, 64.00000
118.00000, 67.00000
occurrence2
176.00000, 74.00000
180.00000, 72.00000
183.00000, 74.00000
184.00000, 76.00000
186.00000, 77.00000
188.00000, 72.00000
191.00000, 74.00000
192.00000, 76.00000
194.00000, 77.00000
196.00000, 79.00000
198.00000, 76.00000
200.00000, 77.00000
206.00000, 76.00000
207.00000, 74.00000
208.00000, 77.00000
210.00000, 76.00000
213.00000, 74.00000
214.00000, 72.00000
occurrence3
184.00000, 76.00000
186.00000, 77.00000
188.00000, 72.00000
191.00000, 74.00000
192.00000, 76.00000
194.00000, 77.00000
196.00000, 79.00000
198.00000, 76.00000
200.00000, 77.00000
206.00000, 76.00000
207.00000, 74.00000
208.00000, 77.00000
210.00000, 76.00000
213.00000, 74.00000
214.00000, 72.00000
216.00000, 71.00000
218.00000, 69.00000
222.00000, 74.00000
occurrence4
188.00000, 72.00000
191.00000, 74.00000
192.00000, 76.00000
194.00000, 77.00000
196.00000, 79.00000
198.00000, 76.00000
200.00000, 77.00000
206.00000, 76.00000
207.00000, 74.00000
208.00000, 77.00000
210.00000, 76.00000
213.00000, 74.00000
214.00000, 72.00000
216.00000, 71.00000
218.00000, 69.00000
222.00000, 74.00000
225.00000, 72.00000
226.00000, 70.00000
occurrence5
248.00000, 69.00000
250.00000, 67.00000
254.00000, 72.00000
256.00000, 72.00000
258.00000, 72.00000
260.00000, 67.00000
264.00000, 67.00000
265.00000, 69.00000
266.00000, 71.00000
267.00000, 72.00000
268.00000, 74.00000
271.00000, 72.00000
272.00000, 69.00000
273.00000, 71.00000
274.00000, 72.00000
278.00000, 71.00000
279.00000, 69.00000
280.00000, 71.00000
282.00000, 69.00000
286.00000, 67.00000
occurrence6
254.00000, 72.00000
256.00000, 72.00000
258.00000, 72.00000
260.00000, 67.00000
264.00000, 67.00000
265.00000, 69.00000
266.00000, 71.00000
267.00000, 72.00000
268.00000, 74.00000
271.00000, 72.00000
272.00000, 69.00000
273.00000, 71.00000
274.00000, 72.00000
278.00000, 71.00000
279.00000, 69.00000
280.00000, 71.00000
282.00000, 69.00000
286.00000, 67.00000
288.00000, 69.00000
290.00000, 72.00000
292.00000, 71.00000
occurrence7
296.00000, 72.00000
298.00000, 71.00000
299.00000, 69.00000
300.00000, 67.00000
301.00000, 69.00000
302.00000, 71.00000
303.00000, 72.00000
304.00000, 71.00000
306.00000, 64.00000
308.00000, 67.00000
312.00000, 67.00000
313.00000, 69.00000
314.00000, 71.00000
315.00000, 72.00000
316.00000, 71.00000
319.00000, 69.00000
320.00000, 69.00000
322.00000, 67.00000
324.00000, 69.00000
328.00000, 67.00000
330.00000, 72.00000
334.00000, 71.00000
occurrence8
472.00000, 76.00000
478.00000, 76.00000
480.00000, 77.00000
482.00000, 76.00000
486.00000, 72.00000
488.00000, 74.00000
490.00000, 76.00000
494.00000, 74.00000
496.00000, 76.00000
499.00000, 74.00000
500.00000, 72.00000
502.00000, 71.00000
504.00000, 76.00000
508.00000, 76.00000
510.00000, 74.00000
occurrence9
664.00000, 76.00000
668.00000, 76.00000
672.00000, 72.00000
674.00000, 74.00000
677.00000, 72.00000
678.00000, 69.00000
680.00000, 71.00000
683.00000, 72.00000
684.00000, 74.00000
685.00000, 71.00000
686.00000, 76.00000
690.00000, 74.00000
694.00000, 72.00000
696.00000, 77.00000
699.00000, 76.00000
700.00000, 76.00000
702.00000, 74.00000
occurrence10
672.00000, 72.00000
674.00000, 74.00000
677.00000, 72.00000
678.00000, 69.00000
680.00000, 71.00000
683.00000, 72.00000
684.00000, 74.00000
685.00000, 71.00000
686.00000, 76.00000
690.00000, 74.00000
694.00000, 72.00000
696.00000, 77.00000
699.00000, 76.00000
700.00000, 76.00000
702.00000, 74.00000
703.00000, 72.00000
704.00000, 71.00000
705.00000, 69.00000
706.00000, 72.00000
710.00000, 71.00000
occurrence11
674.00000, 74.00000
677.00000, 72.00000
678.00000, 69.00000
680.00000, 71.00000
683.00000, 72.00000
684.00000, 74.00000
685.00000, 71.00000
686.00000, 76.00000
690.00000, 74.00000
694.00000, 72.00000
696.00000, 77.00000
699.00000, 76.00000
700.00000, 76.00000
702.00000, 74.00000
703.00000, 72.00000
704.00000, 71.00000
705.00000, 69.00000
706.00000, 72.00000
710.00000, 71.00000
712.00000, 72.00000
occurrence12
798.00000, 71.00000
800.00000, 72.00000
802.00000, 76.00000
806.00000, 74.00000
809.00000, 72.00000
810.00000, 71.00000
811.00000, 69.00000
812.00000, 72.00000
815.00000, 71.00000
816.00000, 71.00000
817.00000, 69.00000
818.00000, 69.00000
822.00000, 67.00000
824.00000, 69.00000
826.00000, 64.00000
828.00000, 65.00000
830.00000, 67.00000
832.00000, 64.00000
833.00000, 65.00000
834.00000, 67.00000
835.00000, 65.00000
835.50000, 67.00000
836.00000, 69.00000
occurrence13
802.00000, 76.00000
806.00000, 74.00000
809.00000, 72.00000
810.00000, 71.00000
811.00000, 69.00000
812.00000, 72.00000
815.00000, 71.00000
816.00000, 71.00000
817.00000, 69.00000
818.00000, 69.00000
822.00000, 67.00000
824.00000, 69.00000
826.00000, 64.00000
828.00000, 65.00000
830.00000, 67.00000
832.00000, 64.00000
833.00000, 65.00000
834.00000, 67.00000
835.00000, 65.00000
835.50000, 67.00000
836.00000, 69.00000
837.00000, 71.00000
838.00000, 72.00000
839.00000, 71.00000
839.50000, 72.00000
840.00000, 74.00000
pattern17
occurrence1
24.00000, 72.00000
36.00000, 67.00000
40.00000, 69.00000
44.00000, 72.00000
47.00000, 74.00000
48.00000, 76.00000
52.00000, 77.00000
60.00000, 76.00000
70.00000, 76.00000
72.00000, 74.00000
74.00000, 72.00000
77.00000, 71.00000
78.00000, 69.00000
79.00000, 67.00000
80.00000, 69.00000
83.00000, 71.00000
84.00000, 72.00000
86.00000, 71.00000
90.00000, 69.00000
94.00000, 74.00000
96.00000, 72.00000
98.00000, 71.00000
101.00000, 69.00000
102.00000, 69.00000
106.00000, 67.00000
108.00000, 65.00000
110.00000, 64.00000
114.00000, 62.00000
116.00000, 64.00000
118.00000, 67.00000
120.00000, 65.00000
124.00000, 64.00000
144.00000, 67.00000
147.00000, 69.00000
148.00000, 71.00000
150.00000, 72.00000
152.00000, 67.00000
155.00000, 69.00000
156.00000, 71.00000
158.00000, 72.00000
160.00000, 74.00000
162.00000, 71.00000
164.00000, 72.00000
168.00000, 71.00000
174.00000, 69.00000
176.00000, 74.00000
180.00000, 72.00000
183.00000, 74.00000
occurrence2
47.00000, 74.00000
48.00000, 76.00000
52.00000, 77.00000
60.00000, 76.00000
70.00000, 76.00000
72.00000, 74.00000
74.00000, 72.00000
77.00000, 71.00000
78.00000, 69.00000
79.00000, 67.00000
80.00000, 69.00000
83.00000, 71.00000
84.00000, 72.00000
86.00000, 71.00000
90.00000, 69.00000
94.00000, 74.00000
96.00000, 72.00000
98.00000, 71.00000
101.00000, 69.00000
102.00000, 69.00000
106.00000, 67.00000
108.00000, 65.00000
110.00000, 64.00000
114.00000, 62.00000
116.00000, 64.00000
118.00000, 67.00000
120.00000, 65.00000
124.00000, 64.00000
144.00000, 67.00000
147.00000, 69.00000
148.00000, 71.00000
150.00000, 72.00000
152.00000, 67.00000
155.00000, 69.00000
156.00000, 71.00000
158.00000, 72.00000
160.00000, 74.00000
162.00000, 71.00000
164.00000, 72.00000
168.00000, 71.00000
174.00000, 69.00000
176.00000, 74.00000
180.00000, 72.00000
183.00000, 74.00000
184.00000, 76.00000
186.00000, 77.00000
188.00000, 72.00000
191.00000, 74.00000
192.00000, 76.00000
194.00000, 77.00000
196.00000, 79.00000
198.00000, 76.00000
200.00000, 77.00000
206.00000, 76.00000
occurrence3
106.00000, 67.00000
108.00000, 65.00000
110.00000, 64.00000
114.00000, 62.00000
116.00000, 64.00000
118.00000, 67.00000
120.00000, 65.00000
124.00000, 64.00000
144.00000, 67.00000
147.00000, 69.00000
148.00000, 71.00000
150.00000, 72.00000
152.00000, 67.00000
155.00000, 69.00000
156.00000, 71.00000
158.00000, 72.00000
160.00000, 74.00000
162.00000, 71.00000
164.00000, 72.00000
168.00000, 71.00000
174.00000, 69.00000
176.00000, 74.00000
180.00000, 72.00000
183.00000, 74.00000
184.00000, 76.00000
186.00000, 77.00000
188.00000, 72.00000
191.00000, 74.00000
192.00000, 76.00000
194.00000, 77.00000
196.00000, 79.00000
198.00000, 76.00000
200.00000, 77.00000
206.00000, 76.00000
207.00000, 74.00000
208.00000, 77.00000
210.00000, 76.00000
213.00000, 74.00000
214.00000, 72.00000
216.00000, 71.00000
218.00000, 69.00000
222.00000, 74.00000
225.00000, 72.00000
226.00000, 70.00000
227.00000, 69.00000
228.00000, 70.00000
230.00000, 69.00000
232.00000, 65.00000
234.00000, 69.00000
237.00000, 67.00000
238.00000, 64.00000
240.00000, 65.00000
242.00000, 62.00000
244.00000, 65.00000
247.00000, 67.00000
248.00000, 69.00000
250.00000, 67.00000
254.00000, 72.00000
256.00000, 72.00000
258.00000, 72.00000
260.00000, 67.00000
264.00000, 67.00000
265.00000, 69.00000
occurrence4
155.00000, 69.00000
156.00000, 71.00000
158.00000, 72.00000
160.00000, 74.00000
162.00000, 71.00000
164.00000, 72.00000
168.00000, 71.00000
174.00000, 69.00000
176.00000, 74.00000
180.00000, 72.00000
183.00000, 74.00000
184.00000, 76.00000
186.00000, 77.00000
188.00000, 72.00000
191.00000, 74.00000
192.00000, 76.00000
194.00000, 77.00000
196.00000, 79.00000
198.00000, 76.00000
200.00000, 77.00000
206.00000, 76.00000
207.00000, 74.00000
208.00000, 77.00000
210.00000, 76.00000
213.00000, 74.00000
214.00000, 72.00000
216.00000, 71.00000
218.00000, 69.00000
222.00000, 74.00000
225.00000, 72.00000
226.00000, 70.00000
227.00000, 69.00000
228.00000, 70.00000
230.00000, 69.00000
232.00000, 65.00000
234.00000, 69.00000
237.00000, 67.00000
238.00000, 64.00000
240.00000, 65.00000
242.00000, 62.00000
244.00000, 65.00000
247.00000, 67.00000
248.00000, 69.00000
250.00000, 67.00000
254.00000, 72.00000
256.00000, 72.00000
258.00000, 72.00000
260.00000, 67.00000
264.00000, 67.00000
265.00000, 69.00000
266.00000, 71.00000
267.00000, 72.00000
268.00000, 74.00000
271.00000, 72.00000
272.00000, 69.00000
273.00000, 71.00000
274.00000, 72.00000
278.00000, 71.00000
279.00000, 69.00000
280.00000, 71.00000
282.00000, 69.00000
286.00000, 67.00000
288.00000, 69.00000
290.00000, 72.00000
292.00000, 71.00000
294.00000, 69.00000
296.00000, 72.00000
298.00000, 71.00000
299.00000, 69.00000
300.00000, 67.00000
301.00000, 69.00000
302.00000, 71.00000
303.00000, 72.00000
304.00000, 71.00000
306.00000, 64.00000
308.00000, 67.00000
312.00000, 67.00000
313.00000, 69.00000
314.00000, 71.00000
occurrence5
156.00000, 71.00000
158.00000, 72.00000
160.00000, 74.00000
162.00000, 71.00000
164.00000, 72.00000
168.00000, 71.00000
174.00000, 69.00000
176.00000, 74.00000
180.00000, 72.00000
183.00000, 74.00000
184.00000, 76.00000
186.00000, 77.00000
188.00000, 72.00000
191.00000, 74.00000
192.00000, 76.00000
194.00000, 77.00000
196.00000, 79.00000
198.00000, 76.00000
200.00000, 77.00000
206.00000, 76.00000
207.00000, 74.00000
208.00000, 77.00000
210.00000, 76.00000
213.00000, 74.00000
214.00000, 72.00000
216.00000, 71.00000
218.00000, 69.00000
222.00000, 74.00000
225.00000, 72.00000
226.00000, 70.00000
227.00000, 69.00000
228.00000, 70.00000
230.00000, 69.00000
232.00000, 65.00000
234.00000, 69.00000
237.00000, 67.00000
238.00000, 64.00000
240.00000, 65.00000
242.00000, 62.00000
244.00000, 65.00000
247.00000, 67.00000
248.00000, 69.00000
250.00000, 67.00000
254.00000, 72.00000
256.00000, 72.00000
258.00000, 72.00000
260.00000, 67.00000
264.00000, 67.00000
265.00000, 69.00000
266.00000, 71.00000
267.00000, 72.00000
268.00000, 74.00000
271.00000, 72.00000
272.00000, 69.00000
273.00000, 71.00000
274.00000, 72.00000
278.00000, 71.00000
279.00000, 69.00000
280.00000, 71.00000
282.00000, 69.00000
286.00000, 67.00000
288.00000, 69.00000
290.00000, 72.00000
292.00000, 71.00000
294.00000, 69.00000
296.00000, 72.00000
298.00000, 71.00000
299.00000, 69.00000
300.00000, 67.00000
301.00000, 69.00000
302.00000, 71.00000
303.00000, 72.00000
304.00000, 71.00000
306.00000, 64.00000
308.00000, 67.00000
312.00000, 67.00000
313.00000, 69.00000
314.00000, 71.00000
315.00000, 72.00000
occurrence6
518.00000, 71.00000
521.00000, 69.00000
522.00000, 71.00000
523.00000, 72.00000
524.00000, 74.00000
527.00000, 72.00000
528.00000, 71.00000
529.00000, 69.00000
530.00000, 69.00000
534.00000, 68.00000
536.00000, 69.00000
588.00000, 76.00000
592.00000, 76.00000
594.00000, 74.00000
597.00000, 72.00000
598.00000, 71.00000
599.00000, 69.00000
600.00000, 67.00000
602.00000, 74.00000
606.00000, 72.00000
608.00000, 74.00000
610.00000, 72.00000
611.00000, 71.00000
612.00000, 69.00000
613.00000, 71.00000
614.00000, 72.00000
618.00000, 71.00000
619.00000, 69.00000
620.00000, 71.00000
624.00000, 69.00000
664.00000, 76.00000
668.00000, 76.00000
672.00000, 72.00000
674.00000, 74.00000
677.00000, 72.00000
occurrence7
521.00000, 69.00000
522.00000, 71.00000
523.00000, 72.00000
524.00000, 74.00000
527.00000, 72.00000
528.00000, 71.00000
529.00000, 69.00000
530.00000, 69.00000
534.00000, 68.00000
536.00000, 69.00000
588.00000, 76.00000
592.00000, 76.00000
594.00000, 74.00000
597.00000, 72.00000
598.00000, 71.00000
599.00000, 69.00000
600.00000, 67.00000
602.00000, 74.00000
606.00000, 72.00000
608.00000, 74.00000
610.00000, 72.00000
611.00000, 71.00000
612.00000, 69.00000
613.00000, 71.00000
614.00000, 72.00000
618.00000, 71.00000
619.00000, 69.00000
620.00000, 71.00000
624.00000, 69.00000
664.00000, 76.00000
668.00000, 76.00000
672.00000, 72.00000
674.00000, 74.00000
677.00000, 72.00000
678.00000, 69.00000
680.00000, 71.00000
occurrence8
608.00000, 74.00000
610.00000, 72.00000
611.00000, 71.00000
612.00000, 69.00000
613.00000, 71.00000
614.00000, 72.00000
618.00000, 71.00000
619.00000, 69.00000
620.00000, 71.00000
624.00000, 69.00000
664.00000, 76.00000
668.00000, 76.00000
672.00000, 72.00000
674.00000, 74.00000
677.00000, 72.00000
678.00000, 69.00000
680.00000, 71.00000
683.00000, 72.00000
684.00000, 74.00000
685.00000, 71.00000
686.00000, 76.00000
690.00000, 74.00000
694.00000, 72.00000
696.00000, 77.00000
699.00000, 76.00000
700.00000, 76.00000
702.00000, 74.00000
703.00000, 72.00000
704.00000, 71.00000
705.00000, 69.00000
706.00000, 72.00000
710.00000, 71.00000
712.00000, 72.00000
758.00000, 72.00000
760.00000, 74.00000
762.00000, 76.00000
765.00000, 77.00000
766.00000, 79.00000
767.00000, 76.00000
occurrence9
619.00000, 69.00000
620.00000, 71.00000
624.00000, 69.00000
664.00000, 76.00000
668.00000, 76.00000
672.00000, 72.00000
674.00000, 74.00000
677.00000, 72.00000
678.00000, 69.00000
680.00000, 71.00000
683.00000, 72.00000
684.00000, 74.00000
685.00000, 71.00000
686.00000, 76.00000
690.00000, 74.00000
694.00000, 72.00000
696.00000, 77.00000
699.00000, 76.00000
700.00000, 76.00000
702.00000, 74.00000
703.00000, 72.00000
704.00000, 71.00000
705.00000, 69.00000
706.00000, 72.00000
710.00000, 71.00000
712.00000, 72.00000
758.00000, 72.00000
760.00000, 74.00000
762.00000, 76.00000
765.00000, 77.00000
766.00000, 79.00000
767.00000, 76.00000
768.00000, 77.00000
770.00000, 74.00000
772.00000, 77.00000
774.00000, 76.00000
777.00000, 74.00000
778.00000, 71.00000
occurrence10
678.00000, 69.00000
680.00000, 71.00000
683.00000, 72.00000
684.00000, 74.00000
685.00000, 71.00000
686.00000, 76.00000
690.00000, 74.00000
694.00000, 72.00000
696.00000, 77.00000
699.00000, 76.00000
700.00000, 76.00000
702.00000, 74.00000
703.00000, 72.00000
704.00000, 71.00000
705.00000, 69.00000
706.00000, 72.00000
710.00000, 71.00000
712.00000, 72.00000
758.00000, 72.00000
760.00000, 74.00000
762.00000, 76.00000
765.00000, 77.00000
766.00000, 79.00000
767.00000, 76.00000
768.00000, 77.00000
770.00000, 74.00000
772.00000, 77.00000
774.00000, 76.00000
777.00000, 74.00000
778.00000, 71.00000
780.00000, 69.00000
782.00000, 72.00000
785.00000, 71.00000
786.00000, 67.00000
787.00000, 69.00000
788.00000, 71.00000
789.00000, 72.00000
790.00000, 74.00000
794.00000, 72.00000
798.00000, 71.00000
800.00000, 72.00000
802.00000, 76.00000
806.00000, 74.00000
809.00000, 72.00000
810.00000, 71.00000
811.00000, 69.00000
812.00000, 72.00000
815.00000, 71.00000
816.00000, 71.00000
817.00000, 69.00000
818.00000, 69.00000
822.00000, 67.00000
824.00000, 69.00000
826.00000, 64.00000
828.00000, 65.00000
830.00000, 67.00000
832.00000, 64.00000
833.00000, 65.00000
834.00000, 67.00000
835.00000, 65.00000
835.50000, 67.00000
836.00000, 69.00000
837.00000, 71.00000
pattern18
occurrence1
452.00000, 76.00000
456.00000, 77.00000
472.00000, 76.00000
478.00000, 76.00000
480.00000, 77.00000
482.00000, 76.00000
486.00000, 72.00000
488.00000, 74.00000
490.00000, 76.00000
494.00000, 74.00000
496.00000, 76.00000
499.00000, 74.00000
500.00000, 72.00000
occurrence2
787.00000, 69.00000
788.00000, 71.00000
789.00000, 72.00000
790.00000, 74.00000
794.00000, 72.00000
798.00000, 71.00000
800.00000, 72.00000
802.00000, 76.00000
806.00000, 74.00000
809.00000, 72.00000
810.00000, 71.00000
811.00000, 69.00000
812.00000, 72.00000
815.00000, 71.00000
816.00000, 71.00000
817.00000, 69.00000
818.00000, 69.00000
822.00000, 67.00000
824.00000, 69.00000
826.00000, 64.00000
828.00000, 65.00000
830.00000, 67.00000
832.00000, 64.00000
833.00000, 65.00000
834.00000, 67.00000
835.00000, 65.00000
pattern19
occurrence1
152.00000, 67.00000
155.00000, 69.00000
156.00000, 71.00000
158.00000, 72.00000
160.00000, 74.00000
162.00000, 71.00000
164.00000, 72.00000
168.00000, 71.00000
174.00000, 69.00000
176.00000, 74.00000
180.00000, 72.00000
183.00000, 74.00000
184.00000, 76.00000
186.00000, 77.00000
188.00000, 72.00000
191.00000, 74.00000
192.00000, 76.00000
194.00000, 77.00000
196.00000, 79.00000
198.00000, 76.00000
200.00000, 77.00000
206.00000, 76.00000
207.00000, 74.00000
208.00000, 77.00000
210.00000, 76.00000
213.00000, 74.00000
214.00000, 72.00000
216.00000, 71.00000
218.00000, 69.00000
222.00000, 74.00000
225.00000, 72.00000
226.00000, 70.00000
227.00000, 69.00000
228.00000, 70.00000
230.00000, 69.00000
232.00000, 65.00000
234.00000, 69.00000
237.00000, 67.00000
238.00000, 64.00000
240.00000, 65.00000
242.00000, 62.00000
244.00000, 65.00000
247.00000, 67.00000
248.00000, 69.00000
occurrence2
694.00000, 72.00000
696.00000, 77.00000
699.00000, 76.00000
700.00000, 76.00000
702.00000, 74.00000
703.00000, 72.00000
704.00000, 71.00000
705.00000, 69.00000
706.00000, 72.00000
710.00000, 71.00000
712.00000, 72.00000
758.00000, 72.00000
760.00000, 74.00000
762.00000, 76.00000
765.00000, 77.00000
766.00000, 79.00000
767.00000, 76.00000
768.00000, 77.00000
770.00000, 74.00000
772.00000, 77.00000
774.00000, 76.00000
777.00000, 74.00000
778.00000, 71.00000
780.00000, 69.00000
782.00000, 72.00000
785.00000, 71.00000
786.00000, 67.00000
787.00000, 69.00000
788.00000, 71.00000
789.00000, 72.00000
790.00000, 74.00000
pattern20
occurrence1
174.00000, 69.00000
176.00000, 74.00000
180.00000, 72.00000
183.00000, 74.00000
184.00000, 76.00000
186.00000, 77.00000
188.00000, 72.00000
191.00000, 74.00000
192.00000, 76.00000
194.00000, 77.00000
196.00000, 79.00000
198.00000, 76.00000
200.00000, 77.00000
206.00000, 76.00000
207.00000, 74.00000
208.00000, 77.00000
210.00000, 76.00000
213.00000, 74.00000
214.00000, 72.00000
216.00000, 71.00000
218.00000, 69.00000
222.00000, 74.00000
225.00000, 72.00000
226.00000, 70.00000
227.00000, 69.00000
228.00000, 70.00000
230.00000, 69.00000
232.00000, 65.00000
234.00000, 69.00000
237.00000, 67.00000
238.00000, 64.00000
240.00000, 65.00000
242.00000, 62.00000
244.00000, 65.00000
247.00000, 67.00000
248.00000, 69.00000
250.00000, 67.00000
254.00000, 72.00000
256.00000, 72.00000
258.00000, 72.00000
260.00000, 67.00000
264.00000, 67.00000
265.00000, 69.00000
266.00000, 71.00000
267.00000, 72.00000
268.00000, 74.00000
271.00000, 72.00000
272.00000, 69.00000
273.00000, 71.00000
274.00000, 72.00000
278.00000, 71.00000
occurrence2
502.00000, 71.00000
504.00000, 76.00000
508.00000, 76.00000
510.00000, 74.00000
513.00000, 72.00000
514.00000, 71.00000
515.00000, 69.00000
516.00000, 67.00000
518.00000, 71.00000
521.00000, 69.00000
522.00000, 71.00000
523.00000, 72.00000
524.00000, 74.00000
527.00000, 72.00000
528.00000, 71.00000
529.00000, 69.00000
530.00000, 69.00000
534.00000, 68.00000
536.00000, 69.00000
588.00000, 76.00000
592.00000, 76.00000
594.00000, 74.00000
597.00000, 72.00000
598.00000, 71.00000
599.00000, 69.00000
600.00000, 67.00000
602.00000, 74.00000
606.00000, 72.00000
pattern21
occurrence1
36.00000, 67.00000
40.00000, 69.00000
44.00000, 72.00000
47.00000, 74.00000
48.00000, 76.00000
52.00000, 77.00000
60.00000, 76.00000
70.00000, 76.00000
72.00000, 74.00000
74.00000, 72.00000
77.00000, 71.00000
78.00000, 69.00000
79.00000, 67.00000
80.00000, 69.00000
83.00000, 71.00000
84.00000, 72.00000
86.00000, 71.00000
90.00000, 69.00000
94.00000, 74.00000
96.00000, 72.00000
98.00000, 71.00000
101.00000, 69.00000
102.00000, 69.00000
106.00000, 67.00000
108.00000, 65.00000
110.00000, 64.00000
114.00000, 62.00000
116.00000, 64.00000
118.00000, 67.00000
120.00000, 65.00000
124.00000, 64.00000
144.00000, 67.00000
147.00000, 69.00000
148.00000, 71.00000
150.00000, 72.00000
152.00000, 67.00000
155.00000, 69.00000
156.00000, 71.00000
158.00000, 72.00000
160.00000, 74.00000
162.00000, 71.00000
164.00000, 72.00000
168.00000, 71.00000
174.00000, 69.00000
176.00000, 74.00000
180.00000, 72.00000
183.00000, 74.00000
184.00000, 76.00000
186.00000, 77.00000
188.00000, 72.00000
191.00000, 74.00000
192.00000, 76.00000
194.00000, 77.00000
196.00000, 79.00000
198.00000, 76.00000
200.00000, 77.00000
206.00000, 76.00000
207.00000, 74.00000
208.00000, 77.00000
210.00000, 76.00000
213.00000, 74.00000
214.00000, 72.00000
216.00000, 71.00000
218.00000, 69.00000
222.00000, 74.00000
225.00000, 72.00000
226.00000, 70.00000
227.00000, 69.00000
228.00000, 70.00000
230.00000, 69.00000
232.00000, 65.00000
234.00000, 69.00000
237.00000, 67.00000
238.00000, 64.00000
240.00000, 65.00000
242.00000, 62.00000
244.00000, 65.00000
247.00000, 67.00000
248.00000, 69.00000
250.00000, 67.00000
254.00000, 72.00000
256.00000, 72.00000
258.00000, 72.00000
260.00000, 67.00000
264.00000, 67.00000
265.00000, 69.00000
266.00000, 71.00000
267.00000, 72.00000
268.00000, 74.00000
271.00000, 72.00000
272.00000, 69.00000
273.00000, 71.00000
274.00000, 72.00000
278.00000, 71.00000
279.00000, 69.00000
280.00000, 71.00000
282.00000, 69.00000
286.00000, 67.00000
288.00000, 69.00000
290.00000, 72.00000
292.00000, 71.00000
294.00000, 69.00000
296.00000, 72.00000
298.00000, 71.00000
299.00000, 69.00000
300.00000, 67.00000
301.00000, 69.00000
302.00000, 71.00000
303.00000, 72.00000
304.00000, 71.00000
306.00000, 64.00000
308.00000, 67.00000
312.00000, 67.00000
313.00000, 69.00000
314.00000, 71.00000
315.00000, 72.00000
316.00000, 71.00000
319.00000, 69.00000
320.00000, 69.00000
322.00000, 67.00000
324.00000, 69.00000
328.00000, 67.00000
330.00000, 72.00000
334.00000, 71.00000
337.00000, 69.00000
338.00000, 69.00000
342.00000, 68.00000
344.00000, 69.00000
440.00000, 72.00000
444.00000, 71.00000
446.00000, 67.00000
448.00000, 69.00000
452.00000, 76.00000
456.00000, 77.00000
472.00000, 76.00000
478.00000, 76.00000
480.00000, 77.00000
482.00000, 76.00000
486.00000, 72.00000
488.00000, 74.00000
490.00000, 76.00000
494.00000, 74.00000
496.00000, 76.00000
499.00000, 74.00000
500.00000, 72.00000
502.00000, 71.00000
504.00000, 76.00000
508.00000, 76.00000
510.00000, 74.00000
513.00000, 72.00000
514.00000, 71.00000
515.00000, 69.00000
516.00000, 67.00000
518.00000, 71.00000
521.00000, 69.00000
522.00000, 71.00000
523.00000, 72.00000
524.00000, 74.00000
527.00000, 72.00000
528.00000, 71.00000
529.00000, 69.00000
530.00000, 69.00000
534.00000, 68.00000
536.00000, 69.00000
588.00000, 76.00000
592.00000, 76.00000
594.00000, 74.00000
597.00000, 72.00000
598.00000, 71.00000
599.00000, 69.00000
600.00000, 67.00000
602.00000, 74.00000
606.00000, 72.00000
608.00000, 74.00000
610.00000, 72.00000
611.00000, 71.00000
612.00000, 69.00000
613.00000, 71.00000
614.00000, 72.00000
618.00000, 71.00000
619.00000, 69.00000
620.00000, 71.00000
624.00000, 69.00000
664.00000, 76.00000
668.00000, 76.00000
672.00000, 72.00000
674.00000, 74.00000
677.00000, 72.00000
678.00000, 69.00000
680.00000, 71.00000
683.00000, 72.00000
684.00000, 74.00000
685.00000, 71.00000
686.00000, 76.00000
690.00000, 74.00000
694.00000, 72.00000
696.00000, 77.00000
699.00000, 76.00000
700.00000, 76.00000
702.00000, 74.00000
703.00000, 72.00000
704.00000, 71.00000
705.00000, 69.00000
706.00000, 72.00000
710.00000, 71.00000
712.00000, 72.00000
758.00000, 72.00000
760.00000, 74.00000
762.00000, 76.00000
765.00000, 77.00000
766.00000, 79.00000
767.00000, 76.00000
768.00000, 77.00000
770.00000, 74.00000
772.00000, 77.00000
774.00000, 76.00000
777.00000, 74.00000
778.00000, 71.00000
780.00000, 69.00000
782.00000, 72.00000
785.00000, 71.00000
786.00000, 67.00000
787.00000, 69.00000
788.00000, 71.00000
789.00000, 72.00000
790.00000, 74.00000
794.00000, 72.00000
798.00000, 71.00000
800.00000, 72.00000
802.00000, 76.00000
806.00000, 74.00000
809.00000, 72.00000
810.00000, 71.00000
811.00000, 69.00000
812.00000, 72.00000
815.00000, 71.00000
816.00000, 71.00000
817.00000, 69.00000
818.00000, 69.00000
822.00000, 67.00000
824.00000, 69.00000
826.00000, 64.00000
828.00000, 65.00000
830.00000, 67.00000
832.00000, 64.00000
833.00000, 65.00000
834.00000, 67.00000
835.00000, 65.00000
835.50000, 67.00000
836.00000, 69.00000
837.00000, 71.00000
838.00000, 72.00000
839.00000, 71.00000
839.50000, 72.00000
