pattern1
occurrence1
20.00000, 74.00000
24.00000, 74.00000
28.00000, 74.00000
32.00000, 74.00000
38.00000, 72.00000
40.00000, 70.00000
42.00000, 69.00000
44.00000, 70.00000
48.00000, 72.00000
72.00000, 77.00000
80.00000, 76.00000
84.00000, 74.00000
occurrence2
24.00000, 74.00000
28.00000, 74.00000
32.00000, 74.00000
38.00000, 72.00000
40.00000, 70.00000
42.00000, 69.00000
44.00000, 70.00000
48.00000, 72.00000
72.00000, 77.00000
80.00000, 76.00000
84.00000, 74.00000
88.00000, 74.00000
occurrence3
264.00000, 67.00000
272.00000, 67.00000
276.00000, 74.00000
284.00000, 74.00000
288.00000, 74.00000
296.00000, 74.00000
300.00000, 74.00000
306.00000, 72.00000
308.00000, 69.00000
312.00000, 70.00000
320.00000, 69.00000
328.00000, 67.00000
occurrence4
288.00000, 74.00000
296.00000, 74.00000
300.00000, 74.00000
306.00000, 72.00000
308.00000, 69.00000
312.00000, 70.00000
320.00000, 69.00000
328.00000, 67.00000
336.00000, 69.00000
344.00000, 72.00000
352.00000, 74.00000
pattern2
occurrence1
72.00000, 77.00000
80.00000, 76.00000
84.00000, 74.00000
88.00000, 74.00000
92.00000, 73.00000
96.00000, 74.00000
occurrence2
240.00000, 70.00000
244.00000, 69.00000
250.00000, 67.00000
252.00000, 67.00000
260.00000, 66.00000
264.00000, 67.00000
occurrence3
456.00000, 70.00000
460.00000, 69.00000
466.00000, 67.00000
468.00000, 67.00000
476.00000, 66.00000
480.00000, 67.00000
pattern3
occurrence1
24.00000, 74.00000
28.00000, 74.00000
32.00000, 74.00000
38.00000, 72.00000
40.00000, 70.00000
42.00000, 69.00000
44.00000, 70.00000
48.00000, 72.00000
72.00000, 77.00000
80.00000, 76.00000
84.00000, 74.00000
88.00000, 74.00000
92.00000, 73.00000
96.00000, 74.00000
124.00000, 74.00000
128.00000, 74.00000
132.00000, 74.00000
136.00000, 72.00000
occurrence2
308.00000, 69.00000
312.00000, 70.00000
320.00000, 69.00000
328.00000, 67.00000
336.00000, 69.00000
344.00000, 72.00000
352.00000, 74.00000
360.00000, 72.00000
368.00000, 74.00000
372.00000, 70.00000
376.00000, 72.00000
380.00000, 69.00000
384.00000, 70.00000
392.00000, 70.00000
396.00000, 74.00000
402.00000, 72.00000
404.00000, 70.00000
408.00000, 69.00000
416.00000, 69.00000
420.00000, 67.00000
occurrence3
344.00000, 72.00000
352.00000, 74.00000
360.00000, 72.00000
368.00000, 74.00000
372.00000, 70.00000
376.00000, 72.00000
380.00000, 69.00000
384.00000, 70.00000
392.00000, 70.00000
396.00000, 74.00000
402.00000, 72.00000
404.00000, 70.00000
408.00000, 69.00000
416.00000, 69.00000
420.00000, 67.00000
428.00000, 67.00000
432.00000, 69.00000
440.00000, 67.00000
444.00000, 72.00000
452.00000, 72.00000
456.00000, 70.00000
pattern4
occurrence1
20.00000, 74.00000
24.00000, 74.00000
28.00000, 74.00000
32.00000, 74.00000
38.00000, 72.00000
40.00000, 70.00000
42.00000, 69.00000
44.00000, 70.00000
48.00000, 72.00000
72.00000, 77.00000
80.00000, 76.00000
84.00000, 74.00000
88.00000, 74.00000
92.00000, 73.00000
96.00000, 74.00000
124.00000, 74.00000
128.00000, 74.00000
132.00000, 74.00000
136.00000, 72.00000
140.00000, 69.00000
144.00000, 70.00000
150.00000, 69.00000
152.00000, 67.00000
160.00000, 65.00000
192.00000, 69.00000
occurrence2
288.00000, 74.00000
296.00000, 74.00000
300.00000, 74.00000
306.00000, 72.00000
308.00000, 69.00000
312.00000, 70.00000
320.00000, 69.00000
328.00000, 67.00000
336.00000, 69.00000
344.00000, 72.00000
352.00000, 74.00000
360.00000, 72.00000
368.00000, 74.00000
372.00000, 70.00000
376.00000, 72.00000
380.00000, 69.00000
384.00000, 70.00000
392.00000, 70.00000
396.00000, 74.00000
402.00000, 72.00000
404.00000, 70.00000
408.00000, 69.00000
416.00000, 69.00000
420.00000, 67.00000
428.00000, 67.00000
432.00000, 69.00000
440.00000, 67.00000
444.00000, 72.00000
452.00000, 72.00000
456.00000, 70.00000
460.00000, 69.00000
pattern5
occurrence1
208.00000, 74.00000
216.00000, 72.00000
220.00000, 70.00000
224.00000, 69.00000
228.00000, 69.00000
232.00000, 67.00000
238.00000, 69.00000
240.00000, 70.00000
244.00000, 69.00000
250.00000, 67.00000
252.00000, 67.00000
260.00000, 66.00000
264.00000, 67.00000
272.00000, 67.00000
276.00000, 74.00000
284.00000, 74.00000
288.00000, 74.00000
296.00000, 74.00000
300.00000, 74.00000
306.00000, 72.00000
308.00000, 69.00000
312.00000, 70.00000
320.00000, 69.00000
328.00000, 67.00000
336.00000, 69.00000
344.00000, 72.00000
352.00000, 74.00000
360.00000, 72.00000
368.00000, 74.00000
372.00000, 70.00000
376.00000, 72.00000
380.00000, 69.00000
384.00000, 70.00000
392.00000, 70.00000
396.00000, 74.00000
occurrence2
244.00000, 69.00000
250.00000, 67.00000
252.00000, 67.00000
260.00000, 66.00000
264.00000, 67.00000
272.00000, 67.00000
276.00000, 74.00000
284.00000, 74.00000
288.00000, 74.00000
296.00000, 74.00000
300.00000, 74.00000
306.00000, 72.00000
308.00000, 69.00000
312.00000, 70.00000
320.00000, 69.00000
328.00000, 67.00000
336.00000, 69.00000
344.00000, 72.00000
352.00000, 74.00000
360.00000, 72.00000
368.00000, 74.00000
372.00000, 70.00000
376.00000, 72.00000
380.00000, 69.00000
384.00000, 70.00000
392.00000, 70.00000
396.00000, 74.00000
402.00000, 72.00000
404.00000, 70.00000
408.00000, 69.00000
416.00000, 69.00000
420.00000, 67.00000
428.00000, 67.00000
432.00000, 69.00000
occurrence3
252.00000, 67.00000
260.00000, 66.00000
264.00000, 67.00000
272.00000, 67.00000
276.00000, 74.00000
284.00000, 74.00000
288.00000, 74.00000
296.00000, 74.00000
300.00000, 74.00000
306.00000, 72.00000
308.00000, 69.00000
312.00000, 70.00000
320.00000, 69.00000
328.00000, 67.00000
336.00000, 69.00000
344.00000, 72.00000
352.00000, 74.00000
360.00000, 72.00000
368.00000, 74.00000
372.00000, 70.00000
376.00000, 72.00000
380.00000, 69.00000
384.00000, 70.00000
392.00000, 70.00000
396.00000, 74.00000
402.00000, 72.00000
404.00000, 70.00000
408.00000, 69.00000
416.00000, 69.00000
420.00000, 67.00000
428.00000, 67.00000
432.00000, 69.00000
440.00000, 67.00000
pattern6
occurrence1
140.00000, 69.00000
144.00000, 70.00000
150.00000, 69.00000
152.00000, 67.00000
160.00000, 65.00000
192.00000, 69.00000
198.00000, 70.00000
200.00000, 72.00000
204.00000, 72.00000
occurrence2
144.00000, 70.00000
150.00000, 69.00000
152.00000, 67.00000
160.00000, 65.00000
192.00000, 69.00000
198.00000, 70.00000
200.00000, 72.00000
204.00000, 72.00000
208.00000, 74.00000
occurrence3
160.00000, 65.00000
192.00000, 69.00000
198.00000, 70.00000
200.00000, 72.00000
204.00000, 72.00000
208.00000, 74.00000
216.00000, 72.00000
220.00000, 70.00000
224.00000, 69.00000
occurrence4
220.00000, 70.00000
224.00000, 69.00000
228.00000, 69.00000
232.00000, 67.00000
238.00000, 69.00000
240.00000, 70.00000
244.00000, 69.00000
250.00000, 67.00000
252.00000, 67.00000
260.00000, 66.00000
264.00000, 67.00000
272.00000, 67.00000
276.00000, 74.00000
284.00000, 74.00000
occurrence5
328.00000, 67.00000
336.00000, 69.00000
344.00000, 72.00000
352.00000, 74.00000
360.00000, 72.00000
368.00000, 74.00000
372.00000, 70.00000
376.00000, 72.00000
380.00000, 69.00000
384.00000, 70.00000
392.00000, 70.00000
occurrence6
380.00000, 69.00000
384.00000, 70.00000
392.00000, 70.00000
396.00000, 74.00000
402.00000, 72.00000
404.00000, 70.00000
408.00000, 69.00000
416.00000, 69.00000
420.00000, 67.00000
428.00000, 67.00000
432.00000, 69.00000
440.00000, 67.00000
444.00000, 72.00000
pattern7
occurrence1
40.00000, 70.00000
42.00000, 69.00000
44.00000, 70.00000
48.00000, 72.00000
72.00000, 77.00000
80.00000, 76.00000
84.00000, 74.00000
88.00000, 74.00000
92.00000, 73.00000
96.00000, 74.00000
124.00000, 74.00000
128.00000, 74.00000
132.00000, 74.00000
136.00000, 72.00000
140.00000, 69.00000
144.00000, 70.00000
150.00000, 69.00000
152.00000, 67.00000
160.00000, 65.00000
192.00000, 69.00000
198.00000, 70.00000
occurrence2
150.00000, 69.00000
152.00000, 67.00000
160.00000, 65.00000
192.00000, 69.00000
198.00000, 70.00000
200.00000, 72.00000
204.00000, 72.00000
208.00000, 74.00000
216.00000, 72.00000
220.00000, 70.00000
224.00000, 69.00000
228.00000, 69.00000
232.00000, 67.00000
238.00000, 69.00000
240.00000, 70.00000
244.00000, 69.00000
250.00000, 67.00000
252.00000, 67.00000
260.00000, 66.00000
264.00000, 67.00000
272.00000, 67.00000
276.00000, 74.00000
284.00000, 74.00000
288.00000, 74.00000
296.00000, 74.00000
300.00000, 74.00000
306.00000, 72.00000
308.00000, 69.00000
pattern8
occurrence1
8.00000, 67.00000
16.00000, 67.00000
20.00000, 74.00000
24.00000, 74.00000
28.00000, 74.00000
32.00000, 74.00000
38.00000, 72.00000
40.00000, 70.00000
42.00000, 69.00000
44.00000, 70.00000
48.00000, 72.00000
72.00000, 77.00000
80.00000, 76.00000
84.00000, 74.00000
88.00000, 74.00000
92.00000, 73.00000
96.00000, 74.00000
124.00000, 74.00000
128.00000, 74.00000
132.00000, 74.00000
136.00000, 72.00000
140.00000, 69.00000
144.00000, 70.00000
150.00000, 69.00000
152.00000, 67.00000
160.00000, 65.00000
192.00000, 69.00000
198.00000, 70.00000
200.00000, 72.00000
204.00000, 72.00000
208.00000, 74.00000
216.00000, 72.00000
220.00000, 70.00000
224.00000, 69.00000
228.00000, 69.00000
232.00000, 67.00000
238.00000, 69.00000
240.00000, 70.00000
244.00000, 69.00000
250.00000, 67.00000
252.00000, 67.00000
260.00000, 66.00000
264.00000, 67.00000
272.00000, 67.00000
276.00000, 74.00000
284.00000, 74.00000
288.00000, 74.00000
296.00000, 74.00000
300.00000, 74.00000
306.00000, 72.00000
308.00000, 69.00000
312.00000, 70.00000
320.00000, 69.00000
328.00000, 67.00000
336.00000, 69.00000
344.00000, 72.00000
352.00000, 74.00000
360.00000, 72.00000
368.00000, 74.00000
372.00000, 70.00000
376.00000, 72.00000
380.00000, 69.00000
384.00000, 70.00000
392.00000, 70.00000
396.00000, 74.00000
402.00000, 72.00000
404.00000, 70.00000
408.00000, 69.00000
416.00000, 69.00000
420.00000, 67.00000
428.00000, 67.00000
432.00000, 69.00000
440.00000, 67.00000
444.00000, 72.00000
452.00000, 72.00000
456.00000, 70.00000
460.00000, 69.00000
466.00000, 67.00000
