pattern1
occurrence1
28.00000, 45.00000
28.00000, 69.00000
28.00000, 73.00000
28.00000, 76.00000
24.00000, 49.00000
24.00000, 69.00000
24.00000, 73.00000
24.00000, 76.00000
80.00000, 55.00000
80.00000, 67.00000
80.00000, 71.00000
80.00000, 74.00000
136.00000, 57.00000
136.00000, 69.00000
136.00000, 73.00000
136.00000, 76.00000
20.00000, 50.00000
20.00000, 64.00000
20.00000, 68.00000
20.00000, 71.00000
46.00000, 45.00000
46.00000, 69.00000
46.00000, 73.00000
46.00000, 76.00000
59.00000, 45.00000
59.00000, 59.00000
59.00000, 62.00000
59.00000, 66.00000
16.00000, 50.00000
16.00000, 62.00000
16.00000, 64.00000
16.00000, 66.00000
16.00000, 69.00000
72.00000, 50.00000
72.00000, 60.00000
72.00000, 62.00000
72.00000, 66.00000
72.00000, 69.00000
72.00000, 71.00000
128.00000, 50.00000
128.00000, 62.00000
128.00000, 66.00000
128.00000, 69.00000
119.50000, 71.00000
42.00000, 47.00000
42.00000, 67.00000
42.00000, 71.00000
42.00000, 74.00000
61.50000, 62.00000
12.00000, 50.00000
12.00000, 62.00000
12.00000, 66.00000
12.00000, 69.00000
68.00000, 42.00000
68.00000, 62.00000
68.00000, 66.00000
68.00000, 69.00000
31.50000, 69.00000
59.50000, 59.00000
87.50000, 71.00000
143.50000, 64.00000
8.00000, 50.00000
8.00000, 62.00000
8.00000, 66.00000
8.00000, 69.00000
141.50000, 66.00000
64.00000, 45.00000
64.00000, 69.00000
64.00000, 73.00000
64.00000, 76.00000
occurrence2
28.00000, 45.00000
28.00000, 69.00000
28.00000, 73.00000
28.00000, 76.00000
24.00000, 49.00000
24.00000, 69.00000
24.00000, 73.00000
24.00000, 76.00000
80.00000, 55.00000
80.00000, 67.00000
80.00000, 71.00000
80.00000, 74.00000
136.00000, 57.00000
136.00000, 69.00000
136.00000, 73.00000
136.00000, 76.00000
20.00000, 50.00000
20.00000, 64.00000
20.00000, 68.00000
20.00000, 71.00000
46.00000, 45.00000
46.00000, 69.00000
46.00000, 73.00000
46.00000, 76.00000
59.00000, 45.00000
59.00000, 59.00000
59.00000, 62.00000
59.00000, 66.00000
16.00000, 50.00000
16.00000, 62.00000
16.00000, 64.00000
16.00000, 66.00000
16.00000, 69.00000
72.00000, 50.00000
72.00000, 60.00000
72.00000, 62.00000
72.00000, 66.00000
72.00000, 69.00000
72.00000, 71.00000
128.00000, 50.00000
128.00000, 62.00000
128.00000, 66.00000
128.00000, 69.00000
119.50000, 71.00000
42.00000, 47.00000
42.00000, 67.00000
42.00000, 71.00000
42.00000, 74.00000
61.50000, 62.00000
12.00000, 50.00000
12.00000, 62.00000
12.00000, 66.00000
12.00000, 69.00000
68.00000, 42.00000
68.00000, 62.00000
68.00000, 66.00000
68.00000, 69.00000
31.50000, 69.00000
59.50000, 59.00000
87.50000, 71.00000
143.50000, 64.00000
8.00000, 50.00000
8.00000, 62.00000
8.00000, 66.00000
8.00000, 69.00000
141.50000, 66.00000
64.00000, 45.00000
64.00000, 69.00000
64.00000, 73.00000
64.00000, 76.00000
occurrence3
8.00000, 50.00000
8.00000, 62.00000
8.00000, 66.00000
8.00000, 69.00000
141.50000, 66.00000
64.00000, 45.00000
64.00000, 69.00000
64.00000, 73.00000
64.00000, 76.00000
120.00000, 57.00000
120.00000, 69.00000
120.00000, 73.00000
120.00000, 76.00000
27.50000, 66.00000
55.50000, 62.00000
111.50000, 66.00000
139.50000, 71.00000
25.50000, 69.00000
53.50000, 61.00000
4.00000, 50.00000
4.00000, 62.00000
4.00000, 66.00000
4.00000, 69.00000
109.50000, 67.00000
60.00000, 44.00000
60.00000, 64.00000
60.00000, 68.00000
60.00000, 71.00000
23.50000, 69.00000
51.50000, 59.00000
79.50000, 66.00000
107.50000, 71.00000
135.50000, 71.00000
21.50000, 68.00000
77.50000, 67.00000
80.99902, 67.00000
96.99902, 66.00000
80.49902, 67.00000
112.99902, 67.00000
96.49902, 67.00000
128.99902, 62.00000
112.49902, 67.00000
144.99902, 62.00000
128.49902, 64.00000
144.49902, 62.00000
78.99902, 66.00000
94.99902, 69.00000
78.49902, 67.00000
110.99902, 66.00000
94.49902, 71.00000
126.99902, 64.00000
110.49902, 67.00000
142.99902, 66.00000
126.49902, 66.00000
142.49902, 66.00000
76.99902, 69.00000
92.99902, 69.00000
76.49902, 71.00000
108.99902, 69.00000
92.49902, 71.00000
124.99902, 69.00000
108.49902, 71.00000
140.99902, 69.00000
124.49902, 71.00000
52.49902, 61.00000
58.99902, 59.00000
140.49902, 71.00000
62.99902, 66.00000
14.99902, 69.00000
60.49902, 61.00000
18.99902, 69.00000
38.49902, 69.00000
20.49902, 68.00000
26.99902, 67.00000
46.49902, 64.00000
52.99902, 61.00000
24.49902, 69.00000
30.99902, 69.00000
0.00000, 50.00000
0.00000, 62.00000
0.00000, 66.00000
0.00000, 69.00000
28.49902, 64.00000
34.99902, 69.00000
54.49902, 62.00000
60.99902, 61.00000
36.49902, 68.00000
42.99902, 67.00000
62.49902, 64.00000
40.49902, 69.00000
44.49902, 66.00000
50.99902, 59.00000
22.49902, 69.00000
54.99902, 62.00000
72.99902, 69.00000
88.99902, 69.00000
72.49902, 71.00000
104.99902, 69.00000
88.49902, 69.00000
120.99902, 69.00000
104.49902, 69.00000
136.99902, 69.00000
120.49902, 69.00000
136.49902, 69.00000
134.99902, 69.00000
132.99902, 73.00000
112.00000, 55.00000
112.00000, 67.00000
112.00000, 71.00000
112.00000, 74.00000
19.50000, 68.00000
47.50000, 62.00000
75.50000, 71.00000
103.50000, 71.00000
26.00000, 47.00000
26.00000, 67.00000
26.00000, 71.00000
26.00000, 74.00000
131.50000, 74.00000
45.50000, 66.00000
52.00000, 47.00000
52.00000, 59.00000
52.00000, 62.00000
52.00000, 66.00000
15.50000, 69.00000
43.50000, 67.00000
127.50000, 64.00000
134.00000, 71.00000
41.50000, 69.00000
69.50000, 40.00000
69.50000, 69.00000
69.50000, 73.00000
69.50000, 76.00000
125.50000, 66.00000
48.00000, 47.00000
48.00000, 59.00000
48.00000, 62.00000
48.00000, 66.00000
104.00000, 50.00000
104.00000, 62.00000
104.00000, 66.00000
104.00000, 69.00000
39.50000, 69.00000
95.50000, 67.00000
123.50000, 71.00000
37.50000, 68.00000
65.50000, 43.00000
65.50000, 67.00000
65.50000, 71.00000
65.50000, 74.00000
93.50000, 71.00000
44.00000, 45.00000
44.00000, 66.00000
44.00000, 69.00000
44.00000, 73.00000
occurrence4
8.00000, 50.00000
8.00000, 62.00000
8.00000, 66.00000
8.00000, 69.00000
141.50000, 66.00000
64.00000, 45.00000
64.00000, 69.00000
64.00000, 73.00000
64.00000, 76.00000
120.00000, 57.00000
120.00000, 69.00000
120.00000, 73.00000
120.00000, 76.00000
27.50000, 66.00000
55.50000, 62.00000
111.50000, 66.00000
139.50000, 71.00000
25.50000, 69.00000
53.50000, 61.00000
4.00000, 50.00000
4.00000, 62.00000
4.00000, 66.00000
4.00000, 69.00000
109.50000, 67.00000
60.00000, 44.00000
60.00000, 64.00000
60.00000, 68.00000
60.00000, 71.00000
23.50000, 69.00000
51.50000, 59.00000
79.50000, 66.00000
107.50000, 71.00000
135.50000, 71.00000
21.50000, 68.00000
77.50000, 67.00000
80.99902, 67.00000
96.99902, 66.00000
80.49902, 67.00000
112.99902, 67.00000
96.49902, 67.00000
128.99902, 62.00000
112.49902, 67.00000
144.99902, 62.00000
128.49902, 64.00000
144.49902, 62.00000
78.99902, 66.00000
94.99902, 69.00000
78.49902, 67.00000
110.99902, 66.00000
94.49902, 71.00000
126.99902, 64.00000
110.49902, 67.00000
142.99902, 66.00000
126.49902, 66.00000
142.49902, 66.00000
76.99902, 69.00000
92.99902, 69.00000
76.49902, 71.00000
108.99902, 69.00000
92.49902, 71.00000
124.99902, 69.00000
108.49902, 71.00000
140.99902, 69.00000
124.49902, 71.00000
52.49902, 61.00000
58.99902, 59.00000
140.49902, 71.00000
62.99902, 66.00000
14.99902, 69.00000
60.49902, 61.00000
18.99902, 69.00000
38.49902, 69.00000
20.49902, 68.00000
26.99902, 67.00000
46.49902, 64.00000
52.99902, 61.00000
24.49902, 69.00000
30.99902, 69.00000
0.00000, 50.00000
0.00000, 62.00000
0.00000, 66.00000
0.00000, 69.00000
28.49902, 64.00000
34.99902, 69.00000
54.49902, 62.00000
60.99902, 61.00000
36.49902, 68.00000
42.99902, 67.00000
62.49902, 64.00000
40.49902, 69.00000
44.49902, 66.00000
50.99902, 59.00000
22.49902, 69.00000
54.99902, 62.00000
72.99902, 69.00000
88.99902, 69.00000
72.49902, 71.00000
104.99902, 69.00000
88.49902, 69.00000
120.99902, 69.00000
104.49902, 69.00000
136.99902, 69.00000
120.49902, 69.00000
136.49902, 69.00000
134.99902, 69.00000
132.99902, 73.00000
112.00000, 55.00000
112.00000, 67.00000
112.00000, 71.00000
112.00000, 74.00000
19.50000, 68.00000
47.50000, 62.00000
75.50000, 71.00000
103.50000, 71.00000
26.00000, 47.00000
26.00000, 67.00000
26.00000, 71.00000
26.00000, 74.00000
131.50000, 74.00000
45.50000, 66.00000
52.00000, 47.00000
52.00000, 59.00000
52.00000, 62.00000
52.00000, 66.00000
15.50000, 69.00000
43.50000, 67.00000
127.50000, 64.00000
134.00000, 71.00000
41.50000, 69.00000
69.50000, 40.00000
69.50000, 69.00000
69.50000, 73.00000
69.50000, 76.00000
125.50000, 66.00000
48.00000, 47.00000
48.00000, 59.00000
48.00000, 62.00000
48.00000, 66.00000
104.00000, 50.00000
104.00000, 62.00000
104.00000, 66.00000
104.00000, 69.00000
39.50000, 69.00000
95.50000, 67.00000
123.50000, 71.00000
37.50000, 68.00000
65.50000, 43.00000
65.50000, 67.00000
65.50000, 71.00000
65.50000, 74.00000
93.50000, 71.00000
44.00000, 45.00000
44.00000, 66.00000
44.00000, 69.00000
44.00000, 73.00000
pattern2
occurrence1
28.00000, 45.00000
28.00000, 69.00000
28.00000, 73.00000
28.00000, 76.00000
24.00000, 49.00000
24.00000, 69.00000
24.00000, 73.00000
24.00000, 76.00000
80.00000, 55.00000
80.00000, 67.00000
80.00000, 71.00000
80.00000, 74.00000
136.00000, 57.00000
136.00000, 69.00000
136.00000, 73.00000
136.00000, 76.00000
20.00000, 50.00000
20.00000, 64.00000
20.00000, 68.00000
20.00000, 71.00000
46.00000, 45.00000
46.00000, 69.00000
46.00000, 73.00000
46.00000, 76.00000
59.00000, 45.00000
59.00000, 59.00000
59.00000, 62.00000
59.00000, 66.00000
16.00000, 50.00000
16.00000, 62.00000
16.00000, 64.00000
16.00000, 66.00000
16.00000, 69.00000
72.00000, 50.00000
72.00000, 60.00000
72.00000, 62.00000
72.00000, 66.00000
72.00000, 69.00000
72.00000, 71.00000
128.00000, 50.00000
128.00000, 62.00000
128.00000, 66.00000
128.00000, 69.00000
119.50000, 71.00000
42.00000, 47.00000
42.00000, 67.00000
42.00000, 71.00000
42.00000, 74.00000
61.50000, 62.00000
12.00000, 50.00000
12.00000, 62.00000
12.00000, 66.00000
12.00000, 69.00000
68.00000, 42.00000
68.00000, 62.00000
68.00000, 66.00000
68.00000, 69.00000
31.50000, 69.00000
59.50000, 59.00000
87.50000, 71.00000
143.50000, 64.00000
8.00000, 50.00000
8.00000, 62.00000
8.00000, 66.00000
8.00000, 69.00000
141.50000, 66.00000
64.00000, 45.00000
64.00000, 69.00000
64.00000, 73.00000
64.00000, 76.00000
120.00000, 57.00000
120.00000, 69.00000
120.00000, 73.00000
120.00000, 76.00000
occurrence2
28.00000, 45.00000
28.00000, 69.00000
28.00000, 73.00000
28.00000, 76.00000
24.00000, 49.00000
24.00000, 69.00000
24.00000, 73.00000
24.00000, 76.00000
80.00000, 55.00000
80.00000, 67.00000
80.00000, 71.00000
80.00000, 74.00000
136.00000, 57.00000
136.00000, 69.00000
136.00000, 73.00000
136.00000, 76.00000
20.00000, 50.00000
20.00000, 64.00000
20.00000, 68.00000
20.00000, 71.00000
46.00000, 45.00000
46.00000, 69.00000
46.00000, 73.00000
46.00000, 76.00000
59.00000, 45.00000
59.00000, 59.00000
59.00000, 62.00000
59.00000, 66.00000
16.00000, 50.00000
16.00000, 62.00000
16.00000, 64.00000
16.00000, 66.00000
16.00000, 69.00000
72.00000, 50.00000
72.00000, 60.00000
72.00000, 62.00000
72.00000, 66.00000
72.00000, 69.00000
72.00000, 71.00000
128.00000, 50.00000
128.00000, 62.00000
128.00000, 66.00000
128.00000, 69.00000
119.50000, 71.00000
42.00000, 47.00000
42.00000, 67.00000
42.00000, 71.00000
42.00000, 74.00000
61.50000, 62.00000
12.00000, 50.00000
12.00000, 62.00000
12.00000, 66.00000
12.00000, 69.00000
68.00000, 42.00000
68.00000, 62.00000
68.00000, 66.00000
68.00000, 69.00000
31.50000, 69.00000
59.50000, 59.00000
87.50000, 71.00000
143.50000, 64.00000
8.00000, 50.00000
8.00000, 62.00000
8.00000, 66.00000
8.00000, 69.00000
141.50000, 66.00000
64.00000, 45.00000
64.00000, 69.00000
64.00000, 73.00000
64.00000, 76.00000
120.00000, 57.00000
120.00000, 69.00000
120.00000, 73.00000
120.00000, 76.00000
occurrence3
28.00000, 45.00000
28.00000, 69.00000
28.00000, 73.00000
28.00000, 76.00000
24.00000, 49.00000
24.00000, 69.00000
24.00000, 73.00000
24.00000, 76.00000
80.00000, 55.00000
80.00000, 67.00000
80.00000, 71.00000
80.00000, 74.00000
136.00000, 57.00000
136.00000, 69.00000
136.00000, 73.00000
136.00000, 76.00000
20.00000, 50.00000
20.00000, 64.00000
20.00000, 68.00000
20.00000, 71.00000
46.00000, 45.00000
46.00000, 69.00000
46.00000, 73.00000
46.00000, 76.00000
59.00000, 45.00000
59.00000, 59.00000
59.00000, 62.00000
59.00000, 66.00000
16.00000, 50.00000
16.00000, 62.00000
16.00000, 64.00000
16.00000, 66.00000
16.00000, 69.00000
72.00000, 50.00000
72.00000, 60.00000
72.00000, 62.00000
72.00000, 66.00000
72.00000, 69.00000
72.00000, 71.00000
128.00000, 50.00000
128.00000, 62.00000
128.00000, 66.00000
128.00000, 69.00000
119.50000, 71.00000
42.00000, 47.00000
42.00000, 67.00000
42.00000, 71.00000
42.00000, 74.00000
61.50000, 62.00000
12.00000, 50.00000
12.00000, 62.00000
12.00000, 66.00000
12.00000, 69.00000
68.00000, 42.00000
68.00000, 62.00000
68.00000, 66.00000
68.00000, 69.00000
31.50000, 69.00000
59.50000, 59.00000
87.50000, 71.00000
143.50000, 64.00000
8.00000, 50.00000
8.00000, 62.00000
8.00000, 66.00000
8.00000, 69.00000
141.50000, 66.00000
64.00000, 45.00000
64.00000, 69.00000
64.00000, 73.00000
64.00000, 76.00000
120.00000, 57.00000
120.00000, 69.00000
120.00000, 73.00000
120.00000, 76.00000
occurrence4
12.00000, 50.00000
12.00000, 62.00000
12.00000, 66.00000
12.00000, 69.00000
68.00000, 42.00000
68.00000, 62.00000
68.00000, 66.00000
68.00000, 69.00000
31.50000, 69.00000
59.50000, 59.00000
87.50000, 71.00000
143.50000, 64.00000
8.00000, 50.00000
8.00000, 62.00000
8.00000, 66.00000
8.00000, 69.00000
141.50000, 66.00000
64.00000, 45.00000
64.00000, 69.00000
64.00000, 73.00000
64.00000, 76.00000
120.00000, 57.00000
120.00000, 69.00000
120.00000, 73.00000
120.00000, 76.00000
27.50000, 66.00000
55.50000, 62.00000
111.50000, 66.00000
139.50000, 71.00000
25.50000, 69.00000
53.50000, 61.00000
4.00000, 50.00000
4.00000, 62.00000
4.00000, 66.00000
4.00000, 69.00000
109.50000, 67.00000
60.00000, 44.00000
60.00000, 64.00000
60.00000, 68.00000
60.00000, 71.00000
23.50000, 69.00000
51.50000, 59.00000
79.50000, 66.00000
107.50000, 71.00000
135.50000, 71.00000
21.50000, 68.00000
77.50000, 67.00000
80.99902, 67.00000
96.99902, 66.00000
80.49902, 67.00000
112.99902, 67.00000
96.49902, 67.00000
128.99902, 62.00000
112.49902, 67.00000
144.99902, 62.00000
128.49902, 64.00000
144.49902, 62.00000
78.99902, 66.00000
94.99902, 69.00000
78.49902, 67.00000
110.99902, 66.00000
94.49902, 71.00000
126.99902, 64.00000
110.49902, 67.00000
142.99902, 66.00000
126.49902, 66.00000
142.49902, 66.00000
76.99902, 69.00000
92.99902, 69.00000
76.49902, 71.00000
108.99902, 69.00000
92.49902, 71.00000
124.99902, 69.00000
108.49902, 71.00000
140.99902, 69.00000
124.49902, 71.00000
52.49902, 61.00000
58.99902, 59.00000
140.49902, 71.00000
62.99902, 66.00000
14.99902, 69.00000
60.49902, 61.00000
18.99902, 69.00000
38.49902, 69.00000
20.49902, 68.00000
26.99902, 67.00000
46.49902, 64.00000
52.99902, 61.00000
24.49902, 69.00000
30.99902, 69.00000
0.00000, 50.00000
0.00000, 62.00000
0.00000, 66.00000
0.00000, 69.00000
28.49902, 64.00000
34.99902, 69.00000
54.49902, 62.00000
60.99902, 61.00000
36.49902, 68.00000
42.99902, 67.00000
62.49902, 64.00000
40.49902, 69.00000
44.49902, 66.00000
50.99902, 59.00000
22.49902, 69.00000
54.99902, 62.00000
72.99902, 69.00000
88.99902, 69.00000
72.49902, 71.00000
104.99902, 69.00000
88.49902, 69.00000
120.99902, 69.00000
104.49902, 69.00000
136.99902, 69.00000
120.49902, 69.00000
136.49902, 69.00000
134.99902, 69.00000
132.99902, 73.00000
112.00000, 55.00000
112.00000, 67.00000
112.00000, 71.00000
112.00000, 74.00000
19.50000, 68.00000
47.50000, 62.00000
75.50000, 71.00000
103.50000, 71.00000
26.00000, 47.00000
26.00000, 67.00000
26.00000, 71.00000
26.00000, 74.00000
131.50000, 74.00000
45.50000, 66.00000
52.00000, 47.00000
52.00000, 59.00000
52.00000, 62.00000
52.00000, 66.00000
15.50000, 69.00000
43.50000, 67.00000
127.50000, 64.00000
134.00000, 71.00000
41.50000, 69.00000
69.50000, 40.00000
69.50000, 69.00000
69.50000, 73.00000
69.50000, 76.00000
125.50000, 66.00000
48.00000, 47.00000
48.00000, 59.00000
48.00000, 62.00000
48.00000, 66.00000
104.00000, 50.00000
104.00000, 62.00000
104.00000, 66.00000
104.00000, 69.00000
occurrence5
12.00000, 50.00000
12.00000, 62.00000
12.00000, 66.00000
12.00000, 69.00000
68.00000, 42.00000
68.00000, 62.00000
68.00000, 66.00000
68.00000, 69.00000
31.50000, 69.00000
59.50000, 59.00000
87.50000, 71.00000
143.50000, 64.00000
8.00000, 50.00000
8.00000, 62.00000
8.00000, 66.00000
8.00000, 69.00000
141.50000, 66.00000
64.00000, 45.00000
64.00000, 69.00000
64.00000, 73.00000
64.00000, 76.00000
120.00000, 57.00000
120.00000, 69.00000
120.00000, 73.00000
120.00000, 76.00000
27.50000, 66.00000
55.50000, 62.00000
111.50000, 66.00000
139.50000, 71.00000
25.50000, 69.00000
53.50000, 61.00000
4.00000, 50.00000
4.00000, 62.00000
4.00000, 66.00000
4.00000, 69.00000
109.50000, 67.00000
60.00000, 44.00000
60.00000, 64.00000
60.00000, 68.00000
60.00000, 71.00000
23.50000, 69.00000
51.50000, 59.00000
79.50000, 66.00000
107.50000, 71.00000
135.50000, 71.00000
21.50000, 68.00000
77.50000, 67.00000
80.99902, 67.00000
96.99902, 66.00000
80.49902, 67.00000
112.99902, 67.00000
96.49902, 67.00000
128.99902, 62.00000
112.49902, 67.00000
144.99902, 62.00000
128.49902, 64.00000
144.49902, 62.00000
78.99902, 66.00000
94.99902, 69.00000
78.49902, 67.00000
110.99902, 66.00000
94.49902, 71.00000
126.99902, 64.00000
110.49902, 67.00000
142.99902, 66.00000
126.49902, 66.00000
142.49902, 66.00000
76.99902, 69.00000
92.99902, 69.00000
76.49902, 71.00000
108.99902, 69.00000
92.49902, 71.00000
124.99902, 69.00000
108.49902, 71.00000
140.99902, 69.00000
124.49902, 71.00000
52.49902, 61.00000
58.99902, 59.00000
140.49902, 71.00000
62.99902, 66.00000
14.99902, 69.00000
60.49902, 61.00000
18.99902, 69.00000
38.49902, 69.00000
20.49902, 68.00000
26.99902, 67.00000
46.49902, 64.00000
52.99902, 61.00000
24.49902, 69.00000
30.99902, 69.00000
0.00000, 50.00000
0.00000, 62.00000
0.00000, 66.00000
0.00000, 69.00000
28.49902, 64.00000
34.99902, 69.00000
54.49902, 62.00000
60.99902, 61.00000
36.49902, 68.00000
42.99902, 67.00000
62.49902, 64.00000
40.49902, 69.00000
44.49902, 66.00000
50.99902, 59.00000
22.49902, 69.00000
54.99902, 62.00000
72.99902, 69.00000
88.99902, 69.00000
72.49902, 71.00000
104.99902, 69.00000
88.49902, 69.00000
120.99902, 69.00000
104.49902, 69.00000
136.99902, 69.00000
120.49902, 69.00000
136.49902, 69.00000
134.99902, 69.00000
132.99902, 73.00000
112.00000, 55.00000
112.00000, 67.00000
112.00000, 71.00000
112.00000, 74.00000
19.50000, 68.00000
47.50000, 62.00000
75.50000, 71.00000
103.50000, 71.00000
26.00000, 47.00000
26.00000, 67.00000
26.00000, 71.00000
26.00000, 74.00000
131.50000, 74.00000
45.50000, 66.00000
52.00000, 47.00000
52.00000, 59.00000
52.00000, 62.00000
52.00000, 66.00000
15.50000, 69.00000
43.50000, 67.00000
127.50000, 64.00000
134.00000, 71.00000
41.50000, 69.00000
69.50000, 40.00000
69.50000, 69.00000
69.50000, 73.00000
69.50000, 76.00000
125.50000, 66.00000
48.00000, 47.00000
48.00000, 59.00000
48.00000, 62.00000
48.00000, 66.00000
104.00000, 50.00000
104.00000, 62.00000
104.00000, 66.00000
104.00000, 69.00000
occurrence6
12.00000, 50.00000
12.00000, 62.00000
12.00000, 66.00000
12.00000, 69.00000
68.00000, 42.00000
68.00000, 62.00000
68.00000, 66.00000
68.00000, 69.00000
31.50000, 69.00000
59.50000, 59.00000
87.50000, 71.00000
143.50000, 64.00000
8.00000, 50.00000
8.00000, 62.00000
8.00000, 66.00000
8.00000, 69.00000
141.50000, 66.00000
64.00000, 45.00000
64.00000, 69.00000
64.00000, 73.00000
64.00000, 76.00000
120.00000, 57.00000
120.00000, 69.00000
120.00000, 73.00000
120.00000, 76.00000
27.50000, 66.00000
55.50000, 62.00000
111.50000, 66.00000
139.50000, 71.00000
25.50000, 69.00000
53.50000, 61.00000
4.00000, 50.00000
4.00000, 62.00000
4.00000, 66.00000
4.00000, 69.00000
109.50000, 67.00000
60.00000, 44.00000
60.00000, 64.00000
60.00000, 68.00000
60.00000, 71.00000
23.50000, 69.00000
51.50000, 59.00000
79.50000, 66.00000
107.50000, 71.00000
135.50000, 71.00000
21.50000, 68.00000
77.50000, 67.00000
80.99902, 67.00000
96.99902, 66.00000
80.49902, 67.00000
112.99902, 67.00000
96.49902, 67.00000
128.99902, 62.00000
112.49902, 67.00000
144.99902, 62.00000
128.49902, 64.00000
144.49902, 62.00000
78.99902, 66.00000
94.99902, 69.00000
78.49902, 67.00000
110.99902, 66.00000
94.49902, 71.00000
126.99902, 64.00000
110.49902, 67.00000
142.99902, 66.00000
126.49902, 66.00000
142.49902, 66.00000
76.99902, 69.00000
92.99902, 69.00000
76.49902, 71.00000
108.99902, 69.00000
92.49902, 71.00000
124.99902, 69.00000
108.49902, 71.00000
140.99902, 69.00000
124.49902, 71.00000
52.49902, 61.00000
58.99902, 59.00000
140.49902, 71.00000
62.99902, 66.00000
14.99902, 69.00000
60.49902, 61.00000
18.99902, 69.00000
38.49902, 69.00000
20.49902, 68.00000
26.99902, 67.00000
46.49902, 64.00000
52.99902, 61.00000
24.49902, 69.00000
30.99902, 69.00000
0.00000, 50.00000
0.00000, 62.00000
0.00000, 66.00000
0.00000, 69.00000
28.49902, 64.00000
34.99902, 69.00000
54.49902, 62.00000
60.99902, 61.00000
36.49902, 68.00000
42.99902, 67.00000
62.49902, 64.00000
40.49902, 69.00000
44.49902, 66.00000
50.99902, 59.00000
22.49902, 69.00000
54.99902, 62.00000
72.99902, 69.00000
88.99902, 69.00000
72.49902, 71.00000
104.99902, 69.00000
88.49902, 69.00000
120.99902, 69.00000
104.49902, 69.00000
136.99902, 69.00000
120.49902, 69.00000
136.49902, 69.00000
134.99902, 69.00000
132.99902, 73.00000
112.00000, 55.00000
112.00000, 67.00000
112.00000, 71.00000
112.00000, 74.00000
19.50000, 68.00000
47.50000, 62.00000
75.50000, 71.00000
103.50000, 71.00000
26.00000, 47.00000
26.00000, 67.00000
26.00000, 71.00000
26.00000, 74.00000
131.50000, 74.00000
45.50000, 66.00000
52.00000, 47.00000
52.00000, 59.00000
52.00000, 62.00000
52.00000, 66.00000
15.50000, 69.00000
43.50000, 67.00000
127.50000, 64.00000
134.00000, 71.00000
41.50000, 69.00000
69.50000, 40.00000
69.50000, 69.00000
69.50000, 73.00000
69.50000, 76.00000
125.50000, 66.00000
48.00000, 47.00000
48.00000, 59.00000
48.00000, 62.00000
48.00000, 66.00000
104.00000, 50.00000
104.00000, 62.00000
104.00000, 66.00000
104.00000, 69.00000
occurrence7
12.00000, 50.00000
12.00000, 62.00000
12.00000, 66.00000
12.00000, 69.00000
68.00000, 42.00000
68.00000, 62.00000
68.00000, 66.00000
68.00000, 69.00000
31.50000, 69.00000
59.50000, 59.00000
87.50000, 71.00000
143.50000, 64.00000
8.00000, 50.00000
8.00000, 62.00000
8.00000, 66.00000
8.00000, 69.00000
141.50000, 66.00000
64.00000, 45.00000
64.00000, 69.00000
64.00000, 73.00000
64.00000, 76.00000
120.00000, 57.00000
120.00000, 69.00000
120.00000, 73.00000
120.00000, 76.00000
27.50000, 66.00000
55.50000, 62.00000
111.50000, 66.00000
139.50000, 71.00000
25.50000, 69.00000
53.50000, 61.00000
4.00000, 50.00000
4.00000, 62.00000
4.00000, 66.00000
4.00000, 69.00000
109.50000, 67.00000
60.00000, 44.00000
60.00000, 64.00000
60.00000, 68.00000
60.00000, 71.00000
23.50000, 69.00000
51.50000, 59.00000
79.50000, 66.00000
107.50000, 71.00000
135.50000, 71.00000
21.50000, 68.00000
77.50000, 67.00000
80.99902, 67.00000
96.99902, 66.00000
80.49902, 67.00000
112.99902, 67.00000
96.49902, 67.00000
128.99902, 62.00000
112.49902, 67.00000
144.99902, 62.00000
128.49902, 64.00000
144.49902, 62.00000
78.99902, 66.00000
94.99902, 69.00000
78.49902, 67.00000
110.99902, 66.00000
94.49902, 71.00000
126.99902, 64.00000
110.49902, 67.00000
142.99902, 66.00000
126.49902, 66.00000
142.49902, 66.00000
76.99902, 69.00000
92.99902, 69.00000
76.49902, 71.00000
108.99902, 69.00000
92.49902, 71.00000
124.99902, 69.00000
108.49902, 71.00000
140.99902, 69.00000
124.49902, 71.00000
52.49902, 61.00000
58.99902, 59.00000
140.49902, 71.00000
62.99902, 66.00000
14.99902, 69.00000
60.49902, 61.00000
18.99902, 69.00000
38.49902, 69.00000
20.49902, 68.00000
26.99902, 67.00000
46.49902, 64.00000
52.99902, 61.00000
24.49902, 69.00000
30.99902, 69.00000
0.00000, 50.00000
0.00000, 62.00000
0.00000, 66.00000
0.00000, 69.00000
28.49902, 64.00000
34.99902, 69.00000
54.49902, 62.00000
60.99902, 61.00000
36.49902, 68.00000
42.99902, 67.00000
62.49902, 64.00000
40.49902, 69.00000
44.49902, 66.00000
50.99902, 59.00000
22.49902, 69.00000
54.99902, 62.00000
72.99902, 69.00000
88.99902, 69.00000
72.49902, 71.00000
104.99902, 69.00000
88.49902, 69.00000
120.99902, 69.00000
104.49902, 69.00000
136.99902, 69.00000
120.49902, 69.00000
136.49902, 69.00000
134.99902, 69.00000
132.99902, 73.00000
112.00000, 55.00000
112.00000, 67.00000
112.00000, 71.00000
112.00000, 74.00000
19.50000, 68.00000
47.50000, 62.00000
75.50000, 71.00000
103.50000, 71.00000
26.00000, 47.00000
26.00000, 67.00000
26.00000, 71.00000
26.00000, 74.00000
131.50000, 74.00000
45.50000, 66.00000
52.00000, 47.00000
52.00000, 59.00000
52.00000, 62.00000
52.00000, 66.00000
15.50000, 69.00000
43.50000, 67.00000
127.50000, 64.00000
134.00000, 71.00000
41.50000, 69.00000
69.50000, 40.00000
69.50000, 69.00000
69.50000, 73.00000
69.50000, 76.00000
125.50000, 66.00000
48.00000, 47.00000
48.00000, 59.00000
48.00000, 62.00000
48.00000, 66.00000
104.00000, 50.00000
104.00000, 62.00000
104.00000, 66.00000
104.00000, 69.00000
occurrence8
8.00000, 50.00000
8.00000, 62.00000
8.00000, 66.00000
8.00000, 69.00000
141.50000, 66.00000
64.00000, 45.00000
64.00000, 69.00000
64.00000, 73.00000
64.00000, 76.00000
120.00000, 57.00000
120.00000, 69.00000
120.00000, 73.00000
120.00000, 76.00000
27.50000, 66.00000
55.50000, 62.00000
111.50000, 66.00000
139.50000, 71.00000
25.50000, 69.00000
53.50000, 61.00000
4.00000, 50.00000
4.00000, 62.00000
4.00000, 66.00000
4.00000, 69.00000
109.50000, 67.00000
60.00000, 44.00000
60.00000, 64.00000
60.00000, 68.00000
60.00000, 71.00000
23.50000, 69.00000
51.50000, 59.00000
79.50000, 66.00000
107.50000, 71.00000
135.50000, 71.00000
21.50000, 68.00000
77.50000, 67.00000
80.99902, 67.00000
96.99902, 66.00000
80.49902, 67.00000
112.99902, 67.00000
96.49902, 67.00000
128.99902, 62.00000
112.49902, 67.00000
144.99902, 62.00000
128.49902, 64.00000
144.49902, 62.00000
78.99902, 66.00000
94.99902, 69.00000
78.49902, 67.00000
110.99902, 66.00000
94.49902, 71.00000
126.99902, 64.00000
110.49902, 67.00000
142.99902, 66.00000
126.49902, 66.00000
142.49902, 66.00000
76.99902, 69.00000
92.99902, 69.00000
76.49902, 71.00000
108.99902, 69.00000
92.49902, 71.00000
124.99902, 69.00000
108.49902, 71.00000
140.99902, 69.00000
124.49902, 71.00000
52.49902, 61.00000
58.99902, 59.00000
140.49902, 71.00000
62.99902, 66.00000
14.99902, 69.00000
60.49902, 61.00000
18.99902, 69.00000
38.49902, 69.00000
20.49902, 68.00000
26.99902, 67.00000
46.49902, 64.00000
52.99902, 61.00000
24.49902, 69.00000
30.99902, 69.00000
0.00000, 50.00000
0.00000, 62.00000
0.00000, 66.00000
0.00000, 69.00000
28.49902, 64.00000
34.99902, 69.00000
54.49902, 62.00000
60.99902, 61.00000
36.49902, 68.00000
42.99902, 67.00000
62.49902, 64.00000
40.49902, 69.00000
44.49902, 66.00000
50.99902, 59.00000
22.49902, 69.00000
54.99902, 62.00000
72.99902, 69.00000
88.99902, 69.00000
72.49902, 71.00000
104.99902, 69.00000
88.49902, 69.00000
120.99902, 69.00000
104.49902, 69.00000
136.99902, 69.00000
120.49902, 69.00000
136.49902, 69.00000
134.99902, 69.00000
132.99902, 73.00000
112.00000, 55.00000
112.00000, 67.00000
112.00000, 71.00000
112.00000, 74.00000
19.50000, 68.00000
47.50000, 62.00000
75.50000, 71.00000
103.50000, 71.00000
26.00000, 47.00000
26.00000, 67.00000
26.00000, 71.00000
26.00000, 74.00000
131.50000, 74.00000
45.50000, 66.00000
52.00000, 47.00000
52.00000, 59.00000
52.00000, 62.00000
52.00000, 66.00000
15.50000, 69.00000
43.50000, 67.00000
127.50000, 64.00000
134.00000, 71.00000
41.50000, 69.00000
69.50000, 40.00000
69.50000, 69.00000
69.50000, 73.00000
69.50000, 76.00000
125.50000, 66.00000
48.00000, 47.00000
48.00000, 59.00000
48.00000, 62.00000
48.00000, 66.00000
104.00000, 50.00000
104.00000, 62.00000
104.00000, 66.00000
104.00000, 69.00000
39.50000, 69.00000
95.50000, 67.00000
123.50000, 71.00000
37.50000, 68.00000
65.50000, 43.00000
65.50000, 67.00000
65.50000, 71.00000
65.50000, 74.00000
93.50000, 71.00000
44.00000, 45.00000
44.00000, 66.00000
44.00000, 69.00000
44.00000, 73.00000
100.00000, 57.00000
100.00000, 69.00000
100.00000, 73.00000
100.00000, 76.00000
occurrence9
4.00000, 50.00000
4.00000, 62.00000
4.00000, 66.00000
4.00000, 69.00000
109.50000, 67.00000
60.00000, 44.00000
60.00000, 64.00000
60.00000, 68.00000
60.00000, 71.00000
23.50000, 69.00000
51.50000, 59.00000
79.50000, 66.00000
107.50000, 71.00000
135.50000, 71.00000
21.50000, 68.00000
77.50000, 67.00000
80.99902, 67.00000
96.99902, 66.00000
80.49902, 67.00000
112.99902, 67.00000
96.49902, 67.00000
128.99902, 62.00000
112.49902, 67.00000
144.99902, 62.00000
128.49902, 64.00000
144.49902, 62.00000
78.99902, 66.00000
94.99902, 69.00000
78.49902, 67.00000
110.99902, 66.00000
94.49902, 71.00000
126.99902, 64.00000
110.49902, 67.00000
142.99902, 66.00000
126.49902, 66.00000
142.49902, 66.00000
76.99902, 69.00000
92.99902, 69.00000
76.49902, 71.00000
108.99902, 69.00000
92.49902, 71.00000
124.99902, 69.00000
108.49902, 71.00000
140.99902, 69.00000
124.49902, 71.00000
52.49902, 61.00000
58.99902, 59.00000
140.49902, 71.00000
62.99902, 66.00000
14.99902, 69.00000
60.49902, 61.00000
18.99902, 69.00000
38.49902, 69.00000
20.49902, 68.00000
26.99902, 67.00000
46.49902, 64.00000
52.99902, 61.00000
24.49902, 69.00000
30.99902, 69.00000
0.00000, 50.00000
0.00000, 62.00000
0.00000, 66.00000
0.00000, 69.00000
28.49902, 64.00000
34.99902, 69.00000
54.49902, 62.00000
60.99902, 61.00000
36.49902, 68.00000
42.99902, 67.00000
62.49902, 64.00000
40.49902, 69.00000
44.49902, 66.00000
50.99902, 59.00000
22.49902, 69.00000
54.99902, 62.00000
72.99902, 69.00000
88.99902, 69.00000
72.49902, 71.00000
104.99902, 69.00000
88.49902, 69.00000
120.99902, 69.00000
104.49902, 69.00000
136.99902, 69.00000
120.49902, 69.00000
136.49902, 69.00000
134.99902, 69.00000
132.99902, 73.00000
112.00000, 55.00000
112.00000, 67.00000
112.00000, 71.00000
112.00000, 74.00000
19.50000, 68.00000
47.50000, 62.00000
75.50000, 71.00000
103.50000, 71.00000
26.00000, 47.00000
26.00000, 67.00000
26.00000, 71.00000
26.00000, 74.00000
131.50000, 74.00000
45.50000, 66.00000
52.00000, 47.00000
52.00000, 59.00000
52.00000, 62.00000
52.00000, 66.00000
15.50000, 69.00000
43.50000, 67.00000
127.50000, 64.00000
134.00000, 71.00000
41.50000, 69.00000
69.50000, 40.00000
69.50000, 69.00000
69.50000, 73.00000
69.50000, 76.00000
125.50000, 66.00000
48.00000, 47.00000
48.00000, 59.00000
48.00000, 62.00000
48.00000, 66.00000
104.00000, 50.00000
104.00000, 62.00000
104.00000, 66.00000
104.00000, 69.00000
39.50000, 69.00000
95.50000, 67.00000
123.50000, 71.00000
37.50000, 68.00000
65.50000, 43.00000
65.50000, 67.00000
65.50000, 71.00000
65.50000, 74.00000
93.50000, 71.00000
44.00000, 45.00000
44.00000, 66.00000
44.00000, 69.00000
44.00000, 73.00000
100.00000, 57.00000
100.00000, 69.00000
100.00000, 73.00000
100.00000, 76.00000
35.50000, 68.00000
91.50000, 71.00000
40.00000, 49.00000
40.00000, 69.00000
40.00000, 73.00000
40.00000, 76.00000
96.00000, 50.00000
96.00000, 62.00000
96.00000, 66.00000
96.00000, 69.00000
occurrence10
4.00000, 50.00000
4.00000, 62.00000
4.00000, 66.00000
4.00000, 69.00000
109.50000, 67.00000
60.00000, 44.00000
60.00000, 64.00000
60.00000, 68.00000
60.00000, 71.00000
23.50000, 69.00000
51.50000, 59.00000
79.50000, 66.00000
107.50000, 71.00000
135.50000, 71.00000
21.50000, 68.00000
77.50000, 67.00000
80.99902, 67.00000
96.99902, 66.00000
80.49902, 67.00000
112.99902, 67.00000
96.49902, 67.00000
128.99902, 62.00000
112.49902, 67.00000
144.99902, 62.00000
128.49902, 64.00000
144.49902, 62.00000
78.99902, 66.00000
94.99902, 69.00000
78.49902, 67.00000
110.99902, 66.00000
94.49902, 71.00000
126.99902, 64.00000
110.49902, 67.00000
142.99902, 66.00000
126.49902, 66.00000
142.49902, 66.00000
76.99902, 69.00000
92.99902, 69.00000
76.49902, 71.00000
108.99902, 69.00000
92.49902, 71.00000
124.99902, 69.00000
108.49902, 71.00000
140.99902, 69.00000
124.49902, 71.00000
52.49902, 61.00000
58.99902, 59.00000
140.49902, 71.00000
62.99902, 66.00000
14.99902, 69.00000
60.49902, 61.00000
18.99902, 69.00000
38.49902, 69.00000
20.49902, 68.00000
26.99902, 67.00000
46.49902, 64.00000
52.99902, 61.00000
24.49902, 69.00000
30.99902, 69.00000
0.00000, 50.00000
0.00000, 62.00000
0.00000, 66.00000
0.00000, 69.00000
28.49902, 64.00000
34.99902, 69.00000
54.49902, 62.00000
60.99902, 61.00000
36.49902, 68.00000
42.99902, 67.00000
62.49902, 64.00000
40.49902, 69.00000
44.49902, 66.00000
50.99902, 59.00000
22.49902, 69.00000
54.99902, 62.00000
72.99902, 69.00000
88.99902, 69.00000
72.49902, 71.00000
104.99902, 69.00000
88.49902, 69.00000
120.99902, 69.00000
104.49902, 69.00000
136.99902, 69.00000
120.49902, 69.00000
136.49902, 69.00000
134.99902, 69.00000
132.99902, 73.00000
112.00000, 55.00000
112.00000, 67.00000
112.00000, 71.00000
112.00000, 74.00000
19.50000, 68.00000
47.50000, 62.00000
75.50000, 71.00000
103.50000, 71.00000
26.00000, 47.00000
26.00000, 67.00000
26.00000, 71.00000
26.00000, 74.00000
131.50000, 74.00000
45.50000, 66.00000
52.00000, 47.00000
52.00000, 59.00000
52.00000, 62.00000
52.00000, 66.00000
15.50000, 69.00000
43.50000, 67.00000
127.50000, 64.00000
134.00000, 71.00000
41.50000, 69.00000
69.50000, 40.00000
69.50000, 69.00000
69.50000, 73.00000
69.50000, 76.00000
125.50000, 66.00000
48.00000, 47.00000
48.00000, 59.00000
48.00000, 62.00000
48.00000, 66.00000
104.00000, 50.00000
104.00000, 62.00000
104.00000, 66.00000
104.00000, 69.00000
39.50000, 69.00000
95.50000, 67.00000
123.50000, 71.00000
37.50000, 68.00000
65.50000, 43.00000
65.50000, 67.00000
65.50000, 71.00000
65.50000, 74.00000
93.50000, 71.00000
44.00000, 45.00000
44.00000, 66.00000
44.00000, 69.00000
44.00000, 73.00000
100.00000, 57.00000
100.00000, 69.00000
100.00000, 73.00000
100.00000, 76.00000
35.50000, 68.00000
91.50000, 71.00000
40.00000, 49.00000
40.00000, 69.00000
40.00000, 73.00000
40.00000, 76.00000
96.00000, 50.00000
96.00000, 62.00000
96.00000, 66.00000
96.00000, 69.00000
occurrence11
4.00000, 50.00000
4.00000, 62.00000
4.00000, 66.00000
4.00000, 69.00000
109.50000, 67.00000
60.00000, 44.00000
60.00000, 64.00000
60.00000, 68.00000
60.00000, 71.00000
23.50000, 69.00000
51.50000, 59.00000
79.50000, 66.00000
107.50000, 71.00000
135.50000, 71.00000
21.50000, 68.00000
77.50000, 67.00000
80.99902, 67.00000
96.99902, 66.00000
80.49902, 67.00000
112.99902, 67.00000
96.49902, 67.00000
128.99902, 62.00000
112.49902, 67.00000
144.99902, 62.00000
128.49902, 64.00000
144.49902, 62.00000
78.99902, 66.00000
94.99902, 69.00000
78.49902, 67.00000
110.99902, 66.00000
94.49902, 71.00000
126.99902, 64.00000
110.49902, 67.00000
142.99902, 66.00000
126.49902, 66.00000
142.49902, 66.00000
76.99902, 69.00000
92.99902, 69.00000
76.49902, 71.00000
108.99902, 69.00000
92.49902, 71.00000
124.99902, 69.00000
108.49902, 71.00000
140.99902, 69.00000
124.49902, 71.00000
52.49902, 61.00000
58.99902, 59.00000
140.49902, 71.00000
62.99902, 66.00000
14.99902, 69.00000
60.49902, 61.00000
18.99902, 69.00000
38.49902, 69.00000
20.49902, 68.00000
26.99902, 67.00000
46.49902, 64.00000
52.99902, 61.00000
24.49902, 69.00000
30.99902, 69.00000
0.00000, 50.00000
0.00000, 62.00000
0.00000, 66.00000
0.00000, 69.00000
28.49902, 64.00000
34.99902, 69.00000
54.49902, 62.00000
60.99902, 61.00000
36.49902, 68.00000
42.99902, 67.00000
62.49902, 64.00000
40.49902, 69.00000
44.49902, 66.00000
50.99902, 59.00000
22.49902, 69.00000
54.99902, 62.00000
72.99902, 69.00000
88.99902, 69.00000
72.49902, 71.00000
104.99902, 69.00000
88.49902, 69.00000
120.99902, 69.00000
104.49902, 69.00000
136.99902, 69.00000
120.49902, 69.00000
136.49902, 69.00000
134.99902, 69.00000
132.99902, 73.00000
112.00000, 55.00000
112.00000, 67.00000
112.00000, 71.00000
112.00000, 74.00000
19.50000, 68.00000
47.50000, 62.00000
75.50000, 71.00000
103.50000, 71.00000
26.00000, 47.00000
26.00000, 67.00000
26.00000, 71.00000
26.00000, 74.00000
131.50000, 74.00000
45.50000, 66.00000
52.00000, 47.00000
52.00000, 59.00000
52.00000, 62.00000
52.00000, 66.00000
15.50000, 69.00000
43.50000, 67.00000
127.50000, 64.00000
134.00000, 71.00000
41.50000, 69.00000
69.50000, 40.00000
69.50000, 69.00000
69.50000, 73.00000
69.50000, 76.00000
125.50000, 66.00000
48.00000, 47.00000
48.00000, 59.00000
48.00000, 62.00000
48.00000, 66.00000
104.00000, 50.00000
104.00000, 62.00000
104.00000, 66.00000
104.00000, 69.00000
39.50000, 69.00000
95.50000, 67.00000
123.50000, 71.00000
37.50000, 68.00000
65.50000, 43.00000
65.50000, 67.00000
65.50000, 71.00000
65.50000, 74.00000
93.50000, 71.00000
44.00000, 45.00000
44.00000, 66.00000
44.00000, 69.00000
44.00000, 73.00000
100.00000, 57.00000
100.00000, 69.00000
100.00000, 73.00000
100.00000, 76.00000
35.50000, 68.00000
91.50000, 71.00000
40.00000, 49.00000
40.00000, 69.00000
40.00000, 73.00000
40.00000, 76.00000
96.00000, 50.00000
96.00000, 62.00000
96.00000, 66.00000
96.00000, 69.00000
occurrence12
4.00000, 50.00000
4.00000, 62.00000
4.00000, 66.00000
4.00000, 69.00000
109.50000, 67.00000
60.00000, 44.00000
60.00000, 64.00000
60.00000, 68.00000
60.00000, 71.00000
23.50000, 69.00000
51.50000, 59.00000
79.50000, 66.00000
107.50000, 71.00000
135.50000, 71.00000
21.50000, 68.00000
77.50000, 67.00000
80.99902, 67.00000
96.99902, 66.00000
80.49902, 67.00000
112.99902, 67.00000
96.49902, 67.00000
128.99902, 62.00000
112.49902, 67.00000
144.99902, 62.00000
128.49902, 64.00000
144.49902, 62.00000
78.99902, 66.00000
94.99902, 69.00000
78.49902, 67.00000
110.99902, 66.00000
94.49902, 71.00000
126.99902, 64.00000
110.49902, 67.00000
142.99902, 66.00000
126.49902, 66.00000
142.49902, 66.00000
76.99902, 69.00000
92.99902, 69.00000
76.49902, 71.00000
108.99902, 69.00000
92.49902, 71.00000
124.99902, 69.00000
108.49902, 71.00000
140.99902, 69.00000
124.49902, 71.00000
52.49902, 61.00000
58.99902, 59.00000
140.49902, 71.00000
62.99902, 66.00000
14.99902, 69.00000
60.49902, 61.00000
18.99902, 69.00000
38.49902, 69.00000
20.49902, 68.00000
26.99902, 67.00000
46.49902, 64.00000
52.99902, 61.00000
24.49902, 69.00000
30.99902, 69.00000
0.00000, 50.00000
0.00000, 62.00000
0.00000, 66.00000
0.00000, 69.00000
28.49902, 64.00000
34.99902, 69.00000
54.49902, 62.00000
60.99902, 61.00000
36.49902, 68.00000
42.99902, 67.00000
62.49902, 64.00000
40.49902, 69.00000
44.49902, 66.00000
50.99902, 59.00000
22.49902, 69.00000
54.99902, 62.00000
72.99902, 69.00000
88.99902, 69.00000
72.49902, 71.00000
104.99902, 69.00000
88.49902, 69.00000
120.99902, 69.00000
104.49902, 69.00000
136.99902, 69.00000
120.49902, 69.00000
136.49902, 69.00000
134.99902, 69.00000
132.99902, 73.00000
112.00000, 55.00000
112.00000, 67.00000
112.00000, 71.00000
112.00000, 74.00000
19.50000, 68.00000
47.50000, 62.00000
75.50000, 71.00000
103.50000, 71.00000
26.00000, 47.00000
26.00000, 67.00000
26.00000, 71.00000
26.00000, 74.00000
131.50000, 74.00000
45.50000, 66.00000
52.00000, 47.00000
52.00000, 59.00000
52.00000, 62.00000
52.00000, 66.00000
15.50000, 69.00000
43.50000, 67.00000
127.50000, 64.00000
134.00000, 71.00000
41.50000, 69.00000
69.50000, 40.00000
69.50000, 69.00000
69.50000, 73.00000
69.50000, 76.00000
125.50000, 66.00000
48.00000, 47.00000
48.00000, 59.00000
48.00000, 62.00000
48.00000, 66.00000
104.00000, 50.00000
104.00000, 62.00000
104.00000, 66.00000
104.00000, 69.00000
39.50000, 69.00000
95.50000, 67.00000
123.50000, 71.00000
37.50000, 68.00000
65.50000, 43.00000
65.50000, 67.00000
65.50000, 71.00000
65.50000, 74.00000
93.50000, 71.00000
44.00000, 45.00000
44.00000, 66.00000
44.00000, 69.00000
44.00000, 73.00000
100.00000, 57.00000
100.00000, 69.00000
100.00000, 73.00000
100.00000, 76.00000
35.50000, 68.00000
91.50000, 71.00000
40.00000, 49.00000
40.00000, 69.00000
40.00000, 73.00000
40.00000, 76.00000
96.00000, 50.00000
96.00000, 62.00000
96.00000, 66.00000
96.00000, 69.00000
occurrence13
52.00000, 47.00000
52.00000, 59.00000
52.00000, 62.00000
52.00000, 66.00000
15.50000, 69.00000
43.50000, 67.00000
127.50000, 64.00000
134.00000, 71.00000
41.50000, 69.00000
69.50000, 40.00000
69.50000, 69.00000
69.50000, 73.00000
69.50000, 76.00000
125.50000, 66.00000
48.00000, 47.00000
48.00000, 59.00000
48.00000, 62.00000
48.00000, 66.00000
104.00000, 50.00000
104.00000, 62.00000
104.00000, 66.00000
104.00000, 69.00000
39.50000, 69.00000
95.50000, 67.00000
123.50000, 71.00000
37.50000, 68.00000
65.50000, 43.00000
65.50000, 67.00000
65.50000, 71.00000
65.50000, 74.00000
93.50000, 71.00000
44.00000, 45.00000
44.00000, 66.00000
44.00000, 69.00000
44.00000, 73.00000
100.00000, 57.00000
100.00000, 69.00000
100.00000, 73.00000
100.00000, 76.00000
35.50000, 68.00000
91.50000, 71.00000
40.00000, 49.00000
40.00000, 69.00000
40.00000, 73.00000
40.00000, 76.00000
96.00000, 50.00000
96.00000, 62.00000
96.00000, 66.00000
96.00000, 69.00000
36.00000, 50.00000
36.00000, 64.00000
36.00000, 68.00000
36.00000, 71.00000
32.00000, 50.00000
32.00000, 62.00000
32.00000, 66.00000
32.00000, 69.00000
88.00000, 57.00000
88.00000, 69.00000
88.00000, 73.00000
88.00000, 76.00000
144.00000, 50.00000
144.00000, 62.00000
144.00000, 66.00000
144.00000, 69.00000
occurrence14
52.00000, 47.00000
52.00000, 59.00000
52.00000, 62.00000
52.00000, 66.00000
15.50000, 69.00000
43.50000, 67.00000
127.50000, 64.00000
134.00000, 71.00000
41.50000, 69.00000
69.50000, 40.00000
69.50000, 69.00000
69.50000, 73.00000
69.50000, 76.00000
125.50000, 66.00000
48.00000, 47.00000
48.00000, 59.00000
48.00000, 62.00000
48.00000, 66.00000
104.00000, 50.00000
104.00000, 62.00000
104.00000, 66.00000
104.00000, 69.00000
39.50000, 69.00000
95.50000, 67.00000
123.50000, 71.00000
37.50000, 68.00000
65.50000, 43.00000
65.50000, 67.00000
65.50000, 71.00000
65.50000, 74.00000
93.50000, 71.00000
44.00000, 45.00000
44.00000, 66.00000
44.00000, 69.00000
44.00000, 73.00000
100.00000, 57.00000
100.00000, 69.00000
100.00000, 73.00000
100.00000, 76.00000
35.50000, 68.00000
91.50000, 71.00000
40.00000, 49.00000
40.00000, 69.00000
40.00000, 73.00000
40.00000, 76.00000
96.00000, 50.00000
96.00000, 62.00000
96.00000, 66.00000
96.00000, 69.00000
36.00000, 50.00000
36.00000, 64.00000
36.00000, 68.00000
36.00000, 71.00000
32.00000, 50.00000
32.00000, 62.00000
32.00000, 66.00000
32.00000, 69.00000
88.00000, 57.00000
88.00000, 69.00000
88.00000, 73.00000
88.00000, 76.00000
144.00000, 50.00000
144.00000, 62.00000
144.00000, 66.00000
144.00000, 69.00000
pattern3
occurrence1
80.00000, 55.00000
80.00000, 67.00000
80.00000, 71.00000
80.00000, 74.00000
136.00000, 57.00000
136.00000, 69.00000
136.00000, 73.00000
136.00000, 76.00000
20.00000, 50.00000
20.00000, 64.00000
20.00000, 68.00000
20.00000, 71.00000
46.00000, 45.00000
46.00000, 69.00000
46.00000, 73.00000
46.00000, 76.00000
59.00000, 45.00000
59.00000, 59.00000
59.00000, 62.00000
59.00000, 66.00000
16.00000, 50.00000
16.00000, 62.00000
16.00000, 64.00000
16.00000, 66.00000
16.00000, 69.00000
72.00000, 50.00000
72.00000, 60.00000
72.00000, 62.00000
72.00000, 66.00000
72.00000, 69.00000
72.00000, 71.00000
128.00000, 50.00000
128.00000, 62.00000
128.00000, 66.00000
128.00000, 69.00000
119.50000, 71.00000
42.00000, 47.00000
42.00000, 67.00000
42.00000, 71.00000
42.00000, 74.00000
61.50000, 62.00000
12.00000, 50.00000
12.00000, 62.00000
12.00000, 66.00000
12.00000, 69.00000
68.00000, 42.00000
68.00000, 62.00000
68.00000, 66.00000
68.00000, 69.00000
31.50000, 69.00000
59.50000, 59.00000
87.50000, 71.00000
143.50000, 64.00000
8.00000, 50.00000
8.00000, 62.00000
8.00000, 66.00000
8.00000, 69.00000
141.50000, 66.00000
64.00000, 45.00000
64.00000, 69.00000
64.00000, 73.00000
64.00000, 76.00000
120.00000, 57.00000
120.00000, 69.00000
120.00000, 73.00000
120.00000, 76.00000
27.50000, 66.00000
55.50000, 62.00000
111.50000, 66.00000
139.50000, 71.00000
25.50000, 69.00000
53.50000, 61.00000
4.00000, 50.00000
4.00000, 62.00000
4.00000, 66.00000
4.00000, 69.00000
109.50000, 67.00000
60.00000, 44.00000
60.00000, 64.00000
60.00000, 68.00000
60.00000, 71.00000
23.50000, 69.00000
51.50000, 59.00000
79.50000, 66.00000
107.50000, 71.00000
135.50000, 71.00000
21.50000, 68.00000
77.50000, 67.00000
80.99902, 67.00000
96.99902, 66.00000
80.49902, 67.00000
112.99902, 67.00000
96.49902, 67.00000
128.99902, 62.00000
112.49902, 67.00000
144.99902, 62.00000
128.49902, 64.00000
144.49902, 62.00000
78.99902, 66.00000
94.99902, 69.00000
78.49902, 67.00000
110.99902, 66.00000
94.49902, 71.00000
126.99902, 64.00000
110.49902, 67.00000
142.99902, 66.00000
126.49902, 66.00000
142.49902, 66.00000
76.99902, 69.00000
92.99902, 69.00000
76.49902, 71.00000
108.99902, 69.00000
92.49902, 71.00000
124.99902, 69.00000
108.49902, 71.00000
140.99902, 69.00000
124.49902, 71.00000
52.49902, 61.00000
58.99902, 59.00000
140.49902, 71.00000
62.99902, 66.00000
14.99902, 69.00000
60.49902, 61.00000
18.99902, 69.00000
38.49902, 69.00000
20.49902, 68.00000
26.99902, 67.00000
46.49902, 64.00000
52.99902, 61.00000
24.49902, 69.00000
30.99902, 69.00000
0.00000, 50.00000
0.00000, 62.00000
0.00000, 66.00000
0.00000, 69.00000
occurrence2
80.00000, 55.00000
80.00000, 67.00000
80.00000, 71.00000
80.00000, 74.00000
136.00000, 57.00000
136.00000, 69.00000
136.00000, 73.00000
136.00000, 76.00000
20.00000, 50.00000
20.00000, 64.00000
20.00000, 68.00000
20.00000, 71.00000
46.00000, 45.00000
46.00000, 69.00000
46.00000, 73.00000
46.00000, 76.00000
59.00000, 45.00000
59.00000, 59.00000
59.00000, 62.00000
59.00000, 66.00000
16.00000, 50.00000
16.00000, 62.00000
16.00000, 64.00000
16.00000, 66.00000
16.00000, 69.00000
72.00000, 50.00000
72.00000, 60.00000
72.00000, 62.00000
72.00000, 66.00000
72.00000, 69.00000
72.00000, 71.00000
128.00000, 50.00000
128.00000, 62.00000
128.00000, 66.00000
128.00000, 69.00000
119.50000, 71.00000
42.00000, 47.00000
42.00000, 67.00000
42.00000, 71.00000
42.00000, 74.00000
61.50000, 62.00000
12.00000, 50.00000
12.00000, 62.00000
12.00000, 66.00000
12.00000, 69.00000
68.00000, 42.00000
68.00000, 62.00000
68.00000, 66.00000
68.00000, 69.00000
31.50000, 69.00000
59.50000, 59.00000
87.50000, 71.00000
143.50000, 64.00000
8.00000, 50.00000
8.00000, 62.00000
8.00000, 66.00000
8.00000, 69.00000
141.50000, 66.00000
64.00000, 45.00000
64.00000, 69.00000
64.00000, 73.00000
64.00000, 76.00000
120.00000, 57.00000
120.00000, 69.00000
120.00000, 73.00000
120.00000, 76.00000
27.50000, 66.00000
55.50000, 62.00000
111.50000, 66.00000
139.50000, 71.00000
25.50000, 69.00000
53.50000, 61.00000
4.00000, 50.00000
4.00000, 62.00000
4.00000, 66.00000
4.00000, 69.00000
109.50000, 67.00000
60.00000, 44.00000
60.00000, 64.00000
60.00000, 68.00000
60.00000, 71.00000
23.50000, 69.00000
51.50000, 59.00000
79.50000, 66.00000
107.50000, 71.00000
135.50000, 71.00000
21.50000, 68.00000
77.50000, 67.00000
80.99902, 67.00000
96.99902, 66.00000
80.49902, 67.00000
112.99902, 67.00000
96.49902, 67.00000
128.99902, 62.00000
112.49902, 67.00000
144.99902, 62.00000
128.49902, 64.00000
144.49902, 62.00000
78.99902, 66.00000
94.99902, 69.00000
78.49902, 67.00000
110.99902, 66.00000
94.49902, 71.00000
126.99902, 64.00000
110.49902, 67.00000
142.99902, 66.00000
126.49902, 66.00000
142.49902, 66.00000
76.99902, 69.00000
92.99902, 69.00000
76.49902, 71.00000
108.99902, 69.00000
92.49902, 71.00000
124.99902, 69.00000
108.49902, 71.00000
140.99902, 69.00000
124.49902, 71.00000
52.49902, 61.00000
58.99902, 59.00000
140.49902, 71.00000
62.99902, 66.00000
14.99902, 69.00000
60.49902, 61.00000
18.99902, 69.00000
38.49902, 69.00000
20.49902, 68.00000
26.99902, 67.00000
46.49902, 64.00000
52.99902, 61.00000
24.49902, 69.00000
30.99902, 69.00000
0.00000, 50.00000
0.00000, 62.00000
0.00000, 66.00000
0.00000, 69.00000
occurrence3
80.00000, 55.00000
80.00000, 67.00000
80.00000, 71.00000
80.00000, 74.00000
136.00000, 57.00000
136.00000, 69.00000
136.00000, 73.00000
136.00000, 76.00000
20.00000, 50.00000
20.00000, 64.00000
20.00000, 68.00000
20.00000, 71.00000
46.00000, 45.00000
46.00000, 69.00000
46.00000, 73.00000
46.00000, 76.00000
59.00000, 45.00000
59.00000, 59.00000
59.00000, 62.00000
59.00000, 66.00000
16.00000, 50.00000
16.00000, 62.00000
16.00000, 64.00000
16.00000, 66.00000
16.00000, 69.00000
72.00000, 50.00000
72.00000, 60.00000
72.00000, 62.00000
72.00000, 66.00000
72.00000, 69.00000
72.00000, 71.00000
128.00000, 50.00000
128.00000, 62.00000
128.00000, 66.00000
128.00000, 69.00000
119.50000, 71.00000
42.00000, 47.00000
42.00000, 67.00000
42.00000, 71.00000
42.00000, 74.00000
61.50000, 62.00000
12.00000, 50.00000
12.00000, 62.00000
12.00000, 66.00000
12.00000, 69.00000
68.00000, 42.00000
68.00000, 62.00000
68.00000, 66.00000
68.00000, 69.00000
31.50000, 69.00000
59.50000, 59.00000
87.50000, 71.00000
143.50000, 64.00000
8.00000, 50.00000
8.00000, 62.00000
8.00000, 66.00000
8.00000, 69.00000
141.50000, 66.00000
64.00000, 45.00000
64.00000, 69.00000
64.00000, 73.00000
64.00000, 76.00000
120.00000, 57.00000
120.00000, 69.00000
120.00000, 73.00000
120.00000, 76.00000
27.50000, 66.00000
55.50000, 62.00000
111.50000, 66.00000
139.50000, 71.00000
25.50000, 69.00000
53.50000, 61.00000
4.00000, 50.00000
4.00000, 62.00000
4.00000, 66.00000
4.00000, 69.00000
109.50000, 67.00000
60.00000, 44.00000
60.00000, 64.00000
60.00000, 68.00000
60.00000, 71.00000
23.50000, 69.00000
51.50000, 59.00000
79.50000, 66.00000
107.50000, 71.00000
135.50000, 71.00000
21.50000, 68.00000
77.50000, 67.00000
80.99902, 67.00000
96.99902, 66.00000
80.49902, 67.00000
112.99902, 67.00000
96.49902, 67.00000
128.99902, 62.00000
112.49902, 67.00000
144.99902, 62.00000
128.49902, 64.00000
144.49902, 62.00000
78.99902, 66.00000
94.99902, 69.00000
78.49902, 67.00000
110.99902, 66.00000
94.49902, 71.00000
126.99902, 64.00000
110.49902, 67.00000
142.99902, 66.00000
126.49902, 66.00000
142.49902, 66.00000
76.99902, 69.00000
92.99902, 69.00000
76.49902, 71.00000
108.99902, 69.00000
92.49902, 71.00000
124.99902, 69.00000
108.49902, 71.00000
140.99902, 69.00000
124.49902, 71.00000
52.49902, 61.00000
58.99902, 59.00000
140.49902, 71.00000
62.99902, 66.00000
14.99902, 69.00000
60.49902, 61.00000
18.99902, 69.00000
38.49902, 69.00000
20.49902, 68.00000
26.99902, 67.00000
46.49902, 64.00000
52.99902, 61.00000
24.49902, 69.00000
30.99902, 69.00000
0.00000, 50.00000
0.00000, 62.00000
0.00000, 66.00000
0.00000, 69.00000
occurrence4
80.00000, 55.00000
80.00000, 67.00000
80.00000, 71.00000
80.00000, 74.00000
136.00000, 57.00000
136.00000, 69.00000
136.00000, 73.00000
136.00000, 76.00000
20.00000, 50.00000
20.00000, 64.00000
20.00000, 68.00000
20.00000, 71.00000
46.00000, 45.00000
46.00000, 69.00000
46.00000, 73.00000
46.00000, 76.00000
59.00000, 45.00000
59.00000, 59.00000
59.00000, 62.00000
59.00000, 66.00000
16.00000, 50.00000
16.00000, 62.00000
16.00000, 64.00000
16.00000, 66.00000
16.00000, 69.00000
72.00000, 50.00000
72.00000, 60.00000
72.00000, 62.00000
72.00000, 66.00000
72.00000, 69.00000
72.00000, 71.00000
128.00000, 50.00000
128.00000, 62.00000
128.00000, 66.00000
128.00000, 69.00000
119.50000, 71.00000
42.00000, 47.00000
42.00000, 67.00000
42.00000, 71.00000
42.00000, 74.00000
61.50000, 62.00000
12.00000, 50.00000
12.00000, 62.00000
12.00000, 66.00000
12.00000, 69.00000
68.00000, 42.00000
68.00000, 62.00000
68.00000, 66.00000
68.00000, 69.00000
31.50000, 69.00000
59.50000, 59.00000
87.50000, 71.00000
143.50000, 64.00000
8.00000, 50.00000
8.00000, 62.00000
8.00000, 66.00000
8.00000, 69.00000
141.50000, 66.00000
64.00000, 45.00000
64.00000, 69.00000
64.00000, 73.00000
64.00000, 76.00000
120.00000, 57.00000
120.00000, 69.00000
120.00000, 73.00000
120.00000, 76.00000
27.50000, 66.00000
55.50000, 62.00000
111.50000, 66.00000
139.50000, 71.00000
25.50000, 69.00000
53.50000, 61.00000
4.00000, 50.00000
4.00000, 62.00000
4.00000, 66.00000
4.00000, 69.00000
109.50000, 67.00000
60.00000, 44.00000
60.00000, 64.00000
60.00000, 68.00000
60.00000, 71.00000
23.50000, 69.00000
51.50000, 59.00000
79.50000, 66.00000
107.50000, 71.00000
135.50000, 71.00000
21.50000, 68.00000
77.50000, 67.00000
80.99902, 67.00000
96.99902, 66.00000
80.49902, 67.00000
112.99902, 67.00000
96.49902, 67.00000
128.99902, 62.00000
112.49902, 67.00000
144.99902, 62.00000
128.49902, 64.00000
144.49902, 62.00000
78.99902, 66.00000
94.99902, 69.00000
78.49902, 67.00000
110.99902, 66.00000
94.49902, 71.00000
126.99902, 64.00000
110.49902, 67.00000
142.99902, 66.00000
126.49902, 66.00000
142.49902, 66.00000
76.99902, 69.00000
92.99902, 69.00000
76.49902, 71.00000
108.99902, 69.00000
92.49902, 71.00000
124.99902, 69.00000
108.49902, 71.00000
140.99902, 69.00000
124.49902, 71.00000
52.49902, 61.00000
58.99902, 59.00000
140.49902, 71.00000
62.99902, 66.00000
14.99902, 69.00000
60.49902, 61.00000
18.99902, 69.00000
38.49902, 69.00000
20.49902, 68.00000
26.99902, 67.00000
46.49902, 64.00000
52.99902, 61.00000
24.49902, 69.00000
30.99902, 69.00000
0.00000, 50.00000
0.00000, 62.00000
0.00000, 66.00000
0.00000, 69.00000
occurrence5
112.00000, 55.00000
112.00000, 67.00000
112.00000, 71.00000
112.00000, 74.00000
19.50000, 68.00000
47.50000, 62.00000
75.50000, 71.00000
103.50000, 71.00000
26.00000, 47.00000
26.00000, 67.00000
26.00000, 71.00000
26.00000, 74.00000
131.50000, 74.00000
45.50000, 66.00000
52.00000, 47.00000
52.00000, 59.00000
52.00000, 62.00000
52.00000, 66.00000
15.50000, 69.00000
43.50000, 67.00000
127.50000, 64.00000
134.00000, 71.00000
41.50000, 69.00000
69.50000, 40.00000
69.50000, 69.00000
69.50000, 73.00000
69.50000, 76.00000
125.50000, 66.00000
48.00000, 47.00000
48.00000, 59.00000
48.00000, 62.00000
48.00000, 66.00000
104.00000, 50.00000
104.00000, 62.00000
104.00000, 66.00000
104.00000, 69.00000
39.50000, 69.00000
95.50000, 67.00000
123.50000, 71.00000
37.50000, 68.00000
65.50000, 43.00000
65.50000, 67.00000
65.50000, 71.00000
65.50000, 74.00000
93.50000, 71.00000
44.00000, 45.00000
44.00000, 66.00000
44.00000, 69.00000
44.00000, 73.00000
100.00000, 57.00000
100.00000, 69.00000
100.00000, 73.00000
100.00000, 76.00000
35.50000, 68.00000
91.50000, 71.00000
40.00000, 49.00000
40.00000, 69.00000
40.00000, 73.00000
40.00000, 76.00000
96.00000, 50.00000
96.00000, 62.00000
96.00000, 66.00000
96.00000, 69.00000
36.00000, 50.00000
36.00000, 64.00000
36.00000, 68.00000
36.00000, 71.00000
32.00000, 50.00000
32.00000, 62.00000
32.00000, 66.00000
32.00000, 69.00000
occurrence6
112.00000, 55.00000
112.00000, 67.00000
112.00000, 71.00000
112.00000, 74.00000
19.50000, 68.00000
47.50000, 62.00000
75.50000, 71.00000
103.50000, 71.00000
26.00000, 47.00000
26.00000, 67.00000
26.00000, 71.00000
26.00000, 74.00000
131.50000, 74.00000
45.50000, 66.00000
52.00000, 47.00000
52.00000, 59.00000
52.00000, 62.00000
52.00000, 66.00000
15.50000, 69.00000
43.50000, 67.00000
127.50000, 64.00000
134.00000, 71.00000
41.50000, 69.00000
69.50000, 40.00000
69.50000, 69.00000
69.50000, 73.00000
69.50000, 76.00000
125.50000, 66.00000
48.00000, 47.00000
48.00000, 59.00000
48.00000, 62.00000
48.00000, 66.00000
104.00000, 50.00000
104.00000, 62.00000
104.00000, 66.00000
104.00000, 69.00000
39.50000, 69.00000
95.50000, 67.00000
123.50000, 71.00000
37.50000, 68.00000
65.50000, 43.00000
65.50000, 67.00000
65.50000, 71.00000
65.50000, 74.00000
93.50000, 71.00000
44.00000, 45.00000
44.00000, 66.00000
44.00000, 69.00000
44.00000, 73.00000
100.00000, 57.00000
100.00000, 69.00000
100.00000, 73.00000
100.00000, 76.00000
35.50000, 68.00000
91.50000, 71.00000
40.00000, 49.00000
40.00000, 69.00000
40.00000, 73.00000
40.00000, 76.00000
96.00000, 50.00000
96.00000, 62.00000
96.00000, 66.00000
96.00000, 69.00000
36.00000, 50.00000
36.00000, 64.00000
36.00000, 68.00000
36.00000, 71.00000
32.00000, 50.00000
32.00000, 62.00000
32.00000, 66.00000
32.00000, 69.00000
occurrence7
112.00000, 55.00000
112.00000, 67.00000
112.00000, 71.00000
112.00000, 74.00000
19.50000, 68.00000
47.50000, 62.00000
75.50000, 71.00000
103.50000, 71.00000
26.00000, 47.00000
26.00000, 67.00000
26.00000, 71.00000
26.00000, 74.00000
131.50000, 74.00000
45.50000, 66.00000
52.00000, 47.00000
52.00000, 59.00000
52.00000, 62.00000
52.00000, 66.00000
15.50000, 69.00000
43.50000, 67.00000
127.50000, 64.00000
134.00000, 71.00000
41.50000, 69.00000
69.50000, 40.00000
69.50000, 69.00000
69.50000, 73.00000
69.50000, 76.00000
125.50000, 66.00000
48.00000, 47.00000
48.00000, 59.00000
48.00000, 62.00000
48.00000, 66.00000
104.00000, 50.00000
104.00000, 62.00000
104.00000, 66.00000
104.00000, 69.00000
39.50000, 69.00000
95.50000, 67.00000
123.50000, 71.00000
37.50000, 68.00000
65.50000, 43.00000
65.50000, 67.00000
65.50000, 71.00000
65.50000, 74.00000
93.50000, 71.00000
44.00000, 45.00000
44.00000, 66.00000
44.00000, 69.00000
44.00000, 73.00000
100.00000, 57.00000
100.00000, 69.00000
100.00000, 73.00000
100.00000, 76.00000
35.50000, 68.00000
91.50000, 71.00000
40.00000, 49.00000
40.00000, 69.00000
40.00000, 73.00000
40.00000, 76.00000
96.00000, 50.00000
96.00000, 62.00000
96.00000, 66.00000
96.00000, 69.00000
36.00000, 50.00000
36.00000, 64.00000
36.00000, 68.00000
36.00000, 71.00000
32.00000, 50.00000
32.00000, 62.00000
32.00000, 66.00000
32.00000, 69.00000
occurrence8
112.00000, 55.00000
112.00000, 67.00000
112.00000, 71.00000
112.00000, 74.00000
19.50000, 68.00000
47.50000, 62.00000
75.50000, 71.00000
103.50000, 71.00000
26.00000, 47.00000
26.00000, 67.00000
26.00000, 71.00000
26.00000, 74.00000
131.50000, 74.00000
45.50000, 66.00000
52.00000, 47.00000
52.00000, 59.00000
52.00000, 62.00000
52.00000, 66.00000
15.50000, 69.00000
43.50000, 67.00000
127.50000, 64.00000
134.00000, 71.00000
41.50000, 69.00000
69.50000, 40.00000
69.50000, 69.00000
69.50000, 73.00000
69.50000, 76.00000
125.50000, 66.00000
48.00000, 47.00000
48.00000, 59.00000
48.00000, 62.00000
48.00000, 66.00000
104.00000, 50.00000
104.00000, 62.00000
104.00000, 66.00000
104.00000, 69.00000
39.50000, 69.00000
95.50000, 67.00000
123.50000, 71.00000
37.50000, 68.00000
65.50000, 43.00000
65.50000, 67.00000
65.50000, 71.00000
65.50000, 74.00000
93.50000, 71.00000
44.00000, 45.00000
44.00000, 66.00000
44.00000, 69.00000
44.00000, 73.00000
100.00000, 57.00000
100.00000, 69.00000
100.00000, 73.00000
100.00000, 76.00000
35.50000, 68.00000
91.50000, 71.00000
40.00000, 49.00000
40.00000, 69.00000
40.00000, 73.00000
40.00000, 76.00000
96.00000, 50.00000
96.00000, 62.00000
96.00000, 66.00000
96.00000, 69.00000
36.00000, 50.00000
36.00000, 64.00000
36.00000, 68.00000
36.00000, 71.00000
32.00000, 50.00000
32.00000, 62.00000
32.00000, 66.00000
32.00000, 69.00000
pattern4
occurrence1
28.00000, 45.00000
28.00000, 69.00000
28.00000, 73.00000
28.00000, 76.00000
24.00000, 49.00000
24.00000, 69.00000
24.00000, 73.00000
24.00000, 76.00000
80.00000, 55.00000
80.00000, 67.00000
80.00000, 71.00000
80.00000, 74.00000
136.00000, 57.00000
136.00000, 69.00000
136.00000, 73.00000
136.00000, 76.00000
20.00000, 50.00000
20.00000, 64.00000
20.00000, 68.00000
20.00000, 71.00000
46.00000, 45.00000
46.00000, 69.00000
46.00000, 73.00000
46.00000, 76.00000
59.00000, 45.00000
59.00000, 59.00000
59.00000, 62.00000
59.00000, 66.00000
16.00000, 50.00000
16.00000, 62.00000
16.00000, 64.00000
16.00000, 66.00000
16.00000, 69.00000
72.00000, 50.00000
72.00000, 60.00000
72.00000, 62.00000
72.00000, 66.00000
72.00000, 69.00000
72.00000, 71.00000
occurrence2
24.00000, 49.00000
24.00000, 69.00000
24.00000, 73.00000
24.00000, 76.00000
80.00000, 55.00000
80.00000, 67.00000
80.00000, 71.00000
80.00000, 74.00000
136.00000, 57.00000
136.00000, 69.00000
136.00000, 73.00000
136.00000, 76.00000
20.00000, 50.00000
20.00000, 64.00000
20.00000, 68.00000
20.00000, 71.00000
46.00000, 45.00000
46.00000, 69.00000
46.00000, 73.00000
46.00000, 76.00000
59.00000, 45.00000
59.00000, 59.00000
59.00000, 62.00000
59.00000, 66.00000
16.00000, 50.00000
16.00000, 62.00000
16.00000, 64.00000
16.00000, 66.00000
16.00000, 69.00000
72.00000, 50.00000
72.00000, 60.00000
72.00000, 62.00000
72.00000, 66.00000
72.00000, 69.00000
72.00000, 71.00000
128.00000, 50.00000
128.00000, 62.00000
128.00000, 66.00000
128.00000, 69.00000
119.50000, 71.00000
42.00000, 47.00000
42.00000, 67.00000
42.00000, 71.00000
42.00000, 74.00000
61.50000, 62.00000
12.00000, 50.00000
12.00000, 62.00000
12.00000, 66.00000
12.00000, 69.00000
68.00000, 42.00000
68.00000, 62.00000
68.00000, 66.00000
68.00000, 69.00000
occurrence3
44.00000, 45.00000
44.00000, 66.00000
44.00000, 69.00000
44.00000, 73.00000
100.00000, 57.00000
100.00000, 69.00000
100.00000, 73.00000
100.00000, 76.00000
35.50000, 68.00000
91.50000, 71.00000
40.00000, 49.00000
40.00000, 69.00000
40.00000, 73.00000
40.00000, 76.00000
96.00000, 50.00000
96.00000, 62.00000
96.00000, 66.00000
96.00000, 69.00000
36.00000, 50.00000
36.00000, 64.00000
36.00000, 68.00000
36.00000, 71.00000
32.00000, 50.00000
32.00000, 62.00000
32.00000, 66.00000
32.00000, 69.00000
88.00000, 57.00000
88.00000, 69.00000
88.00000, 73.00000
88.00000, 76.00000
pattern5
occurrence1
24.00000, 49.00000
24.00000, 69.00000
24.00000, 73.00000
24.00000, 76.00000
80.00000, 55.00000
80.00000, 67.00000
80.00000, 71.00000
80.00000, 74.00000
136.00000, 57.00000
136.00000, 69.00000
136.00000, 73.00000
136.00000, 76.00000
20.00000, 50.00000
20.00000, 64.00000
20.00000, 68.00000
20.00000, 71.00000
occurrence2
24.00000, 49.00000
24.00000, 69.00000
24.00000, 73.00000
24.00000, 76.00000
80.00000, 55.00000
80.00000, 67.00000
80.00000, 71.00000
80.00000, 74.00000
136.00000, 57.00000
136.00000, 69.00000
136.00000, 73.00000
136.00000, 76.00000
20.00000, 50.00000
20.00000, 64.00000
20.00000, 68.00000
20.00000, 71.00000
occurrence3
20.00000, 50.00000
20.00000, 64.00000
20.00000, 68.00000
20.00000, 71.00000
46.00000, 45.00000
46.00000, 69.00000
46.00000, 73.00000
46.00000, 76.00000
59.00000, 45.00000
59.00000, 59.00000
59.00000, 62.00000
59.00000, 66.00000
16.00000, 50.00000
16.00000, 62.00000
16.00000, 64.00000
16.00000, 66.00000
16.00000, 69.00000
occurrence4
20.00000, 50.00000
20.00000, 64.00000
20.00000, 68.00000
20.00000, 71.00000
46.00000, 45.00000
46.00000, 69.00000
46.00000, 73.00000
46.00000, 76.00000
59.00000, 45.00000
59.00000, 59.00000
59.00000, 62.00000
59.00000, 66.00000
16.00000, 50.00000
16.00000, 62.00000
16.00000, 64.00000
16.00000, 66.00000
16.00000, 69.00000
occurrence5
46.00000, 45.00000
46.00000, 69.00000
46.00000, 73.00000
46.00000, 76.00000
59.00000, 45.00000
59.00000, 59.00000
59.00000, 62.00000
59.00000, 66.00000
16.00000, 50.00000
16.00000, 62.00000
16.00000, 64.00000
16.00000, 66.00000
16.00000, 69.00000
72.00000, 50.00000
72.00000, 60.00000
72.00000, 62.00000
72.00000, 66.00000
72.00000, 69.00000
72.00000, 71.00000
128.00000, 50.00000
128.00000, 62.00000
128.00000, 66.00000
128.00000, 69.00000
119.50000, 71.00000
42.00000, 47.00000
42.00000, 67.00000
42.00000, 71.00000
42.00000, 74.00000
occurrence6
46.00000, 45.00000
46.00000, 69.00000
46.00000, 73.00000
46.00000, 76.00000
59.00000, 45.00000
59.00000, 59.00000
59.00000, 62.00000
59.00000, 66.00000
16.00000, 50.00000
16.00000, 62.00000
16.00000, 64.00000
16.00000, 66.00000
16.00000, 69.00000
72.00000, 50.00000
72.00000, 60.00000
72.00000, 62.00000
72.00000, 66.00000
72.00000, 69.00000
72.00000, 71.00000
128.00000, 50.00000
128.00000, 62.00000
128.00000, 66.00000
128.00000, 69.00000
119.50000, 71.00000
42.00000, 47.00000
42.00000, 67.00000
42.00000, 71.00000
42.00000, 74.00000
occurrence7
46.00000, 45.00000
46.00000, 69.00000
46.00000, 73.00000
46.00000, 76.00000
59.00000, 45.00000
59.00000, 59.00000
59.00000, 62.00000
59.00000, 66.00000
16.00000, 50.00000
16.00000, 62.00000
16.00000, 64.00000
16.00000, 66.00000
16.00000, 69.00000
72.00000, 50.00000
72.00000, 60.00000
72.00000, 62.00000
72.00000, 66.00000
72.00000, 69.00000
72.00000, 71.00000
128.00000, 50.00000
128.00000, 62.00000
128.00000, 66.00000
128.00000, 69.00000
119.50000, 71.00000
42.00000, 47.00000
42.00000, 67.00000
42.00000, 71.00000
42.00000, 74.00000
occurrence8
16.00000, 50.00000
16.00000, 62.00000
16.00000, 64.00000
16.00000, 66.00000
16.00000, 69.00000
72.00000, 50.00000
72.00000, 60.00000
72.00000, 62.00000
72.00000, 66.00000
72.00000, 69.00000
72.00000, 71.00000
128.00000, 50.00000
128.00000, 62.00000
128.00000, 66.00000
128.00000, 69.00000
119.50000, 71.00000
42.00000, 47.00000
42.00000, 67.00000
42.00000, 71.00000
42.00000, 74.00000
61.50000, 62.00000
12.00000, 50.00000
12.00000, 62.00000
12.00000, 66.00000
12.00000, 69.00000
occurrence9
72.00000, 50.00000
72.00000, 60.00000
72.00000, 62.00000
72.00000, 66.00000
72.00000, 69.00000
72.00000, 71.00000
128.00000, 50.00000
128.00000, 62.00000
128.00000, 66.00000
128.00000, 69.00000
119.50000, 71.00000
42.00000, 47.00000
42.00000, 67.00000
42.00000, 71.00000
42.00000, 74.00000
61.50000, 62.00000
12.00000, 50.00000
12.00000, 62.00000
12.00000, 66.00000
12.00000, 69.00000
68.00000, 42.00000
68.00000, 62.00000
68.00000, 66.00000
68.00000, 69.00000
occurrence10
64.00000, 45.00000
64.00000, 69.00000
64.00000, 73.00000
64.00000, 76.00000
120.00000, 57.00000
120.00000, 69.00000
120.00000, 73.00000
120.00000, 76.00000
27.50000, 66.00000
55.50000, 62.00000
111.50000, 66.00000
139.50000, 71.00000
25.50000, 69.00000
53.50000, 61.00000
4.00000, 50.00000
4.00000, 62.00000
4.00000, 66.00000
4.00000, 69.00000
109.50000, 67.00000
60.00000, 44.00000
60.00000, 64.00000
60.00000, 68.00000
60.00000, 71.00000
occurrence11
19.50000, 68.00000
47.50000, 62.00000
75.50000, 71.00000
103.50000, 71.00000
26.00000, 47.00000
26.00000, 67.00000
26.00000, 71.00000
26.00000, 74.00000
131.50000, 74.00000
45.50000, 66.00000
52.00000, 47.00000
52.00000, 59.00000
52.00000, 62.00000
52.00000, 66.00000
15.50000, 69.00000
occurrence12
43.50000, 67.00000
127.50000, 64.00000
134.00000, 71.00000
41.50000, 69.00000
69.50000, 40.00000
69.50000, 69.00000
69.50000, 73.00000
69.50000, 76.00000
125.50000, 66.00000
48.00000, 47.00000
48.00000, 59.00000
48.00000, 62.00000
48.00000, 66.00000
104.00000, 50.00000
104.00000, 62.00000
104.00000, 66.00000
104.00000, 69.00000
39.50000, 69.00000
occurrence13
69.50000, 40.00000
69.50000, 69.00000
69.50000, 73.00000
69.50000, 76.00000
125.50000, 66.00000
48.00000, 47.00000
48.00000, 59.00000
48.00000, 62.00000
48.00000, 66.00000
104.00000, 50.00000
104.00000, 62.00000
104.00000, 66.00000
104.00000, 69.00000
39.50000, 69.00000
95.50000, 67.00000
123.50000, 71.00000
37.50000, 68.00000
65.50000, 43.00000
65.50000, 67.00000
65.50000, 71.00000
65.50000, 74.00000
occurrence14
69.50000, 40.00000
69.50000, 69.00000
69.50000, 73.00000
69.50000, 76.00000
125.50000, 66.00000
48.00000, 47.00000
48.00000, 59.00000
48.00000, 62.00000
48.00000, 66.00000
104.00000, 50.00000
104.00000, 62.00000
104.00000, 66.00000
104.00000, 69.00000
39.50000, 69.00000
95.50000, 67.00000
123.50000, 71.00000
37.50000, 68.00000
65.50000, 43.00000
65.50000, 67.00000
65.50000, 71.00000
65.50000, 74.00000
occurrence15
40.00000, 49.00000
40.00000, 69.00000
40.00000, 73.00000
40.00000, 76.00000
96.00000, 50.00000
96.00000, 62.00000
96.00000, 66.00000
96.00000, 69.00000
36.00000, 50.00000
36.00000, 64.00000
36.00000, 68.00000
36.00000, 71.00000
occurrence16
40.00000, 49.00000
40.00000, 69.00000
40.00000, 73.00000
40.00000, 76.00000
96.00000, 50.00000
96.00000, 62.00000
96.00000, 66.00000
96.00000, 69.00000
36.00000, 50.00000
36.00000, 64.00000
36.00000, 68.00000
36.00000, 71.00000
occurrence17
36.00000, 50.00000
36.00000, 64.00000
36.00000, 68.00000
36.00000, 71.00000
32.00000, 50.00000
32.00000, 62.00000
32.00000, 66.00000
32.00000, 69.00000
occurrence18
36.00000, 50.00000
36.00000, 64.00000
36.00000, 68.00000
36.00000, 71.00000
32.00000, 50.00000
32.00000, 62.00000
32.00000, 66.00000
32.00000, 69.00000
pattern6
occurrence1
80.99902, 67.00000
96.99902, 66.00000
80.49902, 67.00000
112.99902, 67.00000
occurrence2
80.49902, 67.00000
112.99902, 67.00000
96.49902, 67.00000
128.99902, 62.00000
112.49902, 67.00000
occurrence3
78.49902, 67.00000
110.99902, 66.00000
94.49902, 71.00000
126.99902, 64.00000
110.49902, 67.00000
occurrence4
110.99902, 66.00000
94.49902, 71.00000
126.99902, 64.00000
110.49902, 67.00000
142.99902, 66.00000
occurrence5
76.99902, 69.00000
92.99902, 69.00000
76.49902, 71.00000
108.99902, 69.00000
occurrence6
92.99902, 69.00000
76.49902, 71.00000
108.99902, 69.00000
92.49902, 71.00000
124.99902, 69.00000
occurrence7
108.49902, 71.00000
140.99902, 69.00000
124.49902, 71.00000
52.49902, 61.00000
58.99902, 59.00000
140.49902, 71.00000
occurrence8
104.99902, 69.00000
88.49902, 69.00000
120.99902, 69.00000
104.49902, 69.00000
136.99902, 69.00000
occurrence9
88.49902, 69.00000
120.99902, 69.00000
104.49902, 69.00000
136.99902, 69.00000
120.49902, 69.00000
occurrence10
104.49902, 69.00000
136.99902, 69.00000
120.49902, 69.00000
136.49902, 69.00000
pattern7
occurrence1
136.00000, 57.00000
136.00000, 69.00000
136.00000, 73.00000
136.00000, 76.00000
20.00000, 50.00000
20.00000, 64.00000
20.00000, 68.00000
20.00000, 71.00000
46.00000, 45.00000
46.00000, 69.00000
46.00000, 73.00000
46.00000, 76.00000
59.00000, 45.00000
59.00000, 59.00000
59.00000, 62.00000
59.00000, 66.00000
16.00000, 50.00000
16.00000, 62.00000
16.00000, 64.00000
16.00000, 66.00000
16.00000, 69.00000
72.00000, 50.00000
72.00000, 60.00000
72.00000, 62.00000
72.00000, 66.00000
72.00000, 69.00000
72.00000, 71.00000
128.00000, 50.00000
128.00000, 62.00000
128.00000, 66.00000
128.00000, 69.00000
119.50000, 71.00000
42.00000, 47.00000
42.00000, 67.00000
42.00000, 71.00000
42.00000, 74.00000
occurrence2
136.00000, 57.00000
136.00000, 69.00000
136.00000, 73.00000
136.00000, 76.00000
20.00000, 50.00000
20.00000, 64.00000
20.00000, 68.00000
20.00000, 71.00000
46.00000, 45.00000
46.00000, 69.00000
46.00000, 73.00000
46.00000, 76.00000
59.00000, 45.00000
59.00000, 59.00000
59.00000, 62.00000
59.00000, 66.00000
16.00000, 50.00000
16.00000, 62.00000
16.00000, 64.00000
16.00000, 66.00000
16.00000, 69.00000
72.00000, 50.00000
72.00000, 60.00000
72.00000, 62.00000
72.00000, 66.00000
72.00000, 69.00000
72.00000, 71.00000
128.00000, 50.00000
128.00000, 62.00000
128.00000, 66.00000
128.00000, 69.00000
119.50000, 71.00000
42.00000, 47.00000
42.00000, 67.00000
42.00000, 71.00000
42.00000, 74.00000
occurrence3
136.00000, 57.00000
136.00000, 69.00000
136.00000, 73.00000
136.00000, 76.00000
20.00000, 50.00000
20.00000, 64.00000
20.00000, 68.00000
20.00000, 71.00000
46.00000, 45.00000
46.00000, 69.00000
46.00000, 73.00000
46.00000, 76.00000
59.00000, 45.00000
59.00000, 59.00000
59.00000, 62.00000
59.00000, 66.00000
16.00000, 50.00000
16.00000, 62.00000
16.00000, 64.00000
16.00000, 66.00000
16.00000, 69.00000
72.00000, 50.00000
72.00000, 60.00000
72.00000, 62.00000
72.00000, 66.00000
72.00000, 69.00000
72.00000, 71.00000
128.00000, 50.00000
128.00000, 62.00000
128.00000, 66.00000
128.00000, 69.00000
119.50000, 71.00000
42.00000, 47.00000
42.00000, 67.00000
42.00000, 71.00000
42.00000, 74.00000
occurrence4
119.50000, 71.00000
42.00000, 47.00000
42.00000, 67.00000
42.00000, 71.00000
42.00000, 74.00000
61.50000, 62.00000
12.00000, 50.00000
12.00000, 62.00000
12.00000, 66.00000
12.00000, 69.00000
68.00000, 42.00000
68.00000, 62.00000
68.00000, 66.00000
68.00000, 69.00000
31.50000, 69.00000
59.50000, 59.00000
87.50000, 71.00000
143.50000, 64.00000
8.00000, 50.00000
8.00000, 62.00000
8.00000, 66.00000
8.00000, 69.00000
141.50000, 66.00000
64.00000, 45.00000
64.00000, 69.00000
64.00000, 73.00000
64.00000, 76.00000
120.00000, 57.00000
120.00000, 69.00000
120.00000, 73.00000
120.00000, 76.00000
27.50000, 66.00000
55.50000, 62.00000
111.50000, 66.00000
139.50000, 71.00000
25.50000, 69.00000
occurrence5
120.00000, 57.00000
120.00000, 69.00000
120.00000, 73.00000
120.00000, 76.00000
27.50000, 66.00000
55.50000, 62.00000
111.50000, 66.00000
139.50000, 71.00000
25.50000, 69.00000
53.50000, 61.00000
4.00000, 50.00000
4.00000, 62.00000
4.00000, 66.00000
4.00000, 69.00000
109.50000, 67.00000
60.00000, 44.00000
60.00000, 64.00000
60.00000, 68.00000
60.00000, 71.00000
23.50000, 69.00000
51.50000, 59.00000
79.50000, 66.00000
107.50000, 71.00000
135.50000, 71.00000
21.50000, 68.00000
77.50000, 67.00000
80.99902, 67.00000
96.99902, 66.00000
80.49902, 67.00000
112.99902, 67.00000
96.49902, 67.00000
128.99902, 62.00000
112.49902, 67.00000
144.99902, 62.00000
128.49902, 64.00000
144.49902, 62.00000
78.99902, 66.00000
94.99902, 69.00000
78.49902, 67.00000
110.99902, 66.00000
94.49902, 71.00000
126.99902, 64.00000
110.49902, 67.00000
142.99902, 66.00000
126.49902, 66.00000
142.49902, 66.00000
76.99902, 69.00000
92.99902, 69.00000
76.49902, 71.00000
108.99902, 69.00000
92.49902, 71.00000
124.99902, 69.00000
108.49902, 71.00000
140.99902, 69.00000
124.49902, 71.00000
52.49902, 61.00000
58.99902, 59.00000
140.49902, 71.00000
62.99902, 66.00000
14.99902, 69.00000
60.49902, 61.00000
18.99902, 69.00000
38.49902, 69.00000
20.49902, 68.00000
26.99902, 67.00000
46.49902, 64.00000
52.99902, 61.00000
24.49902, 69.00000
30.99902, 69.00000
0.00000, 50.00000
0.00000, 62.00000
0.00000, 66.00000
0.00000, 69.00000
28.49902, 64.00000
34.99902, 69.00000
54.49902, 62.00000
60.99902, 61.00000
36.49902, 68.00000
42.99902, 67.00000
62.49902, 64.00000
40.49902, 69.00000
44.49902, 66.00000
50.99902, 59.00000
22.49902, 69.00000
54.99902, 62.00000
72.99902, 69.00000
88.99902, 69.00000
72.49902, 71.00000
104.99902, 69.00000
88.49902, 69.00000
120.99902, 69.00000
104.49902, 69.00000
136.99902, 69.00000
120.49902, 69.00000
136.49902, 69.00000
134.99902, 69.00000
132.99902, 73.00000
112.00000, 55.00000
112.00000, 67.00000
112.00000, 71.00000
112.00000, 74.00000
19.50000, 68.00000
47.50000, 62.00000
75.50000, 71.00000
103.50000, 71.00000
26.00000, 47.00000
26.00000, 67.00000
26.00000, 71.00000
26.00000, 74.00000
occurrence6
120.00000, 57.00000
120.00000, 69.00000
120.00000, 73.00000
120.00000, 76.00000
27.50000, 66.00000
55.50000, 62.00000
111.50000, 66.00000
139.50000, 71.00000
25.50000, 69.00000
53.50000, 61.00000
4.00000, 50.00000
4.00000, 62.00000
4.00000, 66.00000
4.00000, 69.00000
109.50000, 67.00000
60.00000, 44.00000
60.00000, 64.00000
60.00000, 68.00000
60.00000, 71.00000
23.50000, 69.00000
51.50000, 59.00000
79.50000, 66.00000
107.50000, 71.00000
135.50000, 71.00000
21.50000, 68.00000
77.50000, 67.00000
80.99902, 67.00000
96.99902, 66.00000
80.49902, 67.00000
112.99902, 67.00000
96.49902, 67.00000
128.99902, 62.00000
112.49902, 67.00000
144.99902, 62.00000
128.49902, 64.00000
144.49902, 62.00000
78.99902, 66.00000
94.99902, 69.00000
78.49902, 67.00000
110.99902, 66.00000
94.49902, 71.00000
126.99902, 64.00000
110.49902, 67.00000
142.99902, 66.00000
126.49902, 66.00000
142.49902, 66.00000
76.99902, 69.00000
92.99902, 69.00000
76.49902, 71.00000
108.99902, 69.00000
92.49902, 71.00000
124.99902, 69.00000
108.49902, 71.00000
140.99902, 69.00000
124.49902, 71.00000
52.49902, 61.00000
58.99902, 59.00000
140.49902, 71.00000
62.99902, 66.00000
14.99902, 69.00000
60.49902, 61.00000
18.99902, 69.00000
38.49902, 69.00000
20.49902, 68.00000
26.99902, 67.00000
46.49902, 64.00000
52.99902, 61.00000
24.49902, 69.00000
30.99902, 69.00000
0.00000, 50.00000
0.00000, 62.00000
0.00000, 66.00000
0.00000, 69.00000
28.49902, 64.00000
34.99902, 69.00000
54.49902, 62.00000
60.99902, 61.00000
36.49902, 68.00000
42.99902, 67.00000
62.49902, 64.00000
40.49902, 69.00000
44.49902, 66.00000
50.99902, 59.00000
22.49902, 69.00000
54.99902, 62.00000
72.99902, 69.00000
88.99902, 69.00000
72.49902, 71.00000
104.99902, 69.00000
88.49902, 69.00000
120.99902, 69.00000
104.49902, 69.00000
136.99902, 69.00000
120.49902, 69.00000
136.49902, 69.00000
134.99902, 69.00000
132.99902, 73.00000
112.00000, 55.00000
112.00000, 67.00000
112.00000, 71.00000
112.00000, 74.00000
19.50000, 68.00000
47.50000, 62.00000
75.50000, 71.00000
103.50000, 71.00000
26.00000, 47.00000
26.00000, 67.00000
26.00000, 71.00000
26.00000, 74.00000
occurrence7
120.00000, 57.00000
120.00000, 69.00000
120.00000, 73.00000
120.00000, 76.00000
27.50000, 66.00000
55.50000, 62.00000
111.50000, 66.00000
139.50000, 71.00000
25.50000, 69.00000
53.50000, 61.00000
4.00000, 50.00000
4.00000, 62.00000
4.00000, 66.00000
4.00000, 69.00000
109.50000, 67.00000
60.00000, 44.00000
60.00000, 64.00000
60.00000, 68.00000
60.00000, 71.00000
23.50000, 69.00000
51.50000, 59.00000
79.50000, 66.00000
107.50000, 71.00000
135.50000, 71.00000
21.50000, 68.00000
77.50000, 67.00000
80.99902, 67.00000
96.99902, 66.00000
80.49902, 67.00000
112.99902, 67.00000
96.49902, 67.00000
128.99902, 62.00000
112.49902, 67.00000
144.99902, 62.00000
128.49902, 64.00000
144.49902, 62.00000
78.99902, 66.00000
94.99902, 69.00000
78.49902, 67.00000
110.99902, 66.00000
94.49902, 71.00000
126.99902, 64.00000
110.49902, 67.00000
142.99902, 66.00000
126.49902, 66.00000
142.49902, 66.00000
76.99902, 69.00000
92.99902, 69.00000
76.49902, 71.00000
108.99902, 69.00000
92.49902, 71.00000
124.99902, 69.00000
108.49902, 71.00000
140.99902, 69.00000
124.49902, 71.00000
52.49902, 61.00000
58.99902, 59.00000
140.49902, 71.00000
62.99902, 66.00000
14.99902, 69.00000
60.49902, 61.00000
18.99902, 69.00000
38.49902, 69.00000
20.49902, 68.00000
26.99902, 67.00000
46.49902, 64.00000
52.99902, 61.00000
24.49902, 69.00000
30.99902, 69.00000
0.00000, 50.00000
0.00000, 62.00000
0.00000, 66.00000
0.00000, 69.00000
28.49902, 64.00000
34.99902, 69.00000
54.49902, 62.00000
60.99902, 61.00000
36.49902, 68.00000
42.99902, 67.00000
62.49902, 64.00000
40.49902, 69.00000
44.49902, 66.00000
50.99902, 59.00000
22.49902, 69.00000
54.99902, 62.00000
72.99902, 69.00000
88.99902, 69.00000
72.49902, 71.00000
104.99902, 69.00000
88.49902, 69.00000
120.99902, 69.00000
104.49902, 69.00000
136.99902, 69.00000
120.49902, 69.00000
136.49902, 69.00000
134.99902, 69.00000
132.99902, 73.00000
112.00000, 55.00000
112.00000, 67.00000
112.00000, 71.00000
112.00000, 74.00000
19.50000, 68.00000
47.50000, 62.00000
75.50000, 71.00000
103.50000, 71.00000
26.00000, 47.00000
26.00000, 67.00000
26.00000, 71.00000
26.00000, 74.00000
occurrence8
135.50000, 71.00000
21.50000, 68.00000
77.50000, 67.00000
80.99902, 67.00000
96.99902, 66.00000
80.49902, 67.00000
112.99902, 67.00000
96.49902, 67.00000
128.99902, 62.00000
112.49902, 67.00000
144.99902, 62.00000
128.49902, 64.00000
144.49902, 62.00000
78.99902, 66.00000
94.99902, 69.00000
78.49902, 67.00000
110.99902, 66.00000
94.49902, 71.00000
126.99902, 64.00000
110.49902, 67.00000
142.99902, 66.00000
126.49902, 66.00000
142.49902, 66.00000
76.99902, 69.00000
92.99902, 69.00000
76.49902, 71.00000
108.99902, 69.00000
92.49902, 71.00000
124.99902, 69.00000
108.49902, 71.00000
140.99902, 69.00000
124.49902, 71.00000
52.49902, 61.00000
58.99902, 59.00000
140.49902, 71.00000
62.99902, 66.00000
14.99902, 69.00000
60.49902, 61.00000
18.99902, 69.00000
38.49902, 69.00000
20.49902, 68.00000
26.99902, 67.00000
46.49902, 64.00000
52.99902, 61.00000
24.49902, 69.00000
30.99902, 69.00000
0.00000, 50.00000
0.00000, 62.00000
0.00000, 66.00000
0.00000, 69.00000
28.49902, 64.00000
34.99902, 69.00000
54.49902, 62.00000
60.99902, 61.00000
36.49902, 68.00000
42.99902, 67.00000
62.49902, 64.00000
40.49902, 69.00000
44.49902, 66.00000
50.99902, 59.00000
22.49902, 69.00000
54.99902, 62.00000
72.99902, 69.00000
88.99902, 69.00000
72.49902, 71.00000
104.99902, 69.00000
88.49902, 69.00000
120.99902, 69.00000
104.49902, 69.00000
136.99902, 69.00000
120.49902, 69.00000
136.49902, 69.00000
134.99902, 69.00000
132.99902, 73.00000
112.00000, 55.00000
112.00000, 67.00000
112.00000, 71.00000
112.00000, 74.00000
19.50000, 68.00000
47.50000, 62.00000
75.50000, 71.00000
103.50000, 71.00000
26.00000, 47.00000
26.00000, 67.00000
26.00000, 71.00000
26.00000, 74.00000
131.50000, 74.00000
45.50000, 66.00000
52.00000, 47.00000
52.00000, 59.00000
52.00000, 62.00000
52.00000, 66.00000
15.50000, 69.00000
43.50000, 67.00000
127.50000, 64.00000
134.00000, 71.00000
41.50000, 69.00000
occurrence9
134.00000, 71.00000
41.50000, 69.00000
69.50000, 40.00000
69.50000, 69.00000
69.50000, 73.00000
69.50000, 76.00000
125.50000, 66.00000
48.00000, 47.00000
48.00000, 59.00000
48.00000, 62.00000
48.00000, 66.00000
104.00000, 50.00000
104.00000, 62.00000
104.00000, 66.00000
104.00000, 69.00000
39.50000, 69.00000
95.50000, 67.00000
123.50000, 71.00000
37.50000, 68.00000
65.50000, 43.00000
65.50000, 67.00000
65.50000, 71.00000
65.50000, 74.00000
93.50000, 71.00000
44.00000, 45.00000
44.00000, 66.00000
44.00000, 69.00000
44.00000, 73.00000
100.00000, 57.00000
100.00000, 69.00000
100.00000, 73.00000
100.00000, 76.00000
35.50000, 68.00000
91.50000, 71.00000
40.00000, 49.00000
40.00000, 69.00000
40.00000, 73.00000
40.00000, 76.00000
pattern8
occurrence1
80.00000, 55.00000
80.00000, 67.00000
80.00000, 71.00000
80.00000, 74.00000
136.00000, 57.00000
136.00000, 69.00000
136.00000, 73.00000
136.00000, 76.00000
20.00000, 50.00000
20.00000, 64.00000
20.00000, 68.00000
20.00000, 71.00000
46.00000, 45.00000
46.00000, 69.00000
46.00000, 73.00000
46.00000, 76.00000
occurrence2
80.00000, 55.00000
80.00000, 67.00000
80.00000, 71.00000
80.00000, 74.00000
136.00000, 57.00000
136.00000, 69.00000
136.00000, 73.00000
136.00000, 76.00000
20.00000, 50.00000
20.00000, 64.00000
20.00000, 68.00000
20.00000, 71.00000
46.00000, 45.00000
46.00000, 69.00000
46.00000, 73.00000
46.00000, 76.00000
occurrence3
46.00000, 45.00000
46.00000, 69.00000
46.00000, 73.00000
46.00000, 76.00000
59.00000, 45.00000
59.00000, 59.00000
59.00000, 62.00000
59.00000, 66.00000
16.00000, 50.00000
16.00000, 62.00000
16.00000, 64.00000
16.00000, 66.00000
16.00000, 69.00000
72.00000, 50.00000
72.00000, 60.00000
72.00000, 62.00000
72.00000, 66.00000
72.00000, 69.00000
72.00000, 71.00000
128.00000, 50.00000
128.00000, 62.00000
128.00000, 66.00000
128.00000, 69.00000
119.50000, 71.00000
42.00000, 47.00000
42.00000, 67.00000
42.00000, 71.00000
42.00000, 74.00000
61.50000, 62.00000
12.00000, 50.00000
12.00000, 62.00000
12.00000, 66.00000
12.00000, 69.00000
occurrence4
141.50000, 66.00000
64.00000, 45.00000
64.00000, 69.00000
64.00000, 73.00000
64.00000, 76.00000
120.00000, 57.00000
120.00000, 69.00000
120.00000, 73.00000
120.00000, 76.00000
27.50000, 66.00000
55.50000, 62.00000
111.50000, 66.00000
139.50000, 71.00000
25.50000, 69.00000
53.50000, 61.00000
4.00000, 50.00000
4.00000, 62.00000
4.00000, 66.00000
4.00000, 69.00000
109.50000, 67.00000
60.00000, 44.00000
60.00000, 64.00000
60.00000, 68.00000
60.00000, 71.00000
23.50000, 69.00000
51.50000, 59.00000
79.50000, 66.00000
107.50000, 71.00000
occurrence5
55.50000, 62.00000
111.50000, 66.00000
139.50000, 71.00000
25.50000, 69.00000
53.50000, 61.00000
4.00000, 50.00000
4.00000, 62.00000
4.00000, 66.00000
4.00000, 69.00000
109.50000, 67.00000
60.00000, 44.00000
60.00000, 64.00000
60.00000, 68.00000
60.00000, 71.00000
23.50000, 69.00000
51.50000, 59.00000
79.50000, 66.00000
107.50000, 71.00000
135.50000, 71.00000
21.50000, 68.00000
occurrence6
103.50000, 71.00000
26.00000, 47.00000
26.00000, 67.00000
26.00000, 71.00000
26.00000, 74.00000
131.50000, 74.00000
45.50000, 66.00000
52.00000, 47.00000
52.00000, 59.00000
52.00000, 62.00000
52.00000, 66.00000
15.50000, 69.00000
43.50000, 67.00000
127.50000, 64.00000
134.00000, 71.00000
41.50000, 69.00000
69.50000, 40.00000
69.50000, 69.00000
69.50000, 73.00000
69.50000, 76.00000
occurrence7
134.00000, 71.00000
41.50000, 69.00000
69.50000, 40.00000
69.50000, 69.00000
69.50000, 73.00000
69.50000, 76.00000
125.50000, 66.00000
48.00000, 47.00000
48.00000, 59.00000
48.00000, 62.00000
48.00000, 66.00000
104.00000, 50.00000
104.00000, 62.00000
104.00000, 66.00000
104.00000, 69.00000
39.50000, 69.00000
95.50000, 67.00000
123.50000, 71.00000
37.50000, 68.00000
65.50000, 43.00000
65.50000, 67.00000
65.50000, 71.00000
65.50000, 74.00000
93.50000, 71.00000
44.00000, 45.00000
44.00000, 66.00000
44.00000, 69.00000
44.00000, 73.00000
100.00000, 57.00000
100.00000, 69.00000
100.00000, 73.00000
100.00000, 76.00000
occurrence8
125.50000, 66.00000
48.00000, 47.00000
48.00000, 59.00000
48.00000, 62.00000
48.00000, 66.00000
104.00000, 50.00000
104.00000, 62.00000
104.00000, 66.00000
104.00000, 69.00000
39.50000, 69.00000
95.50000, 67.00000
123.50000, 71.00000
37.50000, 68.00000
65.50000, 43.00000
65.50000, 67.00000
65.50000, 71.00000
65.50000, 74.00000
93.50000, 71.00000
44.00000, 45.00000
44.00000, 66.00000
44.00000, 69.00000
44.00000, 73.00000
100.00000, 57.00000
100.00000, 69.00000
100.00000, 73.00000
100.00000, 76.00000
35.50000, 68.00000
91.50000, 71.00000
pattern9
occurrence1
28.00000, 45.00000
28.00000, 69.00000
28.00000, 73.00000
28.00000, 76.00000
24.00000, 49.00000
24.00000, 69.00000
24.00000, 73.00000
24.00000, 76.00000
80.00000, 55.00000
80.00000, 67.00000
80.00000, 71.00000
80.00000, 74.00000
136.00000, 57.00000
136.00000, 69.00000
136.00000, 73.00000
136.00000, 76.00000
20.00000, 50.00000
20.00000, 64.00000
20.00000, 68.00000
20.00000, 71.00000
46.00000, 45.00000
46.00000, 69.00000
46.00000, 73.00000
46.00000, 76.00000
59.00000, 45.00000
59.00000, 59.00000
59.00000, 62.00000
59.00000, 66.00000
16.00000, 50.00000
16.00000, 62.00000
16.00000, 64.00000
16.00000, 66.00000
16.00000, 69.00000
72.00000, 50.00000
72.00000, 60.00000
72.00000, 62.00000
72.00000, 66.00000
72.00000, 69.00000
72.00000, 71.00000
128.00000, 50.00000
128.00000, 62.00000
128.00000, 66.00000
128.00000, 69.00000
119.50000, 71.00000
42.00000, 47.00000
42.00000, 67.00000
42.00000, 71.00000
42.00000, 74.00000
61.50000, 62.00000
12.00000, 50.00000
12.00000, 62.00000
12.00000, 66.00000
12.00000, 69.00000
68.00000, 42.00000
68.00000, 62.00000
68.00000, 66.00000
68.00000, 69.00000
31.50000, 69.00000
59.50000, 59.00000
87.50000, 71.00000
143.50000, 64.00000
8.00000, 50.00000
8.00000, 62.00000
8.00000, 66.00000
8.00000, 69.00000
141.50000, 66.00000
64.00000, 45.00000
64.00000, 69.00000
64.00000, 73.00000
64.00000, 76.00000
120.00000, 57.00000
120.00000, 69.00000
120.00000, 73.00000
120.00000, 76.00000
27.50000, 66.00000
55.50000, 62.00000
111.50000, 66.00000
139.50000, 71.00000
25.50000, 69.00000
53.50000, 61.00000
4.00000, 50.00000
4.00000, 62.00000
4.00000, 66.00000
4.00000, 69.00000
109.50000, 67.00000
60.00000, 44.00000
60.00000, 64.00000
60.00000, 68.00000
60.00000, 71.00000
23.50000, 69.00000
51.50000, 59.00000
79.50000, 66.00000
107.50000, 71.00000
135.50000, 71.00000
21.50000, 68.00000
77.50000, 67.00000
80.99902, 67.00000
96.99902, 66.00000
80.49902, 67.00000
112.99902, 67.00000
96.49902, 67.00000
128.99902, 62.00000
112.49902, 67.00000
144.99902, 62.00000
128.49902, 64.00000
144.49902, 62.00000
78.99902, 66.00000
94.99902, 69.00000
78.49902, 67.00000
110.99902, 66.00000
94.49902, 71.00000
126.99902, 64.00000
110.49902, 67.00000
142.99902, 66.00000
126.49902, 66.00000
142.49902, 66.00000
76.99902, 69.00000
92.99902, 69.00000
76.49902, 71.00000
108.99902, 69.00000
92.49902, 71.00000
124.99902, 69.00000
108.49902, 71.00000
140.99902, 69.00000
124.49902, 71.00000
52.49902, 61.00000
58.99902, 59.00000
140.49902, 71.00000
62.99902, 66.00000
14.99902, 69.00000
60.49902, 61.00000
18.99902, 69.00000
38.49902, 69.00000
20.49902, 68.00000
26.99902, 67.00000
46.49902, 64.00000
52.99902, 61.00000
24.49902, 69.00000
30.99902, 69.00000
0.00000, 50.00000
0.00000, 62.00000
0.00000, 66.00000
0.00000, 69.00000
28.49902, 64.00000
34.99902, 69.00000
54.49902, 62.00000
60.99902, 61.00000
36.49902, 68.00000
42.99902, 67.00000
62.49902, 64.00000
40.49902, 69.00000
44.49902, 66.00000
50.99902, 59.00000
22.49902, 69.00000
54.99902, 62.00000
72.99902, 69.00000
88.99902, 69.00000
72.49902, 71.00000
104.99902, 69.00000
88.49902, 69.00000
120.99902, 69.00000
104.49902, 69.00000
136.99902, 69.00000
120.49902, 69.00000
136.49902, 69.00000
134.99902, 69.00000
132.99902, 73.00000
112.00000, 55.00000
112.00000, 67.00000
112.00000, 71.00000
112.00000, 74.00000
19.50000, 68.00000
47.50000, 62.00000
75.50000, 71.00000
103.50000, 71.00000
26.00000, 47.00000
26.00000, 67.00000
26.00000, 71.00000
26.00000, 74.00000
131.50000, 74.00000
45.50000, 66.00000
52.00000, 47.00000
52.00000, 59.00000
52.00000, 62.00000
52.00000, 66.00000
15.50000, 69.00000
43.50000, 67.00000
127.50000, 64.00000
134.00000, 71.00000
41.50000, 69.00000
69.50000, 40.00000
69.50000, 69.00000
69.50000, 73.00000
69.50000, 76.00000
125.50000, 66.00000
48.00000, 47.00000
48.00000, 59.00000
48.00000, 62.00000
48.00000, 66.00000
104.00000, 50.00000
104.00000, 62.00000
104.00000, 66.00000
104.00000, 69.00000
39.50000, 69.00000
95.50000, 67.00000
123.50000, 71.00000
37.50000, 68.00000
65.50000, 43.00000
65.50000, 67.00000
65.50000, 71.00000
65.50000, 74.00000
93.50000, 71.00000
44.00000, 45.00000
44.00000, 66.00000
44.00000, 69.00000
44.00000, 73.00000
100.00000, 57.00000
100.00000, 69.00000
100.00000, 73.00000
100.00000, 76.00000
35.50000, 68.00000
91.50000, 71.00000
40.00000, 49.00000
40.00000, 69.00000
40.00000, 73.00000
40.00000, 76.00000
96.00000, 50.00000
96.00000, 62.00000
96.00000, 66.00000
96.00000, 69.00000
36.00000, 50.00000
36.00000, 64.00000
36.00000, 68.00000
36.00000, 71.00000
32.00000, 50.00000
32.00000, 62.00000
32.00000, 66.00000
32.00000, 69.00000
88.00000, 57.00000
88.00000, 69.00000
88.00000, 73.00000
88.00000, 76.00000
144.00000, 50.00000
144.00000, 62.00000
144.00000, 66.00000
144.00000, 69.00000
