(0 77 70 1 1)
(1 76 69 1/2 1)
(3/2 74 68 1/2 1)
(2 72 67 1/2 1)
(3 81 72 1/2 1)
(4 77 70 1 1)
(5 76 69 1/2 1)
(11/2 74 68 1/2 1)
(6 72 67 1/2 1)
(7 81 72 1/2 1)
(8 77 70 1 1)
(9 76 69 1/2 1)
(19/2 74 68 1/2 1)
(10 72 67 1/2 1)
(11 70 66 1/2 1)
(23/2 69 65 1/2 1)
(12 70 66 1/2 1)
(25/2 72 67 1/2 1)
(13 74 68 1/2 1)
(27/2 76 69 1/2 1)
(14 77 70 1/2 1)
(29/2 79 71 1/2 1)
(15 81 72 1/2 1)
(31/2 82 73 1/2 1)
(16 84 74 3 1)
(19 72 67 1/2 1)
(20 84 74 3 1)
(23 72 67 1/2 1)
(24 84 74 5 1)
(29 82 73 2 1)
(31 81 72 2 1)
(33 79 71 1/2 1)
(67/2 77 70 1/2 1)
(34 77 70 1/2 1)
(69/2 76 69 1/2 1)
(35 76 69 1/2 1)
(71/2 74 68 1/2 1)
(36 74 68 1/2 1)
(73/2 72 67 1/2 1)
(37 72 67 1/2 1)
(75/2 70 66 1/2 1)
(38 72 67 1/10 1)
(38 70 66 1 1)
(39 69 65 1 1)
(40 72 67 1/2 1)
(81/2 76 69 1/2 1)
(41 79 71 1/2 1)
(83/2 82 73 1/2 1)
(42 82 73 1 1)
(43 81 72 1 1)
(44 79 71 1 1)
(45 77 70 1/2 1)
(91/2 76 69 1/2 1)
(46 76 69 1 1)
(47 77 70 1 1)
(48 79 71 1 1)
(49 77 70 1/2 1)
(99/2 76 69 1/2 1)
(50 76 69 1 1)
(51 77 70 1 1)
(52 80 71 1/2 1)
(105/2 81 72 1/2 1)
(53 81 72 1/2 1)
(107/2 79 71 1/2 1)
(54 79 71 1/2 1)
(109/2 77 70 1/2 1)
(55 77 70 1/2 1)
(111/2 76 69 1/2 1)
(56 76 69 1/2 1)
(113/2 74 68 1/2 1)
(57 74 68 1/2 1)
(115/2 72 67 1/2 1)
(58 74 68 1/10 1)
(58 72 67 1 1)
(59 70 66 1 1)
(60 78 70 1/2 1)
(121/2 79 71 1/2 1)
(61 79 71 1/2 1)
(123/2 77 70 1/2 1)
(62 77 70 1/2 1)
(125/2 76 69 1/2 1)
(63 76 69 1/2 1)
(127/2 74 68 1/2 1)
(64 74 68 1/2 1)
(129/2 72 67 1/2 1)
(65 72 67 1/2 1)
(131/2 71 66 1/2 1)
(66 71 66 1 1)
(66 72 67 1/10 1)
(67 69 65 1 1)
(68 76 69 1/2 1)
(137/2 77 70 1/2 1)
(69 77 70 1/2 1)
(139/2 76 69 1/2 1)
(70 76 69 1/2 1)
(141/2 74 68 1/2 1)
(71 74 68 1/2 1)
(143/2 72 67 1/2 1)
(72 72 67 1/2 1)
(145/2 71 66 1/2 1)
(73 71 66 1/2 1)
(147/2 69 65 1/2 1)
(74 71 66 1/10 1)
(74 69 65 1 1)
(75 67 64 1 1)
(76 67 64 1/2 1)
(153/2 71 66 1/2 1)
(77 74 68 1/2 1)
(155/2 77 70 1/2 1)
(78 77 70 1 1)
(79 76 69 1 1)
(80 67 64 1/2 1)
(161/2 71 66 1/2 1)
(81 74 68 1/2 1)
(163/2 77 70 1/2 1)
(82 77 70 1 1)
(83 76 69 1 1)
(84 76 69 1/10 1)
(84 74 68 1 1)
(85 72 67 1/2 1)
(171/2 71 66 1/2 1)
(86 71 66 1 1)
(87 72 67 1 1)
(88 76 69 1/10 1)
(88 74 68 1 1)
(89 72 67 1/2 1)
(179/2 71 66 1/2 1)
(90 71 66 1 1)
(91 72 67 1 1)
(92 79 71 1/2 1)
(185/2 76 69 1/2 1)
(93 72 67 1/2 1)
(187/2 71 66 1/2 1)
(94 71 66 1 1)
(95 69 65 1 1)
(96 81 72 1/2 1)
(193/2 77 70 1/2 1)
(97 74 68 1/2 1)
(195/2 72 67 1/2 1)
(98 72 67 1 1)
(99 71 66 1 1)
(100 79 71 1/2 1)
(201/2 76 69 1/2 1)
(101 72 67 1/2 1)
(203/2 71 66 1/2 1)
(102 71 66 1 1)
(103 69 65 1 1)
(104 81 72 1/2 1)
(209/2 77 70 1/2 1)
(105 74 68 1/2 1)
(211/2 72 67 1/2 1)
(106 72 67 1 1)
(107 71 66 1 1)
(108 67 64 1/2 1)
(217/2 71 66 1/2 1)
(109 74 68 1/2 1)
(219/2 77 70 1/2 1)
(110 77 70 1 1)
(111 75 69 1 1)
(112 65 63 1/2 1)
(225/2 68 64 1/2 1)
(113 71 66 1/2 1)
(227/2 74 68 1/2 1)
(114 74 68 1 1)
(115 72 67 1 1)
(116 67 64 1/2 1)
(233/2 71 66 1/2 1)
(117 74 68 1/2 1)
(235/2 77 70 1/2 1)
(118 77 70 1 1)
(119 75 69 1 1)
(120 65 63 1/2 1)
(241/2 68 64 1/2 1)
(121 71 66 1/2 1)
(243/2 74 68 1/2 1)
(122 74 68 1 1)
(123 72 67 1 1)
(249/2 72 67 1/4 1)
(125 72 67 1/4 1)
(251/2 72 67 1/4 1)
(126 73 67 1/2 1)
(253/2 70 66 1/2 1)
(127 70 66 1/2 1)
(255/2 68 64 1/2 1)
(128 68 64 1/2 1)
(257/2 67 64 1/2 1)
(129 67 64 1/2 1)
(259/2 76 69 1/2 1)
(130 77 70 2 1)
(265/2 77 70 1/4 1)
(133 77 70 1/4 1)
(267/2 77 70 1/4 1)
(134 79 71 1/2 1)
(269/2 73 67 1/2 1)
(135 73 67 1/2 1)
(271/2 72 67 1/2 1)
(136 72 67 1/2 1)
(273/2 70 66 1/2 1)
(137 70 66 1/2 1)
(275/2 79 71 1/2 1)
(138 80 71 2 1)
(138 79 71 1/10 1)
(281/2 80 71 1/4 1)
(141 80 71 1/4 1)
(283/2 80 71 1/4 1)
(142 80 71 1/2 1)
(285/2 79 71 1/2 1)
(143 82 73 1/2 1)
(287/2 80 71 1/2 1)
(144 79 71 1/2 1)
(289/2 77 70 1/2 1)
(145 76 69 1/2 1)
(291/2 77 70 1/2 1)
(146 77 70 1/2 1)
(293/2 76 69 1/2 1)
(147 82 73 1/2 1)
(295/2 80 71 1/2 1)
(148 79 71 1/2 1)
(297/2 77 70 1/2 1)
(149 76 69 1/2 1)
(299/2 77 70 1/2 1)
(150 77 70 1/2 1)
(301/2 76 69 1/2 1)
(151 82 73 1/2 1)
(303/2 80 71 1/2 1)
(152 79 71 1/2 1)
(305/2 77 70 1/2 1)
(153 76 69 1/2 1)
(307/2 77 70 1/2 1)
(154 72 67 1 1)
(155 84 74 1/2 1)
(311/2 82 73 1/2 1)
(156 80 71 1/2 1)
(313/2 79 71 1/2 1)
(157 80 71 1/2 1)
(315/2 82 73 1/2 1)
(158 84 74 1/2 1)
(317/2 82 73 1/2 1)
(159 80 71 1/2 1)
(319/2 79 71 1/2 1)
(160 77 70 1/2 1)
(321/2 79 71 1/2 1)
(161 80 71 1/2 1)
(323/2 79 71 1/2 1)
(162 77 70 1/2 1)
(325/2 75 69 1/2 1)
(163 73 67 1/2 1)
(327/2 75 69 1/2 1)
(164 77 70 1/2 1)
(329/2 75 69 1/2 1)
(165 73 67 1/2 1)
(331/2 72 67 1/2 1)
(166 70 66 1/2 1)
(333/2 72 67 1/2 1)
(167 73 67 1/2 1)
(335/2 72 67 1/2 1)
(168 70 66 1/2 1)
(337/2 68 64 1/2 1)
(169 67 64 1/2 1)
(339/2 68 64 1/2 1)
(170 70 66 1/2 1)
(341/2 68 64 1/2 1)
(171 67 64 1/2 1)
(343/2 65 63 1/2 1)
(172 64 62 3/2 1)
(347/2 64 62 3/2 1)
(175 65 63 3/2 1)
(353/2 67 64 3/2 1)
(178 68 64 3/2 1)
(359/2 67 64 3/2 1)
(181 65 63 3/2 1)
(365/2 63 62 3/2 1)
(184 61 60 3/2 1)
(371/2 60 60 3/2 1)
(187 58 59 3/2 1)
(377/2 56 57 3/2 1)
(190 55 57 5/2 1)
(385/2 55 57 1/2 1)
(193 56 57 1/2 1)
(387/2 53 56 1/2 1)
(194 60 60 1/2 1)
(389/2 59 59 1/2 1)
(195 55 57 1/2 1)
(391/2 59 59 1/2 1)
(196 59 59 1 1)
(196 65 63 1 1)
(197 60 60 1/2 1)
(197 64 62 1/2 1)
(397/2 55 57 1/2 1)
(199 56 57 1/2 1)
(399/2 53 56 1/2 1)
(200 60 60 1/2 1)
(401/2 59 59 1/2 1)
(201 55 57 1/2 1)
(403/2 65 63 1/2 1)
(403/2 59 59 1/2 1)
(202 65 63 1 1)
(202 59 59 1 1)
(203 64 62 1/2 1)
(203 60 60 1/2 1)
(409/2 60 60 1/2 1)
(205 61 60 1/2 1)
(411/2 58 59 1/2 1)
(206 65 63 1/2 1)
(413/2 64 62 1/2 1)
(207 60 60 1/2 1)
(415/2 64 62 1/2 1)
(208 70 66 1 1)
(208 64 62 1 1)
(209 68 64 1/2 1)
(209 65 63 1/2 1)
(421/2 60 60 1/2 1)
(211 61 60 1/2 1)
(423/2 58 59 1/2 1)
(212 65 63 1/2 1)
(425/2 64 62 1/2 1)
(213 60 60 1/2 1)
(427/2 70 66 1/2 1)
(427/2 64 62 1/2 1)
(214 64 62 1 1)
(214 70 66 1 1)
(215 69 65 1/2 1)
(215 65 63 1/2 1)
(433/2 65 63 1/2 1)
(217 67 64 1/2 1)
(435/2 63 62 1/2 1)
(218 70 66 1/2 1)
(437/2 69 65 1/2 1)
(219 65 63 1/2 1)
(439/2 69 65 1/2 1)
(220 69 65 1 1)
(220 75 69 1 1)
(221 70 66 1/2 1)
(221 73 67 1/2 1)
(445/2 65 63 1/2 1)
(223 66 63 1/2 1)
(447/2 63 62 1/2 1)
(224 70 66 1/2 1)
(449/2 69 65 1/2 1)
(225 65 63 1/2 1)
(451/2 75 69 1/2 1)
(226 75 69 1/2 1)
(453/2 73 67 1/2 1)
(227 72 67 1/2 1)
(455/2 72 67 1/2 1)
(228 70 66 1/2 1)
(457/2 68 64 1/2 1)
(229 68 64 1/2 1)
(459/2 67 64 1/2 1)
(230 65 63 1/2 1)
(461/2 65 63 1/2 1)
(231 63 62 1/2 1)
(463/2 61 60 1/2 1)
(232 61 60 1 1)
(233 60 60 1/2 1)
(467/2 75 69 1/4 1)
(234 75 69 1/4 1)
(469/2 75 69 1/4 1)
(235 75 69 1/4 1)
(471/2 75 69 1/4 1)
(236 75 69 1/4 1)
(473/2 75 69 1/4 1)
(237 75 69 1/4 1)
(475/2 75 69 1/4 1)
(238 75 69 1/4 1)
(477/2 75 69 1/4 1)
(239 75 69 1/4 1)
(479/2 76 69 1/4 1)
(240 76 69 1/4 1)
(481/2 76 69 1/4 1)
(241 77 70 1/4 1)
(483/2 77 70 1/4 1)
(242 77 70 1/4 1)
(485/2 79 71 1/4 1)
(243 79 71 1/4 1)
(487/2 79 71 1/4 1)
(244 80 71 1/2 1)
(489/2 79 71 1/2 1)
(245 77 70 1/2 1)
(491/2 77 70 1/2 1)
(246 75 69 1/2 1)
(493/2 74 68 1/2 1)
(247 75 69 1/2 1)
(495/2 74 68 1/2 1)
(248 72 67 1/2 1)
(497/2 79 71 1/2 1)
(249 75 69 1/2 1)
(499/2 72 67 1/2 1)
(250 73 67 1/10 1)
(250 72 67 1/2 1)
(501/2 71 66 1/2 1)
(251 71 66 1/4 1)
(503/2 74 68 1/4 1)
(252 74 68 1/4 1)
(505/2 74 68 1/4 1)
(253 75 69 3 1)
(253 72 67 1/4 1)
(507/2 72 67 1/4 1)
(254 72 67 1/4 1)
(509/2 72 67 1/4 1)
(255 72 67 1/4 1)
(511/2 72 67 1/4 1)
(256 72 67 1/2 1)
(256 74 68 3/2 1)
(513/2 71 66 1/2 1)
(257 71 66 1/4 1)
(515/2 74 68 1/4 1)
(258 74 68 1/4 1)
(517/2 74 68 1/4 1)
(259 74 68 1/2 1)
(259 75 69 3 1)
(519/2 72 67 1/2 1)
(260 72 67 1/4 1)
(521/2 72 67 1/4 1)
(261 72 67 1/4 1)
(523/2 72 67 1/4 1)
(262 72 67 1/2 1)
(262 74 68 3/2 1)
(525/2 71 66 1/2 1)
(263 71 66 1/4 1)
(527/2 79 71 1/4 1)
(527/2 71 66 3/2 1)
(264 79 71 1/4 1)
(529/2 79 71 1/4 1)
(265 80 71 1/4 1)
(531/2 80 71 1/4 1)
(266 80 71 1/4 1)
(533/2 81 72 1/4 1)
(267 81 72 1/4 1)
(535/2 81 72 1/4 1)
(268 74 68 3/2 1)
(268 83 73 1/2 1)
(537/2 83 73 1/2 1)
(269 83 73 1/2 1)
(539/2 84 74 1/4 1)
(539/2 75 69 3/2 1)
(270 84 74 1/4 1)
(541/2 84 74 1/2 1)
(271 80 71 1/2 1)
(271 82 73 1/10 1)
(543/2 79 71 1/2 1)
(272 77 70 1/2 1)
(545/2 77 70 1/2 1)
(273 75 69 1/2 1)
(547/2 74 68 1/2 1)
(274 72 67 1/2 1)
(549/2 75 69 1/2 1)
(275 79 71 1/2 1)
(551/2 79 71 1/2 1)
(276 75 69 1/2 1)
(553/2 72 67 1/2 1)
(277 73 67 1/10 1)
(277 72 67 1/2 1)
(555/2 71 66 1/2 1)
(278 71 66 1/4 1)
(557/2 74 68 1/4 1)
(279 74 68 1/4 1)
(559/2 74 68 1/4 1)
(280 75 69 3 1)
(280 74 68 1/2 1)
(561/2 72 67 1/2 1)
(281 72 67 1/4 1)
(563/2 72 67 1/4 1)
(282 72 67 1/4 1)
(565/2 72 67 1/4 1)
(283 72 67 1/2 1)
(283 74 68 3/2 1)
(567/2 71 66 1/4 1)
(284 71 66 1/4 1)
(569/2 74 68 1/4 1)
(285 74 68 1/4 1)
(571/2 74 68 1/4 1)
(286 75 69 3 1)
(286 74 68 1/2 1)
(573/2 72 67 1/2 1)
(287 72 67 1/4 1)
(575/2 72 67 1/2 1)
(288 72 67 1/4 1)
(577/2 72 67 1/4 1)
(289 74 68 3/2 1)
(289 72 67 1/2 1)
(579/2 71 66 1/2 1)
(290 71 66 1/4 1)
(581/2 71 66 3/2 1)
(581/2 79 71 1/4 1)
(291 79 71 1/2 1)
(583/2 79 71 1/4 1)
(292 80 71 1/2 1)
(292 72 67 3 1)
(585/2 80 71 1/4 1)
(293 80 71 1/4 1)
(587/2 81 72 1/4 1)
(294 81 72 1/4 1)
(589/2 81 72 1/4 1)
(295 83 73 1/4 1)
(295 74 68 3/2 1)
(591/2 83 73 1/4 1)
(296 83 73 1/4 1)
(593/2 75 69 3/2 1)
(593/2 84 74 1/4 1)
(297 84 74 1/4 1)
(595/2 84 74 1/4 1)
(298 82 73 1/10 1)
(298 80 71 1/2 1)
(597/2 79 71 1/2 1)
(299 77 70 1/2 1)
(599/2 77 70 1/2 1)
(300 75 69 1/2 1)
(601/2 74 68 1/2 1)
(301 72 67 1 1)
(302 67 64 1/2 1)
(605/2 67 64 1/2 1)
(303 68 64 1/2 1)
(607/2 65 63 1/2 1)
(304 67 64 1 1)
(305 74 68 1/2 1)
(611/2 74 68 1/2 1)
(306 75 69 1/2 1)
(613/2 72 67 1/2 1)
(307 74 68 1 1)
(308 67 64 1/2 1)
(617/2 67 64 1/2 1)
(309 68 64 1/2 1)
(619/2 65 63 1/2 1)
(310 67 64 1 1)
(311 74 68 1 1)
(312 75 69 1/2 1)
(625/2 72 67 1/2 1)
(313 74 68 1 1)
(314 80 71 1 1)
(315 77 70 1/2 1)
(631/2 74 68 1/2 1)
(316 79 71 1/2 1)
(633/2 75 69 1/2 1)
(317 72 67 1 1)
(318 74 68 1/2 1)
(637/2 71 66 1/2 1)
(319 72 67 1 1)
(320 67 64 1 1)
(321 68 64 1/2 1)
(643/2 65 63 1/2 1)
(322 67 64 1 1)
(323 74 68 1 1)
(324 75 69 1/2 1)
(649/2 72 67 1/2 1)
(325 74 68 1 1)
(326 67 64 1/2 1)
(653/2 67 64 1/2 1)
(327 68 64 1/2 1)
(655/2 65 63 1/2 1)
(328 67 64 1 1)
(329 74 68 1 1)
(330 75 69 1/2 1)
(661/2 72 67 1/2 1)
(331 74 68 1 1)
(332 80 71 1 1)
(333 77 70 1/2 1)
(667/2 74 68 1/2 1)
(334 79 71 1/2 1)
(669/2 75 69 1/2 1)
(335 72 67 1 1)
(336 74 68 1/2 1)
(673/2 71 66 1/2 1)
(337 72 67 1/4 1)
(675/2 72 67 1/2 1)
(338 75 69 1/2 1)
(677/2 74 68 1 1)
(679/2 83 73 1/2 1)
(340 84 74 1/4 1)
(681/2 60 60 1/2 1)
(341 63 62 1/2 1)
(683/2 62 61 1 1)
(685/2 71 66 1/2 1)
(343 72 67 1/4 1)
(687/2 72 67 1/2 1)
(344 75 69 1/2 1)
(689/2 74 68 1 1)
(691/2 83 73 1/2 1)
(346 84 74 1/2 1)
(693/2 60 60 1/2 1)
(347 63 62 1/2 1)
(695/2 62 61 1 1)
(697/2 74 68 1/2 1)
(349 68 64 1 1)
(350 77 70 1 1)
(351 74 68 1 1)
(352 74 68 1/2 1)
(705/2 75 69 1/2 1)
(353 72 67 1 1)
(354 74 68 1/2 1)
(709/2 71 66 1/2 1)
(355 72 67 1/2 1)
(711/2 60 60 1/2 1)
(356 63 62 1/2 1)
(713/2 62 61 1 1)
(715/2 71 66 1/2 1)
(358 72 67 1/4 1)
(717/2 72 67 1/2 1)
(359 75 69 1/2 1)
(719/2 74 68 1 1)
(721/2 83 73 1/2 1)
(361 84 74 1/4 1)
(723/2 60 60 1/2 1)
(362 63 62 1/2 1)
(725/2 62 61 1 1)
(727/2 74 68 1/2 1)
(364 68 64 3 1)
(364 68 64 1 1)
(365 77 70 1 1)
(366 74 68 3/2 1)
(735/2 75 69 1/2 1)
(368 72 67 1 1)
(369 74 68 1/2 1)
(739/2 71 66 1/2 1)
(370 72 67 1 1)
(371 76 69 1 1)
(371 79 71 1/2 1)
(372 77 70 1/2 1)
(372 81 72 1/2 1)
(745/2 74 68 1 1)
(745/2 77 70 1/2 1)
(747/2 76 69 1/2 1)
(747/2 79 71 1/2 1)
(374 76 69 1/2 1)
(374 72 67 1 1)
(375 74 68 1/2 1)
(375 77 70 1/2 1)
(751/2 74 68 1/2 1)
(751/2 71 66 1/2 1)
(376 72 67 1 1)
(377 76 69 1 1)
(377 79 71 1/2 1)
(378 81 72 1/2 1)
(378 77 70 1/2 1)
(757/2 74 68 1 1)
(757/2 77 70 1/2 1)
(759/2 79 71 1/2 1)
(759/2 76 69 1/2 1)
(380 72 67 1 1)
(380 76 69 1/2 1)
(381 74 68 1/2 1)
(381 77 70 1/2 1)
(763/2 74 68 1/2 1)
(763/2 71 66 1/2 1)
(382 72 67 1/2 1)
(765/2 74 68 1/2 1)
(383 76 69 1/2 1)
(767/2 76 69 1/2 1)
(384 77 70 1/2 1)
(769/2 79 71 1/2 1)
(385 81 72 1/2 1)
(771/2 83 73 1/2 1)
(386 84 74 1/2 1)
(773/2 74 68 3/2 1)
(388 60 60 1/2 1)
(777/2 62 61 1/2 1)
(389 64 62 1/2 1)
(779/2 64 62 1/2 1)
(390 65 63 1/2 1)
(781/2 67 64 1/2 1)
(391 69 65 1/2 1)
(783/2 71 66 1/2 1)
(392 72 67 1/2 1)
(785/2 62 61 3/2 1)
(394 60 60 3/2 1)
(791/2 67 64 3 1)
(791/2 72 67 5/2 1)
(791/2 76 69 3/2 1)
(398 74 68 1 1)
(398 77 70 1/2 1)
(399 76 69 1/2 1)
(399 72 67 1/2 1)
(799/2 74 68 1/2 1)
(799/2 71 66 1/2 1)
(400 72 67 3/2 1)
(400 76 69 3/2 1)
(803/2 76 69 3/2 1)
(803/2 72 67 5/2 1)
(803/2 67 64 3 1)
(404 77 70 1/2 1)
(809/2 77 70 1/2 1)
(405 67 64 1/2 1)
(405 76 69 1/2 1)
(811/2 65 63 1/2 1)
(811/2 74 68 1/2 1)
(406 72 67 3/2 1)
(406 64 62 3/2 1)
(827/2 79 71 1/2 1)
(414 77 70 1/2 1)
(829/2 76 69 1/2 1)
(415 74 68 1/2 1)
(831/2 76 69 1/2 1)
(416 77 70 1/2 1)
(833/2 76 69 1/2 1)
(417 74 68 1/2 1)
(835/2 72 67 1/2 1)
(418 70 66 1/2 1)
(837/2 72 67 1/2 1)
(419 74 68 1/2 1)
(839/2 70 66 1/2 1)
(839/2 72 67 1/10 1)
(420 69 65 1/2 1)
(841/2 68 64 1/2 1)
(421 69 65 1 1)
(422 69 65 1/2 1)
(845/2 73 67 3/2 1)
(424 74 68 3 1)
(427 76 69 1/2 1)
(855/2 77 70 1/2 1)
(428 79 71 1/2 1)
(857/2 77 70 1/2 1)
(429 76 69 1/2 1)
(859/2 74 68 1/2 1)
(430 73 67 1 1)
(431 81 72 3/2 1)
(865/2 74 68 1/2 1)
(433 73 67 1 1)
(434 81 72 3/2 1)
(871/2 74 68 1/2 1)
(436 73 67 1/2 1)
(873/2 74 68 1/2 1)
(437 76 69 1/2 1)
(438 69 65 1/2 1)
(877/2 64 62 1/2 1)
(439 65 63 1/2 1)
(879/2 62 61 1/2 1)
(440 69 65 1/2 1)
(881/2 68 64 1/2 1)
(441 64 62 1/2 1)
(883/2 68 64 1/2 1)
(442 68 64 1 1)
(442 74 68 1 1)
(443 73 67 1/2 1)
(443 69 65 1/2 1)
(444 69 65 1/2 1)
(889/2 64 62 1/2 1)
(445 65 63 1/2 1)
(891/2 62 61 1/2 1)
(446 69 65 1/2 1)
(893/2 68 64 1/2 1)
(447 64 62 1/2 1)
(895/2 68 64 1/2 1)
(895/2 74 68 1/2 1)
(448 74 68 1 1)
(448 68 64 1 1)
(449 69 65 1/2 1)
(449 73 67 1/2 1)
(450 74 68 1/2 1)
(901/2 69 65 1/2 1)
(451 70 66 1/2 1)
(903/2 67 64 1/2 1)
(452 74 68 1/2 1)
(905/2 76 69 1/2 1)
(453 69 65 1/2 1)
(907/2 70 66 1/2 1)
(907/2 79 71 1/2 1)
(454 79 71 1 1)
(454 70 66 1 1)
(455 69 65 1/2 1)
(455 77 70 1/2 1)
(456 74 68 1/2 1)
(913/2 69 65 1/2 1)
(457 70 66 1/2 1)
(915/2 67 64 1/2 1)
(458 74 68 1/2 1)
(917/2 76 69 1/2 1)
(459 69 65 1/2 1)
(919/2 70 66 1/2 1)
(919/2 79 71 1/2 1)
(460 79 71 1 1)
(460 70 66 1 1)
(461 69 65 1/2 1)
(461 78 70 1/2 1)
(462 79 71 1/2 1)
(925/2 74 68 1/2 1)
(463 75 69 1/2 1)
(927/2 72 67 1/2 1)
(464 79 71 1/2 1)
(929/2 81 72 1/2 1)
(465 74 68 1/2 1)
(931/2 75 69 1/2 1)
(931/2 84 74 1/2 1)
(466 75 69 1 1)
(466 84 74 1 1)
(467 74 68 1/2 1)
(467 82 73 1/2 1)
(468 79 71 1/2 1)
(937/2 74 68 1/2 1)
(469 75 69 1/2 1)
(939/2 72 67 1/2 1)
(470 79 71 1/2 1)
(941/2 81 72 1/2 1)
(471 74 68 1/2 1)
(943/2 84 74 1/2 1)
(472 84 74 1/2 1)
(945/2 82 73 1/2 1)
(473 81 72 1/2 1)
(947/2 81 72 1/2 1)
(474 79 71 1/2 1)
(949/2 77 70 1/2 1)
(475 77 70 1/2 1)
(951/2 75 69 1/2 1)
(476 74 68 1/2 1)
(953/2 74 68 1/2 1)
(477 72 67 1/2 1)
(955/2 70 66 1/2 1)
(478 70 66 1/2 1)
(957/2 69 65 1/2 1)
(479 67 64 1/2 1)
(959/2 67 64 1/2 1)
(480 65 63 1/2 1)
(961/2 63 62 1/2 1)
(481 62 61 1/2 1)
(963/2 63 62 1/2 1)
(482 65 63 1/2 1)
(965/2 67 64 1/2 1)
(483 65 63 1/2 1)
(967/2 63 62 1/2 1)
(484 63 62 1 1)
(485 62 61 1 1)
(486 65 63 1/2 1)
(973/2 69 65 1/2 1)
(487 72 67 1/2 1)
(975/2 75 69 1/2 1)
(488 75 69 1 1)
(489 74 68 1 1)
(490 65 63 1/2 1)
(981/2 69 65 1/2 1)
(491 72 67 1/2 1)
(983/2 75 69 1/2 1)
(492 75 69 1 1)
(493 74 68 1 1)
(494 70 66 1/2 1)
(989/2 74 68 1/2 1)
(495 77 70 1/2 1)
(991/2 80 71 1/2 1)
(496 80 71 1 1)
(497 79 71 1 1)
(498 70 66 1/2 1)
(997/2 74 68 1/2 1)
(499 77 70 1/2 1)
(999/2 80 71 1/2 1)
(500 80 71 1/2 1)
(1001/2 79 71 1/2 1)
(501 79 71 1/2 1)
(1003/2 77 70 1/2 1)
(502 77 70 1/2 1)
(1005/2 75 69 1/2 1)
(503 75 69 1/2 1)
(1007/2 74 68 1/2 1)
(504 74 68 1/2 1)
(1009/2 72 67 1/2 1)
(505 72 67 1/2 1)
(1011/2 70 66 1/2 1)
(506 70 66 1/2 1)
(1013/2 68 64 1/2 1)
(507 67 64 1/2 1)
(1015/2 65 63 1/2 1)
(508 67 64 2 1)
(508 65 63 1/10 1)
(510 63 62 1/2 1)
(1021/2 67 64 1/2 1)
(511 70 66 1/2 1)
(1023/2 73 67 1/2 1)
(512 73 67 1 1)
(513 72 67 1 1)
(514 63 62 1/2 1)
(1029/2 67 64 1/2 1)
(515 70 66 1/2 1)
(1031/2 73 67 1/2 1)
(516 73 67 1 1)
(517 72 67 1 1)
(518 75 69 1/2 1)
(1037/2 70 66 1/2 1)
(519 70 66 1/2 1)
(1039/2 69 65 1/2 1)
(520 69 65 1/2 1)
(1041/2 70 66 1/2 1)
(521 70 66 1/2 1)
(1043/2 72 67 1/2 1)
(522 72 67 1/4 1)
(1045/2 72 67 1/2 1)
(523 73 67 1/2 1)
(1047/2 75 69 1/2 1)
(524 73 67 1 1)
(524 75 69 1/10 1)
(525 72 67 1/2 1)
(1051/2 70 66 1/2 1)
(526 65 63 1/2 1)
(1053/2 69 65 1/2 1)
(527 72 67 1/2 1)
(1055/2 75 69 1/2 1)
(528 75 69 1 1)
(529 73 67 1 1)
(530 65 63 1/2 1)
(1061/2 69 65 1/2 1)
(531 72 67 1/2 1)
(1063/2 75 69 1/2 1)
(532 75 69 1 1)
(533 73 67 1 1)
(534 77 70 1/2 1)
(1069/2 72 67 1/2 1)
(535 72 67 1/2 1)
(1071/2 71 66 1/2 1)
(536 71 66 1/2 1)
(1073/2 72 67 1/2 1)
(537 72 67 1/2 1)
(1075/2 74 68 1/2 1)
(538 74 68 1/4 1)
(1077/2 74 68 1/2 1)
(539 75 69 1/2 1)
(1079/2 77 70 1/2 1)
(540 75 69 1 1)
(540 77 70 1/10 1)
(541 74 68 1/2 1)
(1083/2 72 67 1/2 1)
(542 67 64 1/2 1)
(1085/2 71 66 1/2 1)
(543 74 68 1/2 1)
(1087/2 77 70 1/2 1)
(544 77 70 1 1)
(545 75 69 1 1)
(546 67 64 1/2 1)
(1093/2 71 66 1/2 1)
(547 74 68 1/2 1)
(1095/2 77 70 1/2 1)
(548 77 70 1 1)
(549 76 69 1 1)
(550 79 71 1/2 1)
(1101/2 76 69 1/2 1)
(551 72 67 1/2 1)
(1103/2 70 66 1/2 1)
(552 70 66 1 1)
(553 68 64 1 1)
(554 73 67 1/2 1)
(1109/2 70 66 1/2 1)
(555 67 64 1/2 1)
(1111/2 65 63 1/2 1)
(556 65 63 1 1)
(557 64 62 1 1)
(558 79 71 1/2 1)
(1117/2 76 69 1/2 1)
(559 72 67 1/2 1)
(1119/2 70 66 1/2 1)
(560 70 66 1 1)
(561 68 64 1 1)
(562 73 67 1/2 1)
(1125/2 70 66 1/2 1)
(563 67 64 1/2 1)
(1127/2 65 63 1/2 1)
(564 64 62 1 1)
(565 84 74 1/2 1)
(1131/2 82 73 1/2 1)
(566 80 71 1/2 1)
(1133/2 79 71 1/2 1)
(567 80 71 1/2 1)
(1135/2 82 73 1/2 1)
(568 84 74 1/2 1)
(1137/2 82 73 1/2 1)
(569 80 71 1/2 1)
(1139/2 79 71 1/2 1)
(570 77 70 1/2 1)
(1141/2 79 71 1/2 1)
(571 80 71 1/2 1)
(1143/2 79 71 1/2 1)
(572 77 70 1/2 1)
(1145/2 75 69 1/2 1)
(573 73 67 1/2 1)
(1147/2 75 69 1/2 1)
(574 77 70 1/2 1)
(1149/2 73 67 1/2 1)
(575 72 67 1/2 1)
(1151/2 71 66 1/2 1)
(576 72 67 3/2 1)
(1155/2 76 69 3/2 1)
(579 77 70 3 1)
(582 79 71 1/2 1)
(1165/2 80 71 1/2 1)
(583 82 73 1/2 1)
(1167/2 80 71 1/2 1)
(584 79 71 1/2 1)
(1169/2 77 70 1/2 1)
(585 84 74 1 1)
(586 76 69 1/2 1)
(1173/2 77 70 1/2 1)
(587 76 69 1/2 1)
(1175/2 77 70 1/2 1)
(588 79 71 1 1)
(589 76 69 1/2 1)
(1179/2 77 70 1/2 1)
(590 76 69 1/2 1)
(1181/2 77 70 1/2 1)
(591 79 71 1 1)
(592 76 69 1/2 1)
(1185/2 77 70 1/2 1)
(593 76 69 1/2 1)
(1187/2 77 70 1/2 1)
(594 77 70 1/10 1)
(594 79 71 3/2 1)
(596 72 67 1/2 1)
(1193/2 67 64 1/2 1)
(597 68 64 1/2 1)
(1195/2 65 63 1/2 1)
(598 72 67 1/2 1)
(1197/2 71 66 1/2 1)
(599 67 64 1/2 1)
(1199/2 71 66 1/2 1)
(1199/2 77 70 1/2 1)
(600 77 70 1 1)
(600 71 66 1 1)
(601 76 69 1/2 1)
(601 72 67 1/2 1)
(602 72 67 1/2 1)
(1205/2 67 64 1/2 1)
(603 68 64 1/2 1)
(1207/2 65 63 1/2 1)
(604 72 67 1/2 1)
(1209/2 71 66 1/2 1)
(605 67 64 1/2 1)
(1211/2 71 66 1/2 1)
(1211/2 77 70 1/2 1)
(606 77 70 1 1)
(606 71 66 1 1)
(607 72 67 1/2 1)
(607 76 69 1/2 1)
(608 77 70 1/2 1)
(1217/2 72 67 1/2 1)
(609 73 67 1/2 1)
(1219/2 70 66 1/2 1)
(610 77 70 1/2 1)
(1221/2 76 69 1/2 1)
(611 72 67 1/2 1)
(1223/2 76 69 1/2 1)
(1223/2 82 73 1/2 1)
(612 82 73 1 1)
(612 76 69 1 1)
(613 77 70 1/2 1)
(613 80 71 1/2 1)
(614 77 70 1/2 1)
(1229/2 72 67 1/2 1)
(615 73 67 1/2 1)
(1231/2 70 66 1/2 1)
(616 77 70 1/2 1)
(1233/2 76 69 1/2 1)
(617 72 67 1/2 1)
(1235/2 82 73 1/2 1)
(618 82 73 1/2 1)
(1237/2 80 71 1/2 1)
(619 79 71 1/2 1)
(1239/2 79 71 1/2 1)
(620 77 70 1/2 1)
(1241/2 75 69 1/2 1)
(621 75 69 1/2 1)
(1243/2 73 67 1/2 1)
(622 72 67 1/2 1)
(1245/2 70 66 1/2 1)
(623 68 64 1/2 1)
(1247/2 67 64 1/2 1)
(624 65 63 1 1)
(625 72 67 1 1)
(626 73 67 1/2 1)
(1253/2 70 66 1/2 1)
(627 72 67 1 1)
(628 79 71 1 1)
(629 80 71 1/2 1)
(1259/2 77 70 1/2 1)
(630 79 71 1 1)
(631 72 67 1 1)
(632 73 67 1/2 1)
(1265/2 70 66 1/2 1)
(633 72 67 1 1)
(634 79 71 1 1)
(635 80 71 1/2 1)
(1271/2 77 70 1/2 1)
(636 79 71 1 1)
(637 85 74 1 1)
(638 82 73 1/2 1)
(1277/2 79 71 1/2 1)
(639 84 74 1/2 1)
(1279/2 80 71 1/2 1)
(640 77 70 1 1)
(641 79 71 1/2 1)
(1283/2 76 69 1/2 1)
(642 77 70 1 1)
(643 72 67 1 1)
(644 73 67 1/2 1)
(1289/2 70 66 1/2 1)
(645 72 67 1 1)
(646 79 71 1 1)
(647 80 71 1/2 1)
(1295/2 77 70 1/2 1)
(648 79 71 1 1)
(649 72 67 1 1)
(650 73 67 1/2 1)
(1301/2 70 66 1/2 1)
(651 72 67 1 1)
(652 79 71 1 1)
(653 80 71 1/2 1)
(1307/2 77 70 1/2 1)
(654 79 71 1 1)
(655 85 74 1 1)
(656 82 73 1/2 1)
(1313/2 79 71 1/2 1)
(657 84 74 1/2 1)
(1315/2 80 71 1/2 1)
(658 77 70 1 1)
(659 79 71 1/2 1)
(1319/2 76 69 1/2 1)
(660 77 70 3/2 1)
(1323/2 84 74 1/2 1)
(662 80 71 1/2 1)
(1325/2 77 70 1/2 1)
(663 79 71 1/10 1)
(663 77 70 1/2 1)
(1327/2 76 69 1/2 1)
(664 76 69 1/4 1)
(1329/2 79 71 1/4 1)
(665 79 71 1/4 1)
(1331/2 79 71 1/4 1)
(666 79 71 1/2 1)
(666 80 71 3 1)
(1333/2 77 70 1/2 1)
(667 77 70 1/4 1)
(1335/2 77 70 1/4 1)
(668 77 70 1/4 1)
(1337/2 77 70 1/4 1)
(669 77 70 1/2 1)
(669 79 71 3/2 1)
(1339/2 76 69 1/2 1)
(670 76 69 1/2 1)
(1341/2 79 71 1/2 1)
(671 79 71 1/2 1)
(1343/2 79 71 1/4 1)
(672 79 71 1/2 1)
(672 80 71 3 1)
(1345/2 77 70 1/2 1)
(673 77 70 1/4 1)
(1347/2 77 70 1/4 1)
(674 77 70 1/4 1)
(1349/2 77 70 1/4 1)
(675 77 70 1/2 1)
(675 79 71 3/2 1)
(1351/2 75 69 1/2 1)
(676 75 69 1/2 1)
(1353/2 75 69 1/2 1)
(1353/2 77 70 3/2 1)
(677 73 67 1/2 1)
(1355/2 73 67 1/4 1)
(678 75 69 3/2 1)
(678 73 67 1/2 1)
(1357/2 72 67 1/2 1)
(679 72 67 1/4 1)
(1359/2 73 67 3/2 1)
(1359/2 72 67 1/2 1)
(680 70 66 1/2 1)
(1361/2 70 66 1/4 1)
(681 72 67 3/2 1)
(681 70 66 1/2 1)
(1363/2 68 64 1/2 1)
(682 70 66 1/2 1)
(1365/2 72 67 1/2 1)
(683 68 64 1/2 1)
(1367/2 65 63 1/2 1)
(684 67 64 1/10 1)
(684 65 63 1/2 1)
(1369/2 64 62 1/2 1)
(685 64 62 1/4 1)
(1371/2 67 64 1/4 1)
(686 67 64 1/4 1)
(1373/2 67 64 1/4 1)
(687 67 64 1/2 1)
(687 68 64 3 1)
(1375/2 65 63 1/2 1)
(688 65 63 1/4 1)
(1377/2 65 63 1/4 1)
(689 65 63 1/4 1)
(1379/2 65 63 1/4 1)
(690 67 64 3/2 1)
(690 65 63 1/2 1)
(1381/2 64 62 1/2 1)
(691 64 62 1/4 1)
(1383/2 67 64 1/2 1)
(692 67 64 1/2 1)
(1385/2 67 64 1/4 1)
(693 68 64 3 1)
(693 67 64 1/2 1)
(1387/2 65 63 1/2 1)
(694 65 63 1/4 1)
(1389/2 65 63 1/2 1)
(695 65 63 1/2 1)
(1391/2 65 63 1/4 1)
(696 67 64 3 1)
(696 65 63 1/2 1)
(1393/2 63 62 1/2 1)
(697 63 62 1/4 1)
(1395/2 63 62 1/4 1)
(698 63 62 1/2 1)
(1397/2 63 62 1/4 1)
(699 69 65 3/2 1)
(699 63 62 1/4 1)
(1399/2 63 62 1/2 1)
(700 63 62 1/4 1)
(1401/2 70 66 3/2 1)
(1401/2 61 60 1/4 1)
(701 61 60 1/2 1)
(1403/2 61 60 1/4 1)
(702 64 62 1/4 1)
(702 70 66 3/2 1)
(1405/2 64 62 1/4 1)
(703 64 62 1/4 1)
(1407/2 65 63 3/2 1)
(1407/2 68 64 1/2 1)
(704 68 64 1/2 1)
(1409/2 68 64 1/4 1)
(705 71 66 1/4 1)
(705 65 63 3/2 1)
(1411/2 71 66 1/2 1)
(706 71 66 1/4 1)
(1413/2 72 67 3/2 1)
(1413/2 64 62 1/2 1)
(707 64 62 1/4 1)
(1415/2 64 62 1/4 1)
(708 72 67 3/2 1)
(708 65 63 1/4 1)
(1417/2 65 63 1/4 1)
(709 65 63 1/4 1)
(1419/2 70 66 3/2 1)
(1419/2 77 70 1/4 1)
(710 77 70 1/4 1)
(1421/2 77 70 1/4 1)
(711 76 69 1/4 1)
(711 70 66 3/2 1)
(1423/2 76 69 1/4 1)
(712 76 69 1/4 1)
(1425/2 77 70 1/4 1)
(1425/2 68 64 3/2 1)
(713 77 70 1/4 1)
(1427/2 77 70 1/4 1)
(714 73 67 1/2 1)
(714 75 69 1/10 1)
(1429/2 72 67 1/2 1)
(715 70 66 1/2 1)
(1431/2 70 66 1/2 1)
(716 68 64 1/2 1)
(1433/2 67 64 1/2 1)
(717 65 63 1/2 1)
(1435/2 68 64 1/2 1)
(718 70 66 1/2 1)
(1437/2 72 67 1/2 1)
(719 68 64 1/2 1)
(1439/2 65 63 1/2 1)
(720 65 63 1/2 1)
(720 67 64 1/10 1)
(1441/2 64 62 1/2 1)
(721 64 62 1/4 1)
(1443/2 67 64 1/4 1)
(722 67 64 1/4 1)
(1445/2 67 64 1/4 1)
(723 68 64 3 1)
(723 67 64 1/2 1)
(1447/2 65 63 1/2 1)
(724 65 63 1/4 1)
(1449/2 65 63 1/4 1)
(725 65 63 1/4 1)
(1451/2 65 63 1/4 1)
(726 65 63 1/2 1)
(726 67 64 3/2 1)
(1453/2 64 62 1/2 1)
(727 64 62 1/2 1)
(1455/2 67 64 1/2 1)
(728 67 64 1/4 1)
(1457/2 67 64 1/4 1)
(729 67 64 1/2 1)
(729 68 64 3 1)
(1459/2 65 63 1/2 1)
(730 65 63 1/4 1)
(1461/2 65 63 1/2 1)
(731 65 63 1/4 1)
(1463/2 65 63 1/4 1)
(732 65 63 1/2 1)
(732 67 64 3 1)
(1465/2 63 62 1/2 1)
(733 63 62 1/2 1)
(1467/2 63 62 1/4 1)
(734 63 62 1/4 1)
(1469/2 63 62 1/4 1)
(735 69 65 3/2 1)
(735 63 62 1/4 1)
(1471/2 63 62 1/4 1)
(736 63 62 1/4 1)
(1473/2 70 66 3/2 1)
(1473/2 61 60 1/4 1)
(737 61 60 1/4 1)
(1475/2 61 60 1/4 1)
(738 64 62 1/4 1)
(738 70 66 3/2 1)
(1477/2 64 62 1/4 1)
(739 64 62 1/4 1)
(1479/2 65 63 3/2 1)
(1479/2 68 64 1/4 1)
(740 68 64 1/2 1)
(1481/2 68 64 1/4 1)
(741 71 66 1/4 1)
(741 65 63 3/2 1)
(1483/2 71 66 1/2 1)
(742 71 66 1/4 1)
(1485/2 72 67 3/2 1)
(1485/2 64 62 1/4 1)
(743 64 62 1/4 1)
(1487/2 64 62 1/4 1)
(744 72 67 3/2 1)
(744 65 63 1/2 1)
(1489/2 65 63 1/4 1)
(745 65 63 1/4 1)
(1491/2 77 70 1/4 1)
(1491/2 70 66 3/2 1)
(746 77 70 1/4 1)
(1493/2 77 70 1/4 1)
(747 70 66 3/2 1)
(747 76 69 1/4 1)
(1495/2 76 69 1/2 1)
(748 76 69 1/4 1)
(1497/2 68 64 3/2 1)
(1497/2 77 70 1/4 1)
(749 77 70 1/4 1)
(1499/2 77 70 1/4 1)
(750 75 69 1/10 1)
(750 73 67 1/2 1)
(1501/2 72 67 1/2 1)
(751 70 66 1/2 1)
(1503/2 70 66 1/2 1)
(752 68 64 1/2 1)
(1505/2 67 64 1/2 1)
(753 65 63 1/2 1)
(1507/2 65 63 1/2 1)
(754 68 64 1/2 1)
(1509/2 67 64 1 1)
(1511/2 76 69 1/2 1)
(756 77 70 1/2 1)
(1513/2 65 63 1/2 1)
(757 68 64 1/2 1)
(1515/2 67 64 1 1)
(1517/2 79 71 1/2 1)
(1517/2 76 69 1/2 1)
(759 77 70 1/2 1)
(759 80 71 1/2 1)
(1519/2 65 63 1/2 1)
(760 68 64 1/2 1)
(1521/2 67 64 1 1)
(1523/2 82 73 1/2 1)
(1523/2 79 71 1/2 1)
(762 84 74 1/2 1)
(762 80 71 1/2 1)
(1525/2 76 69 1/2 1)
(763 79 71 1/2 1)
(1527/2 77 70 1/2 1)
(764 72 67 1/2 1)
(1529/2 75 69 1/2 1)
(765 75 69 1/2 1)
(1531/2 73 67 1/2 1)
(766 72 67 1/2 1)
(1533/2 70 66 1/2 1)
(767 68 64 1/2 1)
(1535/2 67 64 1/2 1)
(768 65 63 1/2 1)
(1537/2 65 63 1/2 1)
(769 68 64 1/2 1)
(1539/2 67 64 1 1)
(1541/2 76 69 1/2 1)
(771 77 70 1/2 1)
(1543/2 65 63 1/2 1)
(772 68 64 1/2 1)
(1545/2 67 64 1 1)
(1547/2 79 71 1/2 1)
(1547/2 76 69 1/2 1)
(774 80 71 1/2 1)
(774 77 70 1/2 1)
(1549/2 65 63 1/2 1)
(775 68 64 1/2 1)
(1551/2 67 64 1 1)
(1553/2 79 71 1/2 1)
(1553/2 82 73 1/2 1)
(777 80 71 1/2 1)
(777 84 74 1/2 1)
(1555/2 76 69 1/2 1)
(778 79 71 1/2 1)
(1557/2 77 70 1/2 1)
(779 72 67 1/2 1)
(1559/2 75 69 1/2 1)
(780 75 69 1/2 1)
(1561/2 73 67 1/2 1)
(781 72 67 1/2 1)
(1563/2 70 66 1/2 1)
(782 68 64 1/2 1)
(1565/2 67 64 1/2 1)
(783 65 63 1 1)
(784 81 72 1 1)
(784 84 74 1/2 1)
(785 82 73 1/2 1)
(785 86 75 1/2 1)
(1571/2 79 71 1 1)
(1571/2 82 73 1/2 1)
(1573/2 84 74 1/2 1)
(1573/2 81 72 1/2 1)
(787 81 72 1/2 1)
(787 77 70 1 1)
(788 79 71 1/2 1)
(788 82 73 1/2 1)
(1577/2 79 71 1/2 1)
(1577/2 76 69 1/2 1)
(789 77 70 1 1)
(790 69 65 1 1)
(790 72 67 1/2 1)
(791 70 66 1/2 1)
(791 74 68 1/2 1)
(1583/2 67 64 1 1)
(1583/2 70 66 1/2 1)
(1585/2 69 65 1/2 1)
(1585/2 72 67 1/2 1)
(793 69 65 1/2 1)
(793 65 63 1 1)
(794 67 64 1/2 1)
(794 70 66 1/2 1)
(1589/2 64 62 1/2 1)
(1589/2 67 64 1/2 1)
(795 65 63 1/2 1)
(1591/2 67 64 1/2 1)
(796 69 65 1/2 1)
(1593/2 69 65 1/2 1)
(797 70 66 1/2 1)
(1595/2 72 67 1/2 1)
(798 74 68 1/2 1)
(1597/2 76 69 1/2 1)
(799 77 70 1/2 1)
(1599/2 67 64 3/2 1)
(801 65 63 3/2 1)
(1605/2 65 63 1/2 1)
(803 67 64 1/2 1)
(1607/2 69 65 1/2 1)
(804 70 66 1/2 1)
(1609/2 72 67 1/2 1)
(805 74 68 1/2 1)
(1611/2 74 68 1/2 1)
(806 72 67 1/2 1)
(1613/2 70 66 1/2 1)
(807 69 65 1/2 1)
(1615/2 67 64 1/2 1)
(808 65 63 1/2 1)
(1617/2 65 63 1/2 1)
(809 67 64 1/2 1)
(1619/2 69 65 1/2 1)
(810 70 66 1/2 1)
(1621/2 72 67 1/2 1)
(811 74 68 1/2 1)
(1623/2 74 68 1/2 1)
(812 72 67 1/2 1)
(1625/2 70 66 1/2 1)
(813 69 65 1/2 1)
(1627/2 70 66 1/2 1)
(814 72 67 1/2 1)
(1629/2 65 63 1/2 1)
(815 67 64 1/2 1)
(1631/2 69 65 1/2 1)
(816 62 61 1/2 1)
(1633/2 70 66 1/2 1)
(1633/2 74 68 1/2 1)
(817 72 67 1/2 1)
(817 69 65 1/2 1)
(1635/2 67 64 1/2 1)
(1635/2 70 66 1/2 1)
(818 65 63 1/2 1)
(818 69 65 1/2 1)
(1637/2 70 66 1/2 1)
(1637/2 67 64 1/2 1)
(819 69 65 1/2 1)
(1639/2 70 66 1/2 1)
(820 72 67 1/2 1)
(1641/2 65 63 1/2 1)
(821 67 64 1/2 1)
(1643/2 69 65 1/2 1)
(822 62 61 1/2 1)
(1645/2 62 61 1/2 1)
(1645/2 70 66 1/2 1)
(823 60 60 1/2 1)
(823 69 65 1/2 1)
(1647/2 67 64 1/2 1)
(1647/2 58 59 1/2 1)
(824 57 58 1/2 1)
(824 65 63 1/2 1)
(1649/2 64 62 1/2 1)
(1649/2 55 57 1/2 1)
(825 65 63 3/2 1)
(825 55 57 1/10 1)
(825 53 56 3/2 1)
