(7 72 67 1/2 1)
(15/2 77 70 1/4 1)
(8 77 70 1/4 1)
(17/2 76 69 1/4 1)
(9 74 68 1/4 1)
(19/2 74 68 1/4 1)
(10 72 67 1/4 1)
(21/2 70 66 1/4 1)
(11 69 65 1/4 1)
(23/2 70 66 1/4 1)
(12 72 67 3/2 1)
(29/2 72 67 1/2 1)
(15 82 73 1/4 1)
(31/2 82 73 1/4 1)
(16 81 72 1/4 1)
(33/2 79 71 1/4 1)
(17 79 71 1/4 1)
(35/2 77 70 1/4 1)
(18 76 69 1/4 1)
(37/2 76 69 1/4 1)
(19 74 68 1/4 1)
(39/2 72 67 1/4 1)
(20 72 67 1/4 1)
(41/2 70 66 1/4 1)
(41/2 67 64 1/4 1)
(21 69 65 1/4 1)
(43/2 70 66 1/4 1)
(43/2 67 64 1/4 1)
(22 72 67 1/4 1)
(22 69 65 1/4 1)
(45/2 67 64 1/4 1)
(45/2 70 66 1/4 1)
(23 69 65 1/4 1)
(23 65 63 1/4 1)
(47/2 64 62 1/4 1)
(47/2 67 64 1/4 1)
(24 65 63 1 1)
(53/2 60 60 1/2 1)
(27 65 63 1/4 1)
(55/2 65 63 1/4 1)
(28 64 62 1/4 1)
(57/2 69 65 1/4 1)
(29 69 65 1/4 1)
(59/2 72 67 1/4 1)
(59/2 67 64 1/4 1)
(30 65 63 1/4 1)
(30 77 70 1/4 1)
(61/2 77 70 1/4 1)
(31 76 69 1/4 1)
(63/2 81 72 1/4 1)
(32 81 72 1/4 1)
(65/2 79 71 1/4 1)
(33 77 70 1/4 1)
(67/2 77 70 1/4 1)
(67/2 81 72 1/4 1)
(34 79 71 1/4 1)
(34 76 69 1/4 1)
(69/2 77 70 1/4 1)
(69/2 74 68 1/4 1)
(35 72 67 1/4 1)
(35 76 69 1/4 1)
(71/2 74 68 1/4 1)
(71/2 71 66 1/4 1)
(36 76 69 3/2 1)
(36 72 67 3/2 1)
(77/2 55 57 1/2 1)
(39 60 60 1/4 1)
(79/2 60 60 1/4 1)
(40 59 59 1/4 1)
(81/2 64 62 1/4 1)
(41 64 62 1/4 1)
(83/2 67 64 1/4 1)
(83/2 62 61 1/4 1)
(42 60 60 1/4 1)
(42 72 67 1/4 1)
(85/2 72 67 1/4 1)
(43 71 66 1/4 1)
(87/2 76 69 1/2 1)
(44 76 69 1/4 1)
(89/2 79 71 1/4 1)
(89/2 74 68 1/4 1)
(45 84 74 1/4 1)
(45 72 67 1/4 1)
(91/2 84 74 1/4 1)
(46 83 73 1/4 1)
(93/2 81 72 1/4 1)
(47 81 72 1/4 1)
(95/2 79 71 1/4 1)
(48 77 70 1/4 1)
(97/2 76 69 1/4 1)
(49 74 68 1/4 1)
(99/2 72 67 1/2 1)
(50 71 66 1/2 1)
(101/2 72 67 1/4 1)
(101/2 78 70 1/4 1)
(51 71 66 1 1)
(51 79 71 1 1)
(52 79 71 5 1)
(105/2 71 66 1/4 1)
(53 71 66 1/4 1)
(107/2 72 67 1/4 1)
(54 74 68 1/2 1)
(109/2 74 68 1/4 1)
(55 76 69 1/4 1)
(111/2 77 70 1/4 1)
(56 77 70 1/2 1)
(113/2 76 69 1/4 1)
(57 71 66 1 1)
(57 67 64 1 1)
(57 79 71 1 1)
(57 74 68 1 1)
(58 79 71 5 1)
(117/2 71 66 1/4 1)
(59 71 66 1/4 1)
(119/2 72 67 1/4 1)
(60 74 68 1/2 1)
(121/2 74 68 1/4 1)
(61 76 69 1/4 1)
(123/2 77 70 1/2 1)
(62 77 70 1/4 1)
(125/2 76 69 1/4 1)
(63 71 66 1 1)
(63 74 68 1 1)
(63 67 64 1 1)
(63 79 71 1 1)
(64 84 74 1/4 1)
(129/2 84 74 1/2 1)
(65 74 68 1/2 1)
(131/2 81 72 1/4 1)
(66 81 72 1/2 1)
(133/2 71 66 1/2 1)
(67 76 69 1/4 1)
(67 79 71 1/4 1)
(135/2 74 68 1/4 1)
(135/2 77 70 1/4 1)
(68 76 69 1/4 1)
(68 72 67 1/4 1)
(137/2 74 68 1/4 1)
(137/2 71 66 1/4 1)
(69 72 67 1 1)
(69 76 69 1 1)
(70 79 71 5 1)
(141/2 71 66 1/4 1)
(71 71 66 1/4 1)
(143/2 72 67 1/4 1)
(72 74 68 1/4 1)
(145/2 74 68 1/4 1)
(73 76 69 1/4 1)
(147/2 77 70 1/4 1)
(74 77 70 1/4 1)
(149/2 76 69 1/4 1)
(75 79 71 1 1)
(75 74 68 1 1)
(75 67 64 1 1)
(75 71 66 1 1)
(76 79 71 5 1)
(153/2 71 66 1/4 1)
(77 71 66 1/4 1)
(155/2 72 67 1/2 1)
(78 74 68 1/4 1)
(157/2 74 68 1/4 1)
(79 76 69 1/4 1)
(159/2 77 70 1/2 1)
(80 77 70 1/4 1)
(161/2 76 69 1/4 1)
(81 67 64 1 1)
(81 79 71 1 1)
(81 71 66 1 1)
(81 74 68 1 1)
(82 84 74 1/4 1)
(165/2 84 74 1/2 1)
(83 74 68 1/2 1)
(167/2 81 72 1/4 1)
(84 81 72 1/2 1)
(169/2 71 66 1/2 1)
(85 79 71 1/4 1)
(85 76 69 1/4 1)
(171/2 77 70 1/4 1)
(171/2 74 68 1/4 1)
(86 72 67 1/4 1)
(86 76 69 1/4 1)
(173/2 71 66 1/4 1)
(173/2 74 68 1/4 1)
(87 72 67 1 1)
(88 72 67 1/4 1)
(177/2 72 67 1/2 1)
(89 62 61 1/2 1)
(179/2 69 65 1/4 1)
(90 69 65 1/2 1)
(181/2 59 59 1/2 1)
(91 67 64 1/4 1)
(91 64 62 1/4 1)
(183/2 65 63 1/4 1)
(183/2 62 61 1/4 1)
(92 60 60 1/4 1)
(92 64 62 1/4 1)
(185/2 59 59 1/4 1)
(185/2 62 61 1/4 1)
(93 60 60 3 1)
(96 69 65 1/4 1)
(96 76 69 1/4 1)
(96 79 71 1/4 1)
(96 73 67 1/4 1)
(193/2 69 65 1/4 1)
(97 77 70 1/2 1)
(97 74 68 1/2 1)
(195/2 73 67 1/2 1)
(195/2 76 69 1/2 1)
(98 69 65 1/2 1)
(197/2 74 68 1/4 1)
(197/2 71 66 1/4 1)
(99 69 65 1 1)
(99 69 65 3 1)
(99 73 67 1 1)
(100 74 68 1/2 1)
(100 71 66 1/2 1)
(201/2 73 67 1 1)
(201/2 76 69 1 1)
(203/2 77 70 1/2 1)
(203/2 74 68 1/2 1)
(102 79 71 1 1)
(102 76 69 1 1)
(102 69 65 3/2 1)
(103 74 68 1/2 1)
(103 77 70 1/2 1)
(207/2 70 66 3/2 1)
(207/2 77 70 1/4 1)
(104 76 69 1/4 1)
(209/2 74 68 1/4 1)
(105 69 65 3/2 1)
(105 76 69 1 1)
(105 73 67 1 1)
(106 74 68 1/2 1)
(106 77 70 1/2 1)
(213/2 70 66 3/2 1)
(213/2 77 70 1/4 1)
(107 76 69 1/4 1)
(215/2 74 68 1/4 1)
(108 73 67 1 1)
(108 76 69 1 1)
(108 69 65 3/2 1)
(109 77 70 1/2 1)
(109 74 68 1/2 1)
(219/2 77 70 1/4 1)
(219/2 70 66 3/2 1)
(110 76 69 1/4 1)
(221/2 74 68 1/4 1)
(111 69 65 3/2 1)
(111 74 68 1 1)
(112 76 69 1/2 1)
(114 80 71 1/4 1)
(114 70 66 1/4 1)
(114 77 70 1/4 1)
(114 74 68 1/4 1)
(229/2 70 66 1/4 1)
(115 79 71 1/4 1)
(115 75 69 1/4 1)
(231/2 77 70 1/2 1)
(231/2 74 68 1/2 1)
(116 70 66 1/2 1)
(233/2 75 69 1/4 1)
(233/2 72 67 1/4 1)
(117 70 66 3 1)
(117 74 68 1 1)
(117 70 66 1 1)
(118 72 67 1/2 1)
(118 75 69 1/2 1)
(237/2 77 70 1 1)
(237/2 74 68 1 1)
(239/2 75 69 1/2 1)
(239/2 79 71 1/2 1)
(120 77 70 1 1)
(120 70 66 3/2 1)
(120 80 71 1 1)
(121 75 69 1/2 1)
(121 79 71 1/2 1)
(243/2 79 71 1/4 1)
(243/2 72 67 3/2 1)
(122 77 70 1/4 1)
(245/2 75 69 1/4 1)
(123 77 70 1 1)
(123 74 68 1 1)
(124 75 69 1/2 1)
(124 79 71 1/2 1)
(249/2 72 67 3/2 1)
(249/2 79 71 1/4 1)
(125 77 70 1/4 1)
(251/2 75 69 1/4 1)
(126 77 70 1 1)
(126 74 68 1 1)
(127 79 71 1/2 1)
(127 75 69 1/2 1)
(255/2 79 71 1/4 1)
(255/2 72 67 3/2 1)
(128 77 70 1/4 1)
(257/2 75 69 1/4 1)
(129 74 68 3/2 1)
(129 77 70 3/2 1)
(263/2 58 59 1/2 1)
(132 63 62 1/4 1)
(265/2 63 62 1/4 1)
(133 62 61 1/4 1)
(267/2 67 64 1/4 1)
(134 67 64 1/4 1)
(269/2 66 63 1/4 1)
(135 70 66 1/4 1)
(271/2 70 66 1/4 1)
(136 69 65 1/4 1)
(273/2 74 68 1/4 1)
(137 74 68 1/4 1)
(275/2 73 67 1/4 1)
(138 77 70 1/4 1)
(277/2 77 70 1/4 1)
(139 76 69 1/4 1)
(279/2 81 72 1/4 1)
(140 81 72 1/4 1)
(281/2 80 71 1/4 1)
(141 84 74 1/4 1)
(283/2 84 74 1/4 1)
(142 83 73 1/4 1)
(285/2 81 72 1/4 1)
(143 81 72 1/4 1)
(287/2 79 71 1/4 1)
(144 77 70 1/4 1)
(289/2 76 69 1/4 1)
(145 74 68 1/4 1)
(291/2 72 67 1/4 1)
(146 71 66 1/4 1)
(293/2 69 65 1/2 1)
(147 71 66 3/2 1)
(147 64 62 3/2 1)
(299/2 64 62 1/2 1)
(150 69 65 1/4 1)
(301/2 69 65 1/4 1)
(151 68 64 1/4 1)
(303/2 72 67 1/4 1)
(152 72 67 1/4 1)
(305/2 71 66 1/4 1)
(153 76 69 1/4 1)
(307/2 76 69 1/4 1)
(154 74 68 1/4 1)
(309/2 79 71 1/4 1)
(155 79 71 1/4 1)
(311/2 78 70 1/4 1)
(156 82 73 1/4 1)
(313/2 82 73 1/4 1)
(157 81 72 1/4 1)
(315/2 86 75 1/4 1)
(158 86 75 1/4 1)
(317/2 85 74 1/4 1)
(159 89 77 1/4 1)
(319/2 89 77 1/4 1)
(160 88 76 1/4 1)
(321/2 86 75 1/4 1)
(161 86 75 1/4 1)
(323/2 84 74 1/4 1)
(162 82 73 1/4 1)
(325/2 81 72 1/4 1)
(163 79 71 1/4 1)
(327/2 77 70 1/2 1)
(164 76 69 1/2 1)
(329/2 77 70 1/2 1)
(329/2 83 73 1/2 1)
(165 84 74 1/2 1)
(165 79 71 1/2 1)
(331/2 72 67 1/2 1)
(166 76 69 1/4 1)
(333/2 77 70 1/2 1)
(167 79 71 1/2 1)
(335/2 81 72 1/4 1)
(168 79 71 1/2 1)
(337/2 72 67 1/2 1)
(169 76 69 1/4 1)
(339/2 77 70 1/2 1)
(170 79 71 1/2 1)
(341/2 81 72 1/4 1)
(171 79 71 1 1)
(172 84 74 5 1)
(345/2 76 69 1/4 1)
(173 76 69 1/4 1)
(347/2 77 70 1/4 1)
(174 79 71 1/4 1)
(349/2 79 71 1/4 1)
(175 81 72 1/4 1)
(351/2 82 73 1/4 1)
(176 82 73 1/4 1)
(353/2 81 72 1/4 1)
(177 79 71 1 1)
(177 84 74 1 1)
(177 72 67 1 1)
(177 76 69 1 1)
(178 84 74 5 1)
(357/2 76 69 1/4 1)
(179 76 69 1/4 1)
(359/2 77 70 1/4 1)
(180 79 71 1/4 1)
(361/2 79 71 1/4 1)
(181 81 72 1/4 1)
(363/2 82 73 1/4 1)
(182 82 73 1/4 1)
(365/2 81 72 1/4 1)
(183 84 74 1 1)
(183 79 71 1 1)
(183 76 69 1 1)
(183 72 67 1 1)
(184 89 77 1/4 1)
(369/2 89 77 1/2 1)
(185 79 71 1/2 1)
(371/2 86 75 1/4 1)
(186 86 75 1/2 1)
(373/2 76 69 1/2 1)
(187 81 72 1/4 1)
(187 84 74 1/4 1)
(375/2 79 71 1/4 1)
(375/2 82 73 1/4 1)
(188 81 72 1/4 1)
(188 77 70 1/4 1)
(377/2 76 69 1/4 1)
(377/2 79 71 1/4 1)
(189 81 72 1 1)
(189 77 70 1 1)
(190 84 74 5 1)
(381/2 76 69 1/2 1)
(191 76 69 1/4 1)
(383/2 77 70 1/4 1)
(192 79 71 1/4 1)
(385/2 79 71 1/4 1)
(193 81 72 1/4 1)
(387/2 82 73 1/4 1)
(194 82 73 1/4 1)
(389/2 81 72 1/4 1)
(195 84 74 1 1)
(195 79 71 1 1)
(195 76 69 1 1)
(195 72 67 1 1)
(196 84 74 5 1)
(393/2 76 69 1/4 1)
(197 76 69 1/4 1)
(395/2 77 70 1/4 1)
(198 79 71 1/4 1)
(397/2 79 71 1/4 1)
(199 81 72 1/4 1)
(399/2 82 73 1/4 1)
(200 82 73 1/4 1)
(401/2 81 72 1/4 1)
(201 84 74 1 1)
(201 79 71 1 1)
(201 72 67 1 1)
(201 76 69 1 1)
(202 89 77 1/4 1)
(405/2 89 77 1/2 1)
(203 79 71 1/2 1)
(407/2 86 75 1/4 1)
(204 86 75 1/2 1)
(409/2 76 69 1/2 1)
(205 84 74 1/4 1)
(205 81 72 1/4 1)
(411/2 79 71 1/4 1)
(411/2 82 73 1/4 1)
(206 81 72 1/4 1)
(206 77 70 1/4 1)
(413/2 76 69 1/4 1)
(413/2 79 71 1/4 1)
(207 77 70 1 1)
(208 77 70 1/4 1)
(417/2 77 70 1/2 1)
(209 67 64 1/2 1)
(419/2 74 68 1/4 1)
(210 74 68 1/2 1)
(421/2 64 62 1/2 1)
(211 72 67 1/4 1)
(211 69 65 1/4 1)
(423/2 67 64 1/4 1)
(423/2 70 66 1/4 1)
(212 65 63 1/4 1)
(212 69 65 1/4 1)
(425/2 64 62 1/4 1)
(425/2 67 64 1/4 1)
(213 65 63 3/2 1)
(213 69 65 1/4 1)
(427/2 72 67 1 1)
(429/2 69 65 1/2 1)
(429/2 65 63 3/2 1)
(215 72 67 1 1)
(216 65 63 3/2 1)
(216 69 65 1/2 1)
(433/2 72 67 1 1)
(435/2 65 63 1/2 1)
(435/2 69 65 1/2 1)
(218 67 64 1 1)
(218 76 69 1 1)
(219 65 63 3 1)
(219 77 70 3 1)
