pattern1
occurrence1
5.00000, 71.00000
6.00000, 67.00000
6.50000, 71.00000
7.00000, 74.00000
8.50000, 71.00000
9.00000, 72.00000
9.75000, 69.00000
10.00000, 69.00000
11.00000, 67.00000
occurrence2
25.00000, 71.00000
26.00000, 67.00000
26.50000, 71.00000
27.00000, 74.00000
28.50000, 71.00000
29.00000, 72.00000
29.75000, 69.00000
30.00000, 69.00000
31.00000, 67.00000
pattern2
occurrence1
10.00000, 69.00000
11.00000, 67.00000
12.00000, 69.00000
13.00000, 67.00000
occurrence2
12.00000, 69.00000
13.00000, 67.00000
15.00000, 67.00000
occurrence3
16.00000, 71.00000
16.50000, 71.00000
17.00000, 71.00000
17.50000, 71.00000
18.00000, 74.00000
18.75000, 72.00000
19.00000, 69.00000
occurrence4
22.00000, 72.00000
22.50000, 72.00000
23.00000, 72.00000
23.50000, 72.00000
24.00000, 76.00000
24.75000, 74.00000
25.00000, 71.00000
occurrence5
23.50000, 72.00000
24.00000, 76.00000
24.75000, 74.00000
25.00000, 71.00000
26.00000, 67.00000
26.50000, 71.00000
occurrence6
24.00000, 76.00000
24.75000, 74.00000
25.00000, 71.00000
26.00000, 67.00000
26.50000, 71.00000
27.00000, 74.00000
pattern3
occurrence1
0.00000, 62.00000
0.75000, 71.00000
1.00000, 71.00000
2.00000, 69.00000
3.00000, 62.00000
occurrence2
18.75000, 72.00000
19.00000, 69.00000
21.00000, 69.00000
21.75000, 72.00000
occurrence3
30.00000, 69.00000
31.00000, 67.00000
33.00000, 69.00000
occurrence4
31.00000, 67.00000
33.00000, 69.00000
34.00000, 67.00000
pattern4
occurrence1
0.75000, 71.00000
1.00000, 71.00000
2.00000, 69.00000
3.00000, 62.00000
3.75000, 72.00000
occurrence2
1.00000, 71.00000
2.00000, 69.00000
3.00000, 62.00000
3.75000, 72.00000
4.00000, 72.00000
occurrence3
2.00000, 69.00000
3.00000, 62.00000
3.75000, 72.00000
4.00000, 72.00000
5.00000, 71.00000
occurrence4
4.00000, 72.00000
5.00000, 71.00000
6.00000, 67.00000
6.50000, 71.00000
7.00000, 74.00000
occurrence5
15.75000, 71.00000
16.00000, 71.00000
16.50000, 71.00000
17.00000, 71.00000
17.50000, 71.00000
18.00000, 74.00000
18.75000, 72.00000
occurrence6
21.75000, 72.00000
22.00000, 72.00000
22.50000, 72.00000
23.00000, 72.00000
23.50000, 72.00000
24.00000, 76.00000
24.75000, 74.00000
pattern5
occurrence1
12.00000, 69.00000
13.00000, 67.00000
15.00000, 67.00000
15.75000, 71.00000
16.00000, 71.00000
16.50000, 71.00000
17.00000, 71.00000
17.50000, 71.00000
occurrence2
16.50000, 71.00000
17.00000, 71.00000
17.50000, 71.00000
18.00000, 74.00000
18.75000, 72.00000
19.00000, 69.00000
21.00000, 69.00000
21.75000, 72.00000
22.00000, 72.00000
occurrence3
17.00000, 71.00000
17.50000, 71.00000
18.00000, 74.00000
18.75000, 72.00000
19.00000, 69.00000
21.00000, 69.00000
21.75000, 72.00000
22.00000, 72.00000
22.50000, 72.00000
occurrence4
17.50000, 71.00000
18.00000, 74.00000
18.75000, 72.00000
19.00000, 69.00000
21.00000, 69.00000
21.75000, 72.00000
22.00000, 72.00000
22.50000, 72.00000
23.00000, 72.00000
occurrence5
21.00000, 69.00000
21.75000, 72.00000
22.00000, 72.00000
22.50000, 72.00000
23.00000, 72.00000
23.50000, 72.00000
24.00000, 76.00000
24.75000, 74.00000
25.00000, 71.00000
26.00000, 67.00000
26.50000, 71.00000
pattern6
occurrence1
18.00000, 74.00000
