pattern1
occurrence1
7.50000, 71.00000
8.00000, 69.00000
8.50000, 67.00000
9.00000, 67.00000
10.00000, 66.00000
occurrence2
31.50000, 69.00000
32.00000, 67.00000
32.50000, 66.00000
33.00000, 64.00000
33.75000, 66.00000
34.00000, 64.00000
occurrence3
41.00000, 73.00000
41.50000, 71.00000
42.00000, 69.00000
43.50000, 67.00000
pattern2
occurrence1
19.00000, 73.00000
19.75000, 71.00000
20.00000, 69.00000
20.50000, 68.00000
occurrence2
25.50000, 66.00000
26.00000, 64.00000
26.50000, 62.00000
27.00000, 61.00000
occurrence3
31.50000, 69.00000
32.00000, 67.00000
32.50000, 66.00000
33.00000, 64.00000
occurrence4
40.00000, 76.00000
40.50000, 74.00000
41.00000, 73.00000
41.50000, 71.00000
occurrence5
40.50000, 74.00000
41.00000, 73.00000
41.50000, 71.00000
42.00000, 69.00000
pattern3
occurrence1
0.00000, 69.00000
1.50000, 66.00000
2.00000, 71.00000
2.50000, 69.00000
3.00000, 69.00000
3.75000, 67.00000
4.00000, 66.00000
6.00000, 64.00000
occurrence2
7.50000, 71.00000
8.00000, 69.00000
8.50000, 67.00000
9.00000, 67.00000
10.00000, 66.00000
12.00000, 69.00000
13.50000, 66.00000
occurrence3
12.00000, 69.00000
13.50000, 66.00000
14.00000, 71.00000
14.50000, 69.00000
15.00000, 69.00000
15.75000, 67.00000
16.00000, 66.00000
18.00000, 64.00000
occurrence4
20.00000, 69.00000
20.50000, 68.00000
21.00000, 71.00000
22.00000, 69.00000
24.00000, 67.00000
25.50000, 66.00000
26.00000, 64.00000
occurrence5
20.50000, 68.00000
21.00000, 71.00000
22.00000, 69.00000
24.00000, 67.00000
25.50000, 66.00000
26.00000, 64.00000
26.50000, 62.00000
occurrence6
22.00000, 69.00000
24.00000, 67.00000
25.50000, 66.00000
26.00000, 64.00000
26.50000, 62.00000
27.00000, 61.00000
27.75000, 62.00000
28.00000, 64.00000
occurrence7
38.50000, 69.00000
39.00000, 71.00000
39.50000, 73.00000
40.00000, 76.00000
40.50000, 74.00000
41.00000, 73.00000
41.50000, 71.00000
42.00000, 69.00000
43.50000, 67.00000
43.75000, 66.00000
44.00000, 67.00000
44.50000, 64.00000
pattern4
occurrence1
2.00000, 71.00000
2.50000, 69.00000
3.00000, 69.00000
3.75000, 67.00000
4.00000, 66.00000
6.00000, 64.00000
6.50000, 66.00000
7.00000, 67.00000
7.50000, 71.00000
8.00000, 69.00000
occurrence2
2.50000, 69.00000
3.00000, 69.00000
3.75000, 67.00000
4.00000, 66.00000
6.00000, 64.00000
6.50000, 66.00000
7.00000, 67.00000
7.50000, 71.00000
8.00000, 69.00000
8.50000, 67.00000
occurrence3
3.00000, 69.00000
3.75000, 67.00000
4.00000, 66.00000
6.00000, 64.00000
6.50000, 66.00000
7.00000, 67.00000
7.50000, 71.00000
8.00000, 69.00000
8.50000, 67.00000
9.00000, 67.00000
occurrence4
14.00000, 71.00000
14.50000, 69.00000
15.00000, 69.00000
15.75000, 67.00000
16.00000, 66.00000
18.00000, 64.00000
18.50000, 69.00000
19.00000, 73.00000
19.75000, 71.00000
20.00000, 69.00000
occurrence5
14.50000, 69.00000
15.00000, 69.00000
15.75000, 67.00000
16.00000, 66.00000
18.00000, 64.00000
18.50000, 69.00000
19.00000, 73.00000
19.75000, 71.00000
20.00000, 69.00000
20.50000, 68.00000
occurrence6
30.00000, 71.00000
31.50000, 69.00000
32.00000, 67.00000
32.50000, 66.00000
33.00000, 64.00000
33.75000, 66.00000
34.00000, 64.00000
36.00000, 69.00000
pattern5
occurrence1
3.00000, 69.00000
3.75000, 67.00000
4.00000, 66.00000
6.00000, 64.00000
6.50000, 66.00000
7.00000, 67.00000
7.50000, 71.00000
8.00000, 69.00000
8.50000, 67.00000
9.00000, 67.00000
10.00000, 66.00000
12.00000, 69.00000
13.50000, 66.00000
14.00000, 71.00000
14.50000, 69.00000
15.00000, 69.00000
15.75000, 67.00000
16.00000, 66.00000
18.00000, 64.00000
18.50000, 69.00000
19.00000, 73.00000
occurrence2
3.75000, 67.00000
4.00000, 66.00000
6.00000, 64.00000
6.50000, 66.00000
7.00000, 67.00000
7.50000, 71.00000
8.00000, 69.00000
8.50000, 67.00000
9.00000, 67.00000
10.00000, 66.00000
12.00000, 69.00000
13.50000, 66.00000
14.00000, 71.00000
14.50000, 69.00000
15.00000, 69.00000
15.75000, 67.00000
16.00000, 66.00000
18.00000, 64.00000
18.50000, 69.00000
19.00000, 73.00000
19.75000, 71.00000
occurrence3
4.00000, 66.00000
6.00000, 64.00000
6.50000, 66.00000
7.00000, 67.00000
7.50000, 71.00000
8.00000, 69.00000
8.50000, 67.00000
9.00000, 67.00000
10.00000, 66.00000
12.00000, 69.00000
13.50000, 66.00000
14.00000, 71.00000
14.50000, 69.00000
15.00000, 69.00000
15.75000, 67.00000
16.00000, 66.00000
18.00000, 64.00000
18.50000, 69.00000
19.00000, 73.00000
19.75000, 71.00000
20.00000, 69.00000
occurrence4
27.75000, 62.00000
28.00000, 64.00000
30.00000, 71.00000
31.50000, 69.00000
32.00000, 67.00000
32.50000, 66.00000
33.00000, 64.00000
33.75000, 66.00000
34.00000, 64.00000
36.00000, 69.00000
37.50000, 66.00000
38.00000, 67.00000
38.50000, 69.00000
39.00000, 71.00000
39.50000, 73.00000
40.00000, 76.00000
40.50000, 74.00000
41.00000, 73.00000
41.50000, 71.00000
42.00000, 69.00000
43.50000, 67.00000
43.75000, 66.00000
occurrence5
28.00000, 64.00000
30.00000, 71.00000
31.50000, 69.00000
32.00000, 67.00000
32.50000, 66.00000
33.00000, 64.00000
33.75000, 66.00000
34.00000, 64.00000
36.00000, 69.00000
37.50000, 66.00000
38.00000, 67.00000
38.50000, 69.00000
39.00000, 71.00000
39.50000, 73.00000
40.00000, 76.00000
40.50000, 74.00000
41.00000, 73.00000
41.50000, 71.00000
42.00000, 69.00000
43.50000, 67.00000
43.75000, 66.00000
44.00000, 67.00000
pattern6
occurrence1
1.50000, 66.00000
2.00000, 71.00000
2.50000, 69.00000
3.00000, 69.00000
3.75000, 67.00000
4.00000, 66.00000
6.00000, 64.00000
6.50000, 66.00000
7.00000, 67.00000
7.50000, 71.00000
8.00000, 69.00000
8.50000, 67.00000
9.00000, 67.00000
10.00000, 66.00000
12.00000, 69.00000
13.50000, 66.00000
14.00000, 71.00000
14.50000, 69.00000
15.00000, 69.00000
15.75000, 67.00000
16.00000, 66.00000
18.00000, 64.00000
18.50000, 69.00000
19.00000, 73.00000
19.75000, 71.00000
20.00000, 69.00000
20.50000, 68.00000
21.00000, 71.00000
22.00000, 69.00000
24.00000, 67.00000
25.50000, 66.00000
26.00000, 64.00000
26.50000, 62.00000
27.00000, 61.00000
27.75000, 62.00000
28.00000, 64.00000
30.00000, 71.00000
31.50000, 69.00000
32.00000, 67.00000
32.50000, 66.00000
33.00000, 64.00000
33.75000, 66.00000
34.00000, 64.00000
36.00000, 69.00000
37.50000, 66.00000
38.00000, 67.00000
38.50000, 69.00000
39.00000, 71.00000
39.50000, 73.00000
40.00000, 76.00000
40.50000, 74.00000
41.00000, 73.00000
41.50000, 71.00000
42.00000, 69.00000
43.50000, 67.00000
43.75000, 66.00000
44.00000, 67.00000
44.50000, 64.00000
45.00000, 64.00000
46.00000, 66.00000
