(6 69 65 3/2 1)
(15/2 64 62 1/2 1)
(8 72 67 1/2 1)
(17/2 69 65 1/4 1)
(9 69 65 2 1)
(11 68 64 1 1)
(12 69 65 3/2 1)
(27/2 71 66 1/2 1)
(14 72 67 1/2 1)
(29/2 74 68 1/2 1)
(15 76 69 1/2 1)
(16 76 69 1/2 1)
(17 76 69 1/2 1)
(18 76 69 2 1)
(20 76 69 1 1)
(21 79 71 3/2 1)
(45/2 77 70 1/2 1)
(23 76 69 1/4 1)
(47/2 74 68 1/4 1)
(24 72 67 2 1)
(26 76 69 1/2 1)
(53/2 74 68 1/2 1)
(27 74 68 1 1)
(30 81 72 3/2 1)
(63/2 76 69 1/2 1)
(32 84 74 1/2 1)
(65/2 81 72 1/2 1)
(33 81 72 2 1)
(35 80 71 1 1)
(36 81 72 3/2 1)
(75/2 83 73 1/2 1)
(38 84 74 1/2 1)
(77/2 86 75 1/2 1)
(39 88 76 1/2 1)
(40 88 76 1/2 1)
(41 88 76 1/2 1)
(42 88 76 2 1)
(44 88 76 1 1)
(45 91 78 3/2 1)
(93/2 89 77 1/2 1)
(47 88 76 1/4 1)
(95/2 86 75 1/4 1)
(48 84 74 2 1)
(50 88 76 1/2 1)
(101/2 86 75 1/2 1)
(51 86 75 1 1)
(55 74 68 1 1)
(56 77 70 1 1)
(57 81 72 3 1)
(61 76 69 1 1)
(62 79 71 1 1)
(63 83 73 3 1)
(67 81 72 1 1)
(68 84 74 1 1)
(69 88 76 2 1)
(71 88 76 1 1)
(72 88 76 3/2 1)
(147/2 83 73 1/2 1)
(74 86 75 1/2 1)
(149/2 84 74 1/2 1)
(75 81 72 1 1)
(79 74 68 1 1)
(80 77 70 1 1)
(81 81 72 3 1)
(85 76 69 1 1)
(86 79 71 1 1)
(87 83 73 3 1)
(91 81 72 1 1)
(92 84 74 1 1)
(93 88 76 2 1)
(95 88 76 1 1)
(96 88 76 3/2 1)
(195/2 83 73 1/2 1)
(98 86 75 1/2 1)
(197/2 84 74 1/2 1)
(99 81 72 1/2 1)
(102 89 77 3/2 1)
(207/2 84 74 1/2 1)
(104 88 76 1/2 1)
(209/2 86 75 1/2 1)
(105 83 73 1/2 1)
(108 88 76 3/2 1)
(219/2 83 73 1/2 1)
(110 86 75 1/2 1)
(221/2 84 74 1/2 1)
(111 81 72 1/2 1)
(114 89 77 3/2 1)
(231/2 84 74 1/2 1)
(116 88 76 1/2 1)
(233/2 86 75 1/2 1)
(117 83 73 1/2 1)
(118 83 73 1/2 1)
(119 84 74 1/2 1)
(120 86 75 1/2 1)
(121 84 74 1/2 1)
(122 83 73 1/2 1)
(123 81 72 1/2 1)
(247/2 87 76 1/2 1)
(124 88 76 1/2 1)
(249/2 87 76 1/2 1)
(125 88 76 1/2 1)
(251/2 88 76 1/2 1)
(126 88 76 7/2 1)
(259/2 87 76 1/2 1)
(130 88 76 1/2 1)
(261/2 87 76 1/2 1)
(131 88 76 1/2 1)
(263/2 88 76 1/2 1)
(132 88 76 7/2 1)
(271/2 87 76 1/2 1)
(136 88 76 1/2 1)
(273/2 87 76 1/2 1)
(137 88 76 1/2 1)
(275/2 88 76 1/2 1)
(138 88 76 3/2 1)
(279/2 83 73 1/2 1)
(140 86 75 1/2 1)
(281/2 84 74 1/2 1)
(141 81 72 1/2 1)
(142 81 72 1/2 1)
(143 83 73 1/2 1)
(144 84 74 1/2 1)
(145 83 73 1/2 1)
(146 81 72 1/2 1)
(147 79 71 1/2 1)
(151 83 73 1/2 1)
(152 84 74 1/2 1)
(153 86 75 2 1)
(155 79 71 1 1)
(156 78 70 1 1)
(158 78 70 1 1)
(159 83 73 2 1)
(161 76 69 1 1)
(162 74 68 1 1)
(164 74 68 1 1)
(165 79 71 1/2 1)
(166 72 67 1 1)
(167 71 66 1/2 1)
(168 69 65 1 1)
(169 67 64 1/2 1)
(170 71 66 1 1)
(171 69 65 2 1)
(173 76 69 1 1)
(174 75 69 2 1)
(176 79 71 1/2 1)
(177 79 71 1 1)
(179 79 71 1/2 1)
(180 79 71 2 1)
(182 79 71 1/2 1)
(365/2 83 73 1/2 1)
(183 83 73 2 1)
(185 88 76 1 1)
(186 87 76 2 1)
(188 88 76 5/2 1)
(191 88 76 5/2 1)
(194 88 76 5/2 1)
(197 88 76 5/2 1)
(200 87 76 1 1)
(201 88 76 3 1)
(204 84 74 1 1)
(205 81 72 1 1)
(206 77 70 1/2 1)
(207 76 69 3 1)
(210 75 69 1 1)
(211 83 73 1 1)
(212 88 76 5/2 1)
(215 91 78 5/2 1)
(218 93 79 5/2 1)
(221 95 80 5/2 1)
(224 76 69 1 1)
(225 88 76 3 1)
(228 84 74 1 1)
(229 81 72 1 1)
(230 77 70 1/2 1)
(231 73 67 1/2 1)
(463/2 74 68 1/2 1)
(232 76 69 1/2 1)
(465/2 77 70 1/2 1)
(233 80 71 1/2 1)
(467/2 81 72 1/2 1)
(234 83 73 1/2 1)
(469/2 84 74 1/2 1)
(235 86 75 1/2 1)
(471/2 88 76 1/2 1)
(236 89 77 1/2 1)
(473/2 90 77 1/2 1)
(237 91 78 3 1)
(240 88 76 1 1)
(241 84 74 1 1)
(242 83 73 1/2 1)
(243 81 72 1 1)
(244 77 70 1 1)
(245 76 69 1 1)
(246 75 69 1 1)
(247 76 69 1 1)
(248 68 64 1 1)
(249 69 65 1 1)
(250 77 70 1 1)
(251 76 69 1 1)
(252 75 69 1 1)
(253 76 69 1 1)
(254 68 64 1 1)
(255 67 64 1 1)
(256 66 63 1 1)
(257 74 68 1 1)
(258 65 63 1 1)
(259 64 62 1 1)
(260 72 67 1 1)
(261 64 62 1 1)
(262 62 61 1 1)
(263 71 66 2 1)
(265 69 65 1 1)
(266 68 64 1 1)
(273 69 65 3/2 1)
(549/2 64 62 1/2 1)
(275 72 67 1/2 1)
(551/2 69 65 1/4 1)
(276 69 65 2 1)
(278 68 64 1 1)
(279 69 65 3/2 1)
(561/2 71 66 1/2 1)
(281 72 67 1/2 1)
(563/2 74 68 1/2 1)
(282 76 69 1/2 1)
(283 76 69 1/2 1)
(284 76 69 1/2 1)
(285 76 69 2 1)
(287 76 69 1 1)
(288 79 71 3/2 1)
(579/2 77 70 1/2 1)
(290 76 69 1/4 1)
(581/2 74 68 1/4 1)
(291 72 67 2 1)
(293 76 69 1/2 1)
(587/2 74 68 1/2 1)
(294 74 68 1 1)
(297 81 72 3/2 1)
(597/2 76 69 1/2 1)
(299 84 74 1/2 1)
(599/2 81 72 1/4 1)
(300 81 72 2 1)
(302 80 71 1 1)
(303 81 72 3/2 1)
(609/2 83 73 1/2 1)
(305 84 74 1/2 1)
(611/2 86 75 1/2 1)
(306 88 76 1/2 1)
(307 88 76 1/2 1)
(308 88 76 1/2 1)
(309 88 76 2 1)
(311 88 76 1 1)
(312 91 78 3/2 1)
(627/2 89 77 1/2 1)
(314 88 76 1/4 1)
(629/2 86 75 1/4 1)
(315 84 74 2 1)
(317 88 76 1/2 1)
(635/2 86 75 1/2 1)
(318 86 75 1 1)
(322 74 68 1 1)
(323 77 70 1 1)
(324 81 72 3 1)
(328 76 69 1 1)
(329 79 71 1 1)
(330 83 73 3 1)
(334 81 72 1 1)
(335 84 74 1 1)
(336 88 76 2 1)
(338 88 76 1 1)
(339 88 76 3/2 1)
(681/2 83 73 1/2 1)
(341 86 75 1/2 1)
(683/2 84 74 1/2 1)
(342 81 72 1 1)
(346 74 68 1 1)
(347 77 70 1 1)
(348 81 72 3 1)
(352 76 69 1 1)
(353 79 71 1 1)
(354 83 73 3 1)
(358 81 72 1 1)
(359 84 74 1 1)
(360 88 76 2 1)
(362 88 76 1 1)
(363 88 76 3/2 1)
(729/2 83 73 1/2 1)
(365 86 75 1/2 1)
(731/2 84 74 1/2 1)
(366 81 72 1/2 1)
(367 81 72 1/2 1)
(368 81 72 1/2 1)
(369 82 73 3/2 1)
(741/2 78 70 1/2 1)
(371 81 72 1/2 1)
(743/2 79 71 1/2 1)
(372 71 66 1/2 1)
(745/2 74 68 1/2 1)
(373 72 67 1/2 1)
(747/2 66 63 1/2 1)
(374 69 65 1/2 1)
(749/2 67 64 1/2 1)
(375 59 59 1/2 1)
(751/2 62 61 1/2 1)
(376 60 60 1/2 1)
(753/2 66 63 1/2 1)
(377 69 65 1/2 1)
(755/2 67 64 1/2 1)
(378 71 66 1/2 1)
(757/2 74 68 1/2 1)
(379 72 67 1/2 1)
(759/2 83 73 1/2 1)
(380 86 75 1/2 1)
(761/2 84 74 1/2 1)
(381 89 77 3/2 1)
(765/2 76 69 1/2 1)
(383 79 71 1/2 1)
(767/2 77 70 1/2 1)
(384 70 66 1/2 1)
(769/2 72 67 1/2 1)
(385 71 66 1/2 1)
(771/2 64 62 1/2 1)
(386 67 64 1/2 1)
(773/2 65 63 1/2 1)
(387 64 62 1/2 1)
(775/2 67 64 1/2 1)
(388 65 63 1/2 1)
(777/2 70 66 1/2 1)
(389 72 67 1/2 1)
(779/2 71 66 1/2 1)
(390 76 69 1/2 1)
(781/2 79 71 1/2 1)
(391 77 70 1/2 1)
(783/2 76 69 1/2 1)
(392 79 71 1/2 1)
(785/2 77 70 1/2 1)
(789/2 64 62 1/2 1)
(395 74 68 1/2 1)
(791/2 72 67 1/2 1)
(795/2 71 66 1/2 1)
(398 79 71 1/2 1)
(797/2 77 70 1/2 1)
(801/2 76 69 1/2 1)
(401 86 75 1/2 1)
(803/2 84 74 1/2 1)
(807/2 83 73 1/2 1)
(404 91 78 1/2 1)
(809/2 89 77 1/2 1)
(405 87 76 1/2 1)
(811/2 88 76 1/2 1)
(406 81 72 1/2 1)
(813/2 86 75 1/2 1)
(407 83 73 1/2 1)
(815/2 84 74 1/2 1)
(408 77 70 1/2 1)
(817/2 83 73 1/2 1)
(409 76 69 1/2 1)
(819/2 81 72 1/2 1)
(410 78 70 1/2 1)
(821/2 79 71 1/2 1)
(411 72 67 1/2 1)
(823/2 77 70 1/2 1)
(412 71 66 1/2 1)
(825/2 76 69 1/2 1)
(413 73 67 1/2 1)
(827/2 74 68 1/2 1)
(414 67 64 1/2 1)
(829/2 72 67 1/2 1)
(415 79 71 1/2 1)
(831/2 72 67 1/2 1)
(416 77 70 1/2 1)
(833/2 71 66 1/2 1)
(417 79 71 1/2 1)
(835/2 72 67 1/2 1)
(418 79 71 1/2 1)
(837/2 67 64 1/2 1)
(419 81 72 1/2 1)
(839/2 79 71 1/2 1)
(420 83 73 1/2 1)
(841/2 79 71 1/2 1)
(421 84 74 1/2 1)
(843/2 79 71 1/2 1)
(422 86 75 1/2 1)
(845/2 79 71 1/2 1)
(423 88 76 1/2 1)
(847/2 79 71 1/2 1)
(424 89 77 1/2 1)
(849/2 79 71 1/2 1)
(425 91 78 1/2 1)
(851/2 79 71 1/2 1)
(426 91 78 1/2 1)
(853/2 79 71 1/2 1)
(427 91 78 1/2 1)
(855/2 79 71 1/2 1)
(428 91 78 1/2 1)
(857/2 79 71 1/2 1)
(429 91 78 1/2 1)
(859/2 90 77 1/2 1)
(430 91 78 1/2 1)
(430 79 71 1/2 1)
(431 91 78 1/2 1)
(431 79 71 1/2 1)
(433 79 71 1 1)
(433 74 68 1 1)
(436 79 71 1 1)
(436 71 66 1 1)
(439 71 66 1 1)
(439 79 71 1 1)
(441 86 75 1/2 1)
(883/2 85 74 1/2 1)
(442 86 75 1/2 1)
(442 74 68 1/2 1)
(443 86 75 1/2 1)
(443 74 68 1/2 1)
(445 86 75 1 1)
(445 74 68 1 1)
(448 74 68 1 1)
(448 86 75 1 1)
(451 74 68 1 1)
(451 86 75 1 1)
(453 89 77 1/2 1)
(907/2 88 76 1/2 1)
(454 77 70 1/2 1)
(454 89 77 1/2 1)
(455 89 77 1/2 1)
(455 77 70 1/2 1)
(457 77 70 1 1)
(457 89 77 1 1)
(460 89 77 1 1)
(460 77 70 1 1)
(463 89 77 1 1)
(463 77 70 1 1)
(465 88 76 1/2 1)
(931/2 87 76 1/2 1)
(466 76 69 1/2 1)
(466 88 76 1/2 1)
(467 76 69 1/2 1)
(467 88 76 1/2 1)
(469 76 69 1 1)
(469 88 76 1 1)
(472 88 76 1 1)
(472 76 69 1 1)
(475 76 69 1 1)
(475 88 76 1 1)
(957/2 83 73 1/2 1)
(479 86 75 1/2 1)
(959/2 85 74 1/2 1)
(963/2 85 74 1/2 1)
(482 88 76 1/2 1)
(965/2 86 75 1/2 1)
(969/2 86 75 1/2 1)
(485 89 77 1/2 1)
(971/2 88 76 1/2 1)
(975/2 88 76 1/2 1)
(488 91 78 1/2 1)
(977/2 89 77 1/2 1)
(983/2 69 65 1/2 1)
(492 67 64 3 1)
(495 57 58 3 1)
(495 65 63 3/2 1)
(993/2 67 64 1/2 1)
(497 65 63 1 1)
(498 57 58 3 1)
(498 67 64 3/2 1)
(999/2 69 65 1/2 1)
(500 67 64 1 1)
(501 57 58 3 1)
(501 65 63 3/2 1)
(1005/2 67 64 1/2 1)
(503 65 63 1 1)
(504 57 58 3/2 1)
(504 67 64 3/2 1)
(1011/2 82 73 1/2 1)
(506 81 72 1/2 1)
(1013/2 85 74 1/2 1)
(507 86 75 3/2 1)
(1017/2 81 72 1/2 1)
(509 89 77 1/2 1)
(1019/2 86 75 1/4 1)
(510 86 75 2 1)
(512 84 74 1 1)
(1029/2 67 64 1/2 1)
(515 65 63 1 1)
(515 57 58 1 1)
(516 57 58 1 1)
(516 67 64 1 1)
(517 79 71 1/2 1)
(1035/2 76 69 1/2 1)
(518 82 73 1/2 1)
(1037/2 79 71 1/4 1)
(519 79 71 2 1)
(521 77 70 1 1)
(1047/2 77 70 1/2 1)
(524 76 69 1 1)
(525 81 72 3/2 1)
(1053/2 76 69 1/2 1)
(527 84 74 1/2 1)
(1055/2 81 72 1/4 1)
(528 81 72 2 1)
(530 80 71 1 1)
(531 81 72 3/2 1)
(1065/2 83 73 1/2 1)
(533 84 74 1/2 1)
(1067/2 86 75 1/2 1)
(534 88 76 1/2 1)
(535 88 76 1/2 1)
(536 88 76 1/2 1)
(537 88 76 2 1)
(539 88 76 1 1)
(540 91 78 3/2 1)
(1083/2 89 77 1/2 1)
(542 88 76 1/4 1)
(1085/2 86 75 1/4 1)
(543 84 74 2 1)
(545 88 76 1/2 1)
(1091/2 86 75 1/2 1)
(546 86 75 1 1)
(550 86 75 1 1)
(551 89 77 1 1)
(552 93 79 3 1)
(556 76 69 1 1)
(557 79 71 1 1)
(558 83 73 3 1)
(562 81 72 1 1)
(563 84 74 1 1)
(564 88 76 2 1)
(566 88 76 1 1)
(567 88 76 3/2 1)
(1137/2 83 73 1/2 1)
(569 86 75 1/2 1)
(1139/2 84 74 1/2 1)
(570 81 72 1 1)
(573 89 77 3/2 1)
(1149/2 84 74 1/2 1)
(575 88 76 1/2 1)
(1151/2 86 75 1/2 1)
(576 83 73 1 1)
(579 88 76 3/2 1)
(1161/2 83 73 1/2 1)
(581 86 75 1/2 1)
(1163/2 84 74 1/2 1)
(582 81 72 1 1)
(585 89 77 3/2 1)
(1173/2 84 74 1/2 1)
(587 88 76 1/2 1)
(1175/2 86 75 1/2 1)
(588 83 73 1/2 1)
(589 83 73 1/2 1)
(590 84 74 1/2 1)
(591 86 75 1/2 1)
(592 84 74 1/2 1)
(593 83 73 1/2 1)
(594 81 72 1/2 1)
(1189/2 87 76 1/2 1)
(595 88 76 1/2 1)
(1191/2 87 76 1/2 1)
(596 88 76 1/2 1)
(1193/2 88 76 1/2 1)
(597 88 76 7/2 1)
(1201/2 87 76 1/2 1)
(601 88 76 1/2 1)
(1203/2 87 76 1/2 1)
(602 88 76 1/2 1)
(1205/2 88 76 1/2 1)
(603 88 76 7/2 1)
(1213/2 87 76 1/2 1)
(607 88 76 1/2 1)
(1215/2 87 76 1/2 1)
(608 88 76 1/2 1)
(1217/2 90 77 1/2 1)
(609 91 78 3/2 1)
(1221/2 86 75 1/2 1)
(611 89 77 1/2 1)
(1223/2 88 76 1/2 1)
(612 84 74 1/2 1)
(613 86 75 1/2 1)
(614 88 76 1/2 1)
(615 89 77 1/2 1)
(616 88 76 1/2 1)
(617 86 75 1/2 1)
(618 84 74 1/2 1)
(622 88 76 1/2 1)
(623 89 77 1/2 1)
(624 91 78 2 1)
(626 84 74 1 1)
(627 83 73 1 1)
(629 83 73 1 1)
(630 88 76 2 1)
(632 81 72 1 1)
(633 79 71 1 1)
(635 79 71 1 1)
(636 84 74 1/2 1)
(637 77 70 1 1)
(638 76 69 1/2 1)
(639 74 68 1 1)
(640 72 67 1/2 1)
(641 76 69 1 1)
(642 74 68 2 1)
(644 81 72 1 1)
(645 80 71 2 1)
(647 84 74 1/2 1)
(648 84 74 1 1)
(650 84 74 1/2 1)
(651 84 74 2 1)
(653 84 74 1/2 1)
(1307/2 88 76 1/2 1)
(654 86 75 2 1)
(656 93 79 1 1)
(657 92 78 2 1)
(659 93 79 5/2 1)
(662 93 79 5/2 1)
(665 93 79 5/2 1)
(668 93 79 5/2 1)
(671 80 71 1 1)
(672 81 72 3 1)
(675 77 70 1 1)
(676 74 68 1 1)
(677 70 66 1/2 1)
(678 69 65 3 1)
(681 68 64 1 1)
(682 76 69 1 1)
(683 81 72 5/2 1)
(686 84 74 5/2 1)
(689 89 77 5/2 1)
(692 93 79 5/2 1)
(695 81 72 1 1)
(696 93 79 3 1)
(699 89 77 1 1)
(700 86 75 1 1)
(701 82 73 1/2 1)
(702 63 62 1/2 1)
(1405/2 64 62 1/2 1)
(703 66 63 1/2 1)
(1407/2 67 64 1/2 1)
(704 69 65 1/2 1)
(1409/2 70 66 1/2 1)
(705 75 69 1/2 1)
(1411/2 76 69 1/2 1)
(706 78 70 1/2 1)
(1413/2 79 71 1/2 1)
(707 81 72 1/2 1)
(1415/2 82 73 1/2 1)
(708 84 74 3 1)
(711 81 72 1 1)
(712 77 70 1 1)
(713 76 69 1/2 1)
(714 74 68 1 1)
(715 70 66 1 1)
(716 69 65 1 1)
(717 67 64 1 1)
(718 72 67 1 1)
(719 64 62 1 1)
(720 67 64 1 1)
(721 65 63 1 1)
(722 86 75 1 1)
(723 83 73 1 1)
(724 84 74 1 1)
(725 76 69 1 1)
(726 79 71 1 1)
(727 77 70 1 1)
(752 86 75 1 1)
(753 83 73 1 1)
(754 84 74 1 1)
(755 76 69 1 1)
(756 79 71 1 1)
(757 77 70 1 1)
(758 86 75 1 1)
(759 79 71 1 1)
(760 89 77 1 1)
(761 88 76 1 1)
(762 91 78 1 1)
(763 81 72 1 1)
(764 89 77 2 1)
(766 88 76 1 1)
(767 76 69 1 1)
(768 79 71 1 1)
(769 77 70 1 1)
(776 79 71 1 1)
(777 78 70 1 1)
(778 79 71 1 1)
(779 71 66 3/2 1)
(1561/2 74 68 1/2 1)
(781 72 67 1 1)
(782 88 76 1 1)
(783 87 76 1 1)
(784 88 76 1 1)
(785 80 71 1 1)
(786 83 73 1 1)
(787 81 72 1 1)
(788 81 72 1 1)
(789 83 73 3/2 1)
(1581/2 76 69 1/2 1)
(791 86 75 1/2 1)
(1583/2 83 73 1/4 1)
(792 84 74 3/2 1)
(1587/2 76 69 1/2 1)
(794 89 77 1/2 1)
(1589/2 84 74 1/4 1)
(795 87 76 1 1)
(796 88 76 1 1)
(797 80 71 1 1)
(798 83 73 1 1)
(799 72 67 1 1)
(800 81 72 1 1)
(801 74 68 1 1)
(802 84 74 1 1)
(803 83 73 1 1)
(804 86 75 1 1)
(805 76 69 1 1)
(806 84 74 1 1)
(807 77 70 1 1)
(808 88 76 1 1)
(809 88 76 1 1)
(810 89 77 1 1)
(811 76 69 1 1)
(812 88 76 1 1)
(813 89 77 1 1)
(814 76 69 1 1)
(815 88 76 1 1)
(816 89 77 1 1)
(817 76 69 1 1)
(818 88 76 1 1)
(819 89 77 1 1)
(820 76 69 1 1)
(821 88 76 1 1)
(822 89 77 1 1)
(823 76 69 1 1)
(824 88 76 1 1)
(825 89 77 1/2 1)
(1651/2 76 69 1/2 1)
(826 88 76 1/2 1)
(1653/2 88 76 1/4 1)
(827 88 76 1/2 1)
(1655/2 76 69 1/2 1)
(828 89 77 1/2 1)
(1657/2 76 69 1/2 1)
(829 88 76 1/2 1)
(1659/2 88 76 1/4 1)
(830 88 76 1/2 1)
(1661/2 76 69 1/2 1)
(831 89 77 1/2 1)
(1663/2 76 69 1/2 1)
(832 88 76 1/2 1)
(1665/2 88 76 1/4 1)
(833 88 76 1/2 1)
(1667/2 76 69 1/2 1)
(834 89 77 1/2 1)
(1669/2 76 69 1/2 1)
(835 88 76 1/2 1)
(1671/2 88 76 1/4 1)
(836 88 76 1/2 1)
(1673/2 76 69 1/2 1)
(837 89 77 1/2 1)
(1675/2 76 69 1/2 1)
(838 88 76 1/2 1)
(1677/2 88 76 1/4 1)
(839 88 76 1/2 1)
(1679/2 76 69 1/2 1)
(840 89 77 1/2 1)
(1681/2 76 69 1/2 1)
(841 88 76 1/2 1)
(1683/2 88 76 1/4 1)
(842 88 76 1/2 1)
(1685/2 76 69 1/2 1)
(843 89 77 1/2 1)
(1687/2 76 69 1/2 1)
(844 88 76 1/2 1)
(1689/2 93 79 1/2 1)
(845 93 79 1/2 1)
(1691/2 93 79 1/2 1)
(846 93 79 1 1)
(847 92 78 1 1)
(848 88 76 1/2 1)
(849 88 76 2 1)
(851 88 76 1 1)
(852 91 78 3/2 1)
(1707/2 89 77 1/2 1)
(854 88 76 1/4 1)
(1709/2 86 75 1/4 1)
(855 84 74 2 1)
(857 88 76 1/2 1)
(1715/2 86 75 1/2 1)
(858 86 75 1 1)
(862 86 75 1 1)
(863 89 77 1 1)
(864 93 79 3 1)
(868 76 69 1 1)
(869 79 71 1 1)
(870 83 73 3 1)
(874 81 72 1 1)
(875 84 74 1 1)
(876 88 76 2 1)
(878 88 76 1 1)
(879 88 76 12 1)
(891 88 76 3 1)
(894 80 71 1 1)
(895 81 72 1 1)
(896 83 73 1 1)
(897 85 74 2 1)
(899 88 76 3 1)
(902 87 76 1 1)
(903 90 77 1 1)
(904 88 76 1/2 1)
(1809/2 76 69 1/2 1)
(905 80 71 1/2 1)
(1811/2 81 72 1/2 1)
(906 82 73 1/2 1)
(1813/2 83 73 1/2 1)
(907 83 73 1/2 1)
(1815/2 80 71 1/2 1)
(908 86 75 1/2 1)
(1817/2 83 73 1/2 1)
(909 83 73 1/2 1)
(1819/2 81 72 1/2 1)
(910 81 72 1/2 1)
(1821/2 80 71 1/2 1)
(911 81 72 1/2 1)
(1823/2 83 73 1/2 1)
(912 83 73 1/2 1)
(1825/2 85 74 1/2 1)
(913 85 74 1/2 1)
(1827/2 81 72 1/2 1)
(914 88 76 1/2 1)
(1829/2 85 74 1/2 1)
(915 85 74 1/2 1)
(1831/2 83 73 1/2 1)
(916 83 73 1/2 1)
(1833/2 82 73 1/2 1)
(917 83 73 1/2 1)
(1835/2 85 74 1/2 1)
(918 86 75 2 1)
(920 86 75 1 1)
(921 85 74 2 1)
(923 83 73 1 1)
(924 81 72 2 1)
(926 83 73 1 1)
(927 81 72 2 1)
(929 80 71 1 1)
(930 79 71 2 1)
(932 81 72 1 1)
(933 79 71 2 1)
(935 78 70 1 1)
(936 90 77 2 1)
(938 90 77 1 1)
(939 88 76 2 1)
(941 90 77 1 1)
(942 85 74 2 1)
(944 86 75 1 1)
(945 86 75 1 1)
(946 85 74 1 1)
(947 86 75 1/2 1)
(1895/2 88 76 1/2 1)
(948 90 77 2 1)
(950 90 77 1 1)
(951 88 76 2 1)
(953 90 77 1 1)
(954 85 74 2 1)
(956 88 76 1/2 1)
(1913/2 86 75 1/2 1)
(958 85 74 1 1)
(964 64 62 1 1)
(964 57 58 1 1)
(970 76 69 1/2 1)
(1941/2 81 72 1/2 1)
(971 80 71 1/2 1)
(1943/2 81 72 1/2 1)
(972 83 73 1/2 1)
(1945/2 85 74 1/2 1)
(973 86 75 1/2 1)
(1947/2 88 76 1/2 1)
(974 90 77 1/2 1)
(1949/2 88 76 1/2 1)
(975 88 76 1 1)
(976 93 79 1 1)
(977 92 78 1/2 1)
(1955/2 90 77 1/2 1)
(978 90 77 1/2 1)
(1957/2 88 76 1/2 1)
(979 90 77 1/2 1)
(1959/2 83 73 1/2 1)
(980 85 74 1/2 1)
(1961/2 86 75 1/2 1)
(981 85 74 1/2 1)
(982 85 74 1/2 1)
(984 85 74 1/2 1)
(985 85 74 1/2 1)
(987 90 77 1/2 1)
(988 90 77 1/2 1)
(990 88 76 1/2 1)
(991 88 76 1/2 1)
(993 81 72 1/4 1)
(1987/2 85 74 1/4 1)
(994 88 76 1/4 1)
(1989/2 86 75 1/4 1)
(995 85 74 1/4 1)
(1991/2 83 73 1/4 1)
(996 81 72 1/4 1)
(1993/2 80 71 1/4 1)
(997 81 72 1/4 1)
(1995/2 79 71 1/4 1)
(998 78 70 1/4 1)
(1997/2 76 69 1/4 1)
(999 74 68 1/2 1)
(1999/2 85 74 1/2 1)
(1000 86 75 1/2 1)
(2001/2 85 74 1/2 1)
(1001 83 73 1/2 1)
(2003/2 81 72 1/2 1)
(1002 80 71 1/2 1)
(2005/2 87 76 1/2 1)
(1003 88 76 1/2 1)
(2007/2 86 75 1/2 1)
(1004 85 74 1/2 1)
(2009/2 83 73 1/2 1)
(1005 81 72 3/2 1)
(2013/2 76 69 1/2 1)
(1007 85 74 1/2 1)
(2015/2 81 72 1/4 1)
(1008 83 73 3/2 1)
(2019/2 80 71 1/2 1)
(1010 86 75 1/2 1)
(2021/2 83 73 1/4 1)
(1011 85 74 3/2 1)
(2025/2 81 72 1/2 1)
(1013 88 76 1/2 1)
(2027/2 85 74 1/4 1)
(1014 86 75 3/2 1)
(2031/2 83 73 1/2 1)
(1016 89 77 1/2 1)
(2033/2 86 75 1/4 1)
(1017 88 76 1/2 1)
(1018 88 76 1/2 1)
(1019 89 77 1/2 1)
(1020 88 76 1/2 1)
(1021 88 76 1/2 1)
(1022 89 77 1/2 1)
(1023 88 76 1/2 1)
(1024 88 76 1/2 1)
(1025 90 77 1/2 1)
(1026 88 76 1/2 1)
(1027 88 76 1/2 1)
(1028 90 77 1/2 1)
(1029 88 76 1 1)
(1032 93 79 1 1)
(1035 69 65 1 1)
(1039 69 65 1 1)
(1040 66 63 1 1)
(1041 62 61 1/2 1)
(1042 63 62 2 1)
(1044 64 62 1/2 1)
(1045 76 69 1/2 1)
(1047 69 65 1/2 1)
(1048 81 72 1/2 1)
(1050 76 69 1 1)
(1051 88 76 1 1)
(1052 80 71 1/2 1)
(2105/2 81 72 1/2 1)
(1053 82 73 1/2 1)
(2107/2 83 73 1/2 1)
(1054 83 73 1/2 1)
(2109/2 80 71 1/2 1)
(1055 86 75 1/2 1)
(2111/2 83 73 1/2 1)
(1056 83 73 1/2 1)
(2113/2 81 72 1/2 1)
(1057 81 72 1/2 1)
(2115/2 80 71 1/2 1)
(1058 81 72 1/2 1)
(2117/2 83 73 1/2 1)
(1059 83 73 1/2 1)
(2119/2 85 74 1/2 1)
(1060 85 74 1/2 1)
(2121/2 81 72 1/2 1)
(1061 88 76 1/2 1)
(2123/2 85 74 1/2 1)
(1062 85 74 1/2 1)
(2125/2 83 73 1/2 1)
(1063 83 73 1/2 1)
(2127/2 82 73 1/2 1)
(1064 83 73 1/2 1)
(2129/2 85 74 1/2 1)
(1065 86 75 2 1)
(1067 86 75 1 1)
(1068 85 74 2 1)
(1070 83 73 1 1)
(1071 81 72 2 1)
(1073 83 73 1 1)
(1074 81 72 2 1)
(1076 80 71 1 1)
(1077 79 71 2 1)
(1079 81 72 1 1)
(1080 79 71 2 1)
(1082 78 70 1 1)
(1083 90 77 2 1)
(1085 90 77 1 1)
(1086 88 76 2 1)
(1088 90 77 1 1)
(1089 85 74 2 1)
(1091 86 75 1 1)
(1092 86 75 1 1)
(1093 85 74 1 1)
(1094 86 75 1/2 1)
(2189/2 88 76 1/2 1)
(1095 90 77 2 1)
(1097 90 77 1 1)
(1098 88 76 2 1)
(1100 90 77 1 1)
(1101 85 74 2 1)
(1103 88 76 1/2 1)
(2207/2 86 75 1/2 1)
(1105 85 74 1 1)
(1111 64 62 1/2 1)
(2223/2 66 63 1/2 1)
(1112 64 62 1/2 1)
(2225/2 62 61 1/2 1)
(1113 62 61 1/2 1)
(2227/2 61 60 1/2 1)
(1114 62 61 1/2 1)
(2229/2 56 57 1/2 1)
(1115 57 58 1/2 1)
(2231/2 59 59 1/2 1)
(1116 57 58 1 1)
(1117 76 69 1/2 1)
(2235/2 81 72 1/2 1)
(1118 80 71 1/2 1)
(2237/2 81 72 1/2 1)
(1119 83 73 1/2 1)
(2239/2 85 74 1/2 1)
(1120 86 75 1/2 1)
(2241/2 88 76 1/2 1)
(1121 90 77 1/2 1)
(2243/2 88 76 1/2 1)
(1122 88 76 1 1)
(1123 93 79 1 1)
(1124 92 78 1/2 1)
(2249/2 90 77 1/2 1)
(1125 90 77 1/2 1)
(2251/2 88 76 1/2 1)
(1126 90 77 1/2 1)
(2253/2 83 73 1/2 1)
(1127 85 74 1/2 1)
(2255/2 86 75 1/2 1)
(1128 85 74 1/2 1)
(1129 85 74 1/2 1)
(1131 85 74 1/2 1)
(1132 85 74 1/2 1)
(1134 90 77 1/2 1)
(1135 90 77 1/2 1)
(1137 88 76 1/2 1)
(1138 88 76 1/2 1)
(1140 81 72 1/4 1)
(2281/2 85 74 1/4 1)
(1141 88 76 1/4 1)
(2283/2 86 75 1/4 1)
(1142 85 74 1/4 1)
(2285/2 83 73 1/4 1)
(1143 81 72 1/4 1)
(2287/2 80 71 1/4 1)
(1144 81 72 1/4 1)
(2289/2 79 71 1/4 1)
(1145 78 70 1/4 1)
(2291/2 76 69 1/4 1)
(1146 74 68 1/2 1)
(2293/2 85 74 1/2 1)
(1147 86 75 1/2 1)
(2295/2 85 74 1/2 1)
(1148 83 73 1/2 1)
(2297/2 81 72 1/2 1)
(1149 80 71 1/2 1)
(2299/2 83 73 1/2 1)
(1150 88 76 1/2 1)
(2301/2 86 75 1/2 1)
(1151 85 74 1/2 1)
(2303/2 83 73 1/2 1)
(1152 81 72 1/2 1)
(2305/2 69 65 1/2 1)
(1153 81 72 1/2 1)
(2307/2 76 69 1/2 1)
(1154 85 74 1/2 1)
(2309/2 81 72 1/2 1)
(1155 83 73 1/2 1)
(2311/2 80 71 1/2 1)
(1156 83 73 1/2 1)
(2313/2 80 71 1/2 1)
(1157 86 75 1/2 1)
(2315/2 83 73 1/2 1)
(1158 85 74 1/2 1)
(2317/2 81 72 1/2 1)
(1159 85 74 1/2 1)
(2319/2 81 72 1/2 1)
(1160 88 76 1/2 1)
(2321/2 85 74 1/2 1)
(1161 86 75 1/2 1)
(2323/2 83 73 1/2 1)
(1162 89 77 1/2 1)
(2325/2 83 73 1/2 1)
(1163 89 77 1/2 1)
(2327/2 86 75 1/2 1)
(1164 88 76 1/2 1)
(1165 88 76 1/2 1)
(1166 89 77 1/2 1)
(1167 88 76 1/2 1)
(1168 88 76 1/2 1)
(1169 89 77 1/2 1)
(1170 88 76 1/2 1)
(1171 88 76 1/2 1)
(1172 90 77 1/2 1)
(1173 88 76 1/2 1)
(1174 88 76 1/2 1)
(1175 90 77 1/2 1)
(1176 88 76 1 1)
(1179 93 79 1 1)
(1182 69 65 4 1)
(1186 69 65 1 1)
(1187 66 63 1 1)
(1188 62 61 1 1)
(1189 63 62 2 1)
(1191 64 62 1/2 1)
(1192 76 69 1/2 1)
(1194 69 65 1/2 1)
(1195 81 72 1/2 1)
(1197 76 69 1/2 1)
(1198 88 76 1/2 1)
(1201 76 69 1 1)
(1202 88 76 1 1)
(1203 85 74 1 1)
(1207 76 69 1 1)
(1208 88 76 1 1)
(1209 69 65 1 1)
(1209 81 72 1 1)
