pattern1
occurrence1
55.00000, 69.00000
8.00000, 66.00000
31.00000, 67.00000
54.00000, 71.00000
7.00000, 64.00000
100.00000, 66.00000
30.00000, 69.00000
53.00000, 66.00000
6.00000, 69.00000
99.00000, 67.00000
110.50000, 66.00000
40.50000, 74.00000
52.00000, 69.00000
98.50000, 69.00000
28.50000, 69.00000
75.00000, 62.00000
86.50000, 67.00000
51.50000, 71.00000
98.00000, 71.00000
16.50000, 67.00000
74.50000, 67.00000
4.50000, 69.00000
51.00000, 71.00000
97.50000, 71.00000
62.50000, 66.00000
74.00000, 67.00000
85.50000, 69.00000
4.00000, 67.00000
15.50000, 71.00000
27.00000, 74.00000
73.50000, 69.00000
3.50000, 67.00000
96.50000, 66.00000
26.50000, 66.00000
73.00000, 66.00000
3.00000, 69.00000
49.50000, 62.00000
96.00000, 67.00000
107.50000, 66.00000
49.25000, 64.00000
43.25000, 64.00000
2.50000, 69.00000
49.00000, 67.00000
95.50000, 69.00000
occurrence2
54.00000, 71.00000
7.00000, 64.00000
100.00000, 66.00000
30.00000, 69.00000
53.00000, 66.00000
6.00000, 69.00000
99.00000, 67.00000
110.50000, 66.00000
40.50000, 74.00000
52.00000, 69.00000
98.50000, 69.00000
28.50000, 69.00000
75.00000, 62.00000
86.50000, 67.00000
51.50000, 71.00000
98.00000, 71.00000
16.50000, 67.00000
74.50000, 67.00000
4.50000, 69.00000
51.00000, 71.00000
97.50000, 71.00000
62.50000, 66.00000
74.00000, 67.00000
85.50000, 69.00000
4.00000, 67.00000
15.50000, 71.00000
27.00000, 74.00000
73.50000, 69.00000
3.50000, 67.00000
96.50000, 66.00000
26.50000, 66.00000
73.00000, 66.00000
3.00000, 69.00000
49.50000, 62.00000
96.00000, 67.00000
107.50000, 66.00000
49.25000, 64.00000
43.25000, 64.00000
2.50000, 69.00000
49.00000, 67.00000
95.50000, 69.00000
25.50000, 69.00000
72.00000, 69.00000
31.25000, 64.00000
118.50000, 62.00000
13.75000, 64.00000
83.50000, 66.00000
42.75000, 66.00000
25.25000, 64.00000
95.00000, 71.00000
118.25000, 64.00000
13.50000, 67.00000
19.25000, 67.00000
106.50000, 69.00000
25.00000, 67.00000
112.25000, 64.00000
30.75000, 66.00000
118.00000, 67.00000
106.25000, 67.00000
1.50000, 74.00000
24.75000, 66.00000
48.00000, 69.00000
94.50000, 71.00000
occurrence3
28.50000, 69.00000
75.00000, 62.00000
86.50000, 67.00000
51.50000, 71.00000
98.00000, 71.00000
16.50000, 67.00000
74.50000, 67.00000
4.50000, 69.00000
51.00000, 71.00000
97.50000, 71.00000
62.50000, 66.00000
74.00000, 67.00000
85.50000, 69.00000
4.00000, 67.00000
15.50000, 71.00000
27.00000, 74.00000
73.50000, 69.00000
3.50000, 67.00000
96.50000, 66.00000
26.50000, 66.00000
73.00000, 66.00000
3.00000, 69.00000
49.50000, 62.00000
96.00000, 67.00000
107.50000, 66.00000
49.25000, 64.00000
43.25000, 64.00000
2.50000, 69.00000
49.00000, 67.00000
95.50000, 69.00000
25.50000, 69.00000
72.00000, 69.00000
31.25000, 64.00000
118.50000, 62.00000
13.75000, 64.00000
83.50000, 66.00000
42.75000, 66.00000
25.25000, 64.00000
95.00000, 71.00000
118.25000, 64.00000
13.50000, 67.00000
19.25000, 67.00000
106.50000, 69.00000
25.00000, 67.00000
112.25000, 64.00000
30.75000, 66.00000
118.00000, 67.00000
106.25000, 67.00000
1.50000, 74.00000
24.75000, 66.00000
48.00000, 69.00000
94.50000, 71.00000
117.75000, 66.00000
100.25000, 69.00000
117.62500, 67.00000
24.50000, 67.00000
111.75000, 66.00000
47.75000, 69.00000
30.25000, 67.00000
117.50000, 67.00000
111.62500, 67.00000
82.50000, 69.00000
1.00000, 66.00000
24.25000, 67.00000
47.50000, 71.00000
117.25000, 67.00000
12.50000, 71.00000
24.00000, 69.00000
111.25000, 67.00000
70.50000, 74.00000
29.75000, 69.00000
117.00000, 69.00000
23.75000, 69.00000
47.00000, 66.00000
52.75000, 64.00000
116.75000, 69.00000
64.37500, 74.00000
99.25000, 64.00000
58.50000, 69.00000
23.50000, 66.00000
110.75000, 69.00000
70.00000, 66.00000
116.50000, 66.00000
67.16666, 66.00000
73.33334, 69.00000
62.83333, 67.00000
62.66667, 66.00000
73.16666, 66.00000
0.00000, 69.00000
70.33334, 69.00000
70.16666, 66.00000
46.50000, 62.00000
93.00000, 62.00000
67.32500, 69.00000
92.75000, 64.00000
86.75000, 64.00000
46.00000, 64.00000
92.50000, 67.00000
115.75000, 69.00000
16.75000, 64.00000
69.00000, 69.00000
occurrence4
26.50000, 66.00000
73.00000, 66.00000
3.00000, 69.00000
49.50000, 62.00000
96.00000, 67.00000
107.50000, 66.00000
49.25000, 64.00000
43.25000, 64.00000
2.50000, 69.00000
49.00000, 67.00000
95.50000, 69.00000
25.50000, 69.00000
72.00000, 69.00000
31.25000, 64.00000
118.50000, 62.00000
13.75000, 64.00000
83.50000, 66.00000
42.75000, 66.00000
25.25000, 64.00000
95.00000, 71.00000
118.25000, 64.00000
13.50000, 67.00000
19.25000, 67.00000
106.50000, 69.00000
25.00000, 67.00000
112.25000, 64.00000
30.75000, 66.00000
118.00000, 67.00000
106.25000, 67.00000
1.50000, 74.00000
24.75000, 66.00000
48.00000, 69.00000
94.50000, 71.00000
117.75000, 66.00000
100.25000, 69.00000
117.62500, 67.00000
24.50000, 67.00000
111.75000, 66.00000
47.75000, 69.00000
30.25000, 67.00000
117.50000, 67.00000
111.62500, 67.00000
82.50000, 69.00000
1.00000, 66.00000
24.25000, 67.00000
47.50000, 71.00000
117.25000, 67.00000
12.50000, 71.00000
24.00000, 69.00000
111.25000, 67.00000
70.50000, 74.00000
29.75000, 69.00000
117.00000, 69.00000
23.75000, 69.00000
47.00000, 66.00000
52.75000, 64.00000
116.75000, 69.00000
64.37500, 74.00000
99.25000, 64.00000
58.50000, 69.00000
23.50000, 66.00000
110.75000, 69.00000
70.00000, 66.00000
116.50000, 66.00000
67.16666, 66.00000
73.33334, 69.00000
62.83333, 67.00000
62.66667, 66.00000
73.16666, 66.00000
0.00000, 69.00000
70.33334, 69.00000
70.16666, 66.00000
46.50000, 62.00000
93.00000, 62.00000
67.32500, 69.00000
92.75000, 64.00000
86.75000, 64.00000
46.00000, 64.00000
92.50000, 67.00000
115.75000, 69.00000
16.75000, 64.00000
69.00000, 69.00000
115.50000, 69.00000
74.75000, 64.00000
86.25000, 66.00000
45.50000, 67.00000
68.75000, 64.00000
10.50000, 62.00000
22.00000, 69.00000
109.25000, 69.00000
68.50000, 67.00000
10.25000, 64.00000
74.25000, 66.00000
56.75000, 69.00000
45.00000, 69.00000
4.25000, 64.00000
68.25000, 66.00000
91.50000, 69.00000
56.50000, 66.00000
68.00000, 67.00000
91.25000, 69.00000
73.75000, 67.00000
3.75000, 66.00000
67.75000, 67.00000
91.00000, 71.00000
21.00000, 74.00000
67.50000, 69.00000
26.75000, 69.00000
114.00000, 74.00000
55.75000, 64.00000
90.50000, 66.00000
113.75000, 69.00000
96.25000, 64.00000
55.50000, 67.00000
20.50000, 66.00000
107.75000, 66.00000
67.00000, 66.00000
occurrence5
73.00000, 66.00000
3.00000, 69.00000
49.50000, 62.00000
96.00000, 67.00000
107.50000, 66.00000
49.25000, 64.00000
43.25000, 64.00000
2.50000, 69.00000
49.00000, 67.00000
95.50000, 69.00000
25.50000, 69.00000
72.00000, 69.00000
31.25000, 64.00000
118.50000, 62.00000
13.75000, 64.00000
83.50000, 66.00000
42.75000, 66.00000
25.25000, 64.00000
95.00000, 71.00000
118.25000, 64.00000
13.50000, 67.00000
19.25000, 67.00000
106.50000, 69.00000
25.00000, 67.00000
112.25000, 64.00000
30.75000, 66.00000
118.00000, 67.00000
106.25000, 67.00000
1.50000, 74.00000
24.75000, 66.00000
48.00000, 69.00000
94.50000, 71.00000
117.75000, 66.00000
100.25000, 69.00000
117.62500, 67.00000
24.50000, 67.00000
111.75000, 66.00000
47.75000, 69.00000
30.25000, 67.00000
117.50000, 67.00000
111.62500, 67.00000
82.50000, 69.00000
1.00000, 66.00000
24.25000, 67.00000
47.50000, 71.00000
117.25000, 67.00000
12.50000, 71.00000
24.00000, 69.00000
111.25000, 67.00000
70.50000, 74.00000
29.75000, 69.00000
117.00000, 69.00000
23.75000, 69.00000
47.00000, 66.00000
52.75000, 64.00000
116.75000, 69.00000
64.37500, 74.00000
99.25000, 64.00000
58.50000, 69.00000
23.50000, 66.00000
110.75000, 69.00000
70.00000, 66.00000
116.50000, 66.00000
67.16666, 66.00000
73.33334, 69.00000
62.83333, 67.00000
62.66667, 66.00000
73.16666, 66.00000
0.00000, 69.00000
70.33334, 69.00000
70.16666, 66.00000
46.50000, 62.00000
93.00000, 62.00000
67.32500, 69.00000
92.75000, 64.00000
86.75000, 64.00000
46.00000, 64.00000
92.50000, 67.00000
115.75000, 69.00000
16.75000, 64.00000
69.00000, 69.00000
115.50000, 69.00000
74.75000, 64.00000
86.25000, 66.00000
45.50000, 67.00000
68.75000, 64.00000
10.50000, 62.00000
22.00000, 69.00000
109.25000, 69.00000
68.50000, 67.00000
10.25000, 64.00000
74.25000, 66.00000
56.75000, 69.00000
45.00000, 69.00000
4.25000, 64.00000
68.25000, 66.00000
91.50000, 69.00000
56.50000, 66.00000
68.00000, 67.00000
91.25000, 69.00000
73.75000, 67.00000
3.75000, 66.00000
67.75000, 67.00000
91.00000, 71.00000
21.00000, 74.00000
67.50000, 69.00000
26.75000, 69.00000
114.00000, 74.00000
55.75000, 64.00000
90.50000, 66.00000
113.75000, 69.00000
96.25000, 64.00000
55.50000, 67.00000
20.50000, 66.00000
107.75000, 66.00000
67.00000, 66.00000
113.50000, 66.00000
occurrence6
49.50000, 62.00000
96.00000, 67.00000
107.50000, 66.00000
49.25000, 64.00000
43.25000, 64.00000
2.50000, 69.00000
49.00000, 67.00000
95.50000, 69.00000
25.50000, 69.00000
72.00000, 69.00000
31.25000, 64.00000
118.50000, 62.00000
13.75000, 64.00000
83.50000, 66.00000
42.75000, 66.00000
25.25000, 64.00000
95.00000, 71.00000
118.25000, 64.00000
13.50000, 67.00000
19.25000, 67.00000
106.50000, 69.00000
25.00000, 67.00000
112.25000, 64.00000
30.75000, 66.00000
118.00000, 67.00000
106.25000, 67.00000
1.50000, 74.00000
24.75000, 66.00000
48.00000, 69.00000
94.50000, 71.00000
117.75000, 66.00000
100.25000, 69.00000
117.62500, 67.00000
24.50000, 67.00000
111.75000, 66.00000
47.75000, 69.00000
30.25000, 67.00000
117.50000, 67.00000
111.62500, 67.00000
82.50000, 69.00000
1.00000, 66.00000
24.25000, 67.00000
47.50000, 71.00000
117.25000, 67.00000
12.50000, 71.00000
24.00000, 69.00000
111.25000, 67.00000
70.50000, 74.00000
29.75000, 69.00000
117.00000, 69.00000
23.75000, 69.00000
47.00000, 66.00000
52.75000, 64.00000
116.75000, 69.00000
64.37500, 74.00000
99.25000, 64.00000
58.50000, 69.00000
23.50000, 66.00000
110.75000, 69.00000
70.00000, 66.00000
116.50000, 66.00000
67.16666, 66.00000
73.33334, 69.00000
62.83333, 67.00000
62.66667, 66.00000
73.16666, 66.00000
0.00000, 69.00000
70.33334, 69.00000
70.16666, 66.00000
46.50000, 62.00000
93.00000, 62.00000
67.32500, 69.00000
92.75000, 64.00000
86.75000, 64.00000
46.00000, 64.00000
92.50000, 67.00000
115.75000, 69.00000
16.75000, 64.00000
69.00000, 69.00000
115.50000, 69.00000
74.75000, 64.00000
86.25000, 66.00000
45.50000, 67.00000
68.75000, 64.00000
10.50000, 62.00000
22.00000, 69.00000
109.25000, 69.00000
68.50000, 67.00000
10.25000, 64.00000
74.25000, 66.00000
56.75000, 69.00000
45.00000, 69.00000
4.25000, 64.00000
68.25000, 66.00000
91.50000, 69.00000
56.50000, 66.00000
68.00000, 67.00000
91.25000, 69.00000
73.75000, 67.00000
3.75000, 66.00000
67.75000, 67.00000
91.00000, 71.00000
21.00000, 74.00000
67.50000, 69.00000
26.75000, 69.00000
114.00000, 74.00000
55.75000, 64.00000
90.50000, 66.00000
113.75000, 69.00000
96.25000, 64.00000
55.50000, 67.00000
20.50000, 66.00000
107.75000, 66.00000
67.00000, 66.00000
113.50000, 66.00000
8.75000, 69.00000
43.50000, 69.00000
90.00000, 62.00000
occurrence7
72.00000, 69.00000
31.25000, 64.00000
118.50000, 62.00000
13.75000, 64.00000
83.50000, 66.00000
42.75000, 66.00000
25.25000, 64.00000
95.00000, 71.00000
118.25000, 64.00000
13.50000, 67.00000
19.25000, 67.00000
106.50000, 69.00000
25.00000, 67.00000
112.25000, 64.00000
30.75000, 66.00000
118.00000, 67.00000
106.25000, 67.00000
1.50000, 74.00000
24.75000, 66.00000
48.00000, 69.00000
94.50000, 71.00000
117.75000, 66.00000
100.25000, 69.00000
117.62500, 67.00000
24.50000, 67.00000
111.75000, 66.00000
47.75000, 69.00000
30.25000, 67.00000
117.50000, 67.00000
111.62500, 67.00000
82.50000, 69.00000
1.00000, 66.00000
24.25000, 67.00000
47.50000, 71.00000
117.25000, 67.00000
12.50000, 71.00000
24.00000, 69.00000
111.25000, 67.00000
70.50000, 74.00000
29.75000, 69.00000
117.00000, 69.00000
23.75000, 69.00000
47.00000, 66.00000
52.75000, 64.00000
116.75000, 69.00000
64.37500, 74.00000
99.25000, 64.00000
58.50000, 69.00000
23.50000, 66.00000
110.75000, 69.00000
70.00000, 66.00000
116.50000, 66.00000
67.16666, 66.00000
73.33334, 69.00000
62.83333, 67.00000
62.66667, 66.00000
73.16666, 66.00000
0.00000, 69.00000
70.33334, 69.00000
70.16666, 66.00000
46.50000, 62.00000
93.00000, 62.00000
67.32500, 69.00000
92.75000, 64.00000
86.75000, 64.00000
46.00000, 64.00000
92.50000, 67.00000
115.75000, 69.00000
16.75000, 64.00000
69.00000, 69.00000
115.50000, 69.00000
74.75000, 64.00000
86.25000, 66.00000
45.50000, 67.00000
68.75000, 64.00000
10.50000, 62.00000
22.00000, 69.00000
109.25000, 69.00000
68.50000, 67.00000
10.25000, 64.00000
74.25000, 66.00000
56.75000, 69.00000
45.00000, 69.00000
4.25000, 64.00000
68.25000, 66.00000
91.50000, 69.00000
56.50000, 66.00000
68.00000, 67.00000
91.25000, 69.00000
73.75000, 67.00000
3.75000, 66.00000
67.75000, 67.00000
91.00000, 71.00000
21.00000, 74.00000
67.50000, 69.00000
26.75000, 69.00000
114.00000, 74.00000
55.75000, 64.00000
90.50000, 66.00000
113.75000, 69.00000
96.25000, 64.00000
55.50000, 67.00000
20.50000, 66.00000
107.75000, 66.00000
67.00000, 66.00000
113.50000, 66.00000
8.75000, 69.00000
43.50000, 69.00000
90.00000, 62.00000
8.50000, 71.00000
31.50000, 62.00000
43.00000, 67.00000
89.50000, 64.00000
54.50000, 71.00000
19.50000, 69.00000
112.50000, 69.00000
occurrence8
48.00000, 69.00000
94.50000, 71.00000
117.75000, 66.00000
100.25000, 69.00000
117.62500, 67.00000
24.50000, 67.00000
111.75000, 66.00000
47.75000, 69.00000
30.25000, 67.00000
117.50000, 67.00000
111.62500, 67.00000
82.50000, 69.00000
1.00000, 66.00000
24.25000, 67.00000
47.50000, 71.00000
117.25000, 67.00000
12.50000, 71.00000
24.00000, 69.00000
111.25000, 67.00000
70.50000, 74.00000
29.75000, 69.00000
117.00000, 69.00000
23.75000, 69.00000
47.00000, 66.00000
52.75000, 64.00000
116.75000, 69.00000
64.37500, 74.00000
99.25000, 64.00000
58.50000, 69.00000
23.50000, 66.00000
110.75000, 69.00000
70.00000, 66.00000
116.50000, 66.00000
67.16666, 66.00000
73.33334, 69.00000
62.83333, 67.00000
62.66667, 66.00000
73.16666, 66.00000
0.00000, 69.00000
70.33334, 69.00000
70.16666, 66.00000
46.50000, 62.00000
93.00000, 62.00000
67.32500, 69.00000
92.75000, 64.00000
86.75000, 64.00000
46.00000, 64.00000
92.50000, 67.00000
115.75000, 69.00000
16.75000, 64.00000
69.00000, 69.00000
115.50000, 69.00000
74.75000, 64.00000
86.25000, 66.00000
45.50000, 67.00000
68.75000, 64.00000
10.50000, 62.00000
22.00000, 69.00000
109.25000, 69.00000
68.50000, 67.00000
10.25000, 64.00000
74.25000, 66.00000
56.75000, 69.00000
45.00000, 69.00000
4.25000, 64.00000
68.25000, 66.00000
91.50000, 69.00000
56.50000, 66.00000
68.00000, 67.00000
91.25000, 69.00000
73.75000, 67.00000
3.75000, 66.00000
67.75000, 67.00000
91.00000, 71.00000
21.00000, 74.00000
67.50000, 69.00000
26.75000, 69.00000
114.00000, 74.00000
55.75000, 64.00000
90.50000, 66.00000
113.75000, 69.00000
96.25000, 64.00000
55.50000, 67.00000
20.50000, 66.00000
107.75000, 66.00000
67.00000, 66.00000
113.50000, 66.00000
8.75000, 69.00000
43.50000, 69.00000
90.00000, 62.00000
8.50000, 71.00000
31.50000, 62.00000
43.00000, 67.00000
89.50000, 64.00000
54.50000, 71.00000
19.50000, 69.00000
112.50000, 69.00000
42.50000, 67.00000
89.00000, 67.00000
7.50000, 62.00000
100.50000, 68.00000
19.00000, 66.00000
65.50000, 69.00000
112.00000, 67.00000
30.50000, 67.00000
42.00000, 69.00000
88.50000, 69.00000
occurrence9
23.50000, 66.00000
110.75000, 69.00000
70.00000, 66.00000
116.50000, 66.00000
67.16666, 66.00000
73.33334, 69.00000
62.83333, 67.00000
62.66667, 66.00000
73.16666, 66.00000
0.00000, 69.00000
70.33334, 69.00000
70.16666, 66.00000
46.50000, 62.00000
93.00000, 62.00000
67.32500, 69.00000
92.75000, 64.00000
86.75000, 64.00000
46.00000, 64.00000
92.50000, 67.00000
115.75000, 69.00000
16.75000, 64.00000
69.00000, 69.00000
115.50000, 69.00000
74.75000, 64.00000
86.25000, 66.00000
45.50000, 67.00000
68.75000, 64.00000
10.50000, 62.00000
22.00000, 69.00000
109.25000, 69.00000
68.50000, 67.00000
10.25000, 64.00000
74.25000, 66.00000
56.75000, 69.00000
45.00000, 69.00000
4.25000, 64.00000
68.25000, 66.00000
91.50000, 69.00000
56.50000, 66.00000
68.00000, 67.00000
91.25000, 69.00000
73.75000, 67.00000
3.75000, 66.00000
67.75000, 67.00000
91.00000, 71.00000
21.00000, 74.00000
67.50000, 69.00000
26.75000, 69.00000
114.00000, 74.00000
55.75000, 64.00000
90.50000, 66.00000
113.75000, 69.00000
96.25000, 64.00000
55.50000, 67.00000
20.50000, 66.00000
107.75000, 66.00000
67.00000, 66.00000
113.50000, 66.00000
8.75000, 69.00000
43.50000, 69.00000
90.00000, 62.00000
8.50000, 71.00000
31.50000, 62.00000
43.00000, 67.00000
89.50000, 64.00000
54.50000, 71.00000
19.50000, 69.00000
112.50000, 69.00000
42.50000, 67.00000
89.00000, 67.00000
7.50000, 62.00000
100.50000, 68.00000
19.00000, 66.00000
65.50000, 69.00000
112.00000, 67.00000
30.50000, 67.00000
42.00000, 69.00000
88.50000, 69.00000
111.50000, 67.00000
41.50000, 69.00000
6.50000, 67.00000
99.50000, 66.00000
64.50000, 74.00000
111.00000, 69.00000
29.50000, 66.00000
52.50000, 67.00000
64.00000, 66.00000
occurrence10
45.50000, 67.00000
68.75000, 64.00000
10.50000, 62.00000
22.00000, 69.00000
109.25000, 69.00000
68.50000, 67.00000
10.25000, 64.00000
74.25000, 66.00000
56.75000, 69.00000
45.00000, 69.00000
4.25000, 64.00000
68.25000, 66.00000
91.50000, 69.00000
56.50000, 66.00000
68.00000, 67.00000
91.25000, 69.00000
73.75000, 67.00000
3.75000, 66.00000
67.75000, 67.00000
91.00000, 71.00000
21.00000, 74.00000
67.50000, 69.00000
26.75000, 69.00000
114.00000, 74.00000
55.75000, 64.00000
90.50000, 66.00000
113.75000, 69.00000
96.25000, 64.00000
55.50000, 67.00000
20.50000, 66.00000
107.75000, 66.00000
67.00000, 66.00000
113.50000, 66.00000
8.75000, 69.00000
43.50000, 69.00000
90.00000, 62.00000
8.50000, 71.00000
31.50000, 62.00000
43.00000, 67.00000
89.50000, 64.00000
54.50000, 71.00000
19.50000, 69.00000
112.50000, 69.00000
42.50000, 67.00000
89.00000, 67.00000
7.50000, 62.00000
100.50000, 68.00000
19.00000, 66.00000
65.50000, 69.00000
112.00000, 67.00000
30.50000, 67.00000
42.00000, 69.00000
88.50000, 69.00000
111.50000, 67.00000
41.50000, 69.00000
6.50000, 67.00000
99.50000, 66.00000
64.50000, 74.00000
111.00000, 69.00000
29.50000, 66.00000
52.50000, 67.00000
64.00000, 66.00000
87.00000, 69.00000
17.00000, 66.00000
40.00000, 66.00000
63.00000, 69.00000
86.00000, 67.00000
pattern2
occurrence1
10.00000, 67.00000
56.00000, 66.00000
9.00000, 69.00000
102.00000, 69.00000
55.00000, 69.00000
8.00000, 66.00000
31.00000, 67.00000
54.00000, 71.00000
7.00000, 64.00000
100.00000, 66.00000
30.00000, 69.00000
53.00000, 66.00000
6.00000, 69.00000
99.00000, 67.00000
110.50000, 66.00000
40.50000, 74.00000
52.00000, 69.00000
98.50000, 69.00000
28.50000, 69.00000
75.00000, 62.00000
86.50000, 67.00000
51.50000, 71.00000
98.00000, 71.00000
16.50000, 67.00000
74.50000, 67.00000
4.50000, 69.00000
51.00000, 71.00000
97.50000, 71.00000
62.50000, 66.00000
74.00000, 67.00000
85.50000, 69.00000
4.00000, 67.00000
15.50000, 71.00000
27.00000, 74.00000
73.50000, 69.00000
3.50000, 67.00000
96.50000, 66.00000
26.50000, 66.00000
73.00000, 66.00000
3.00000, 69.00000
occurrence2
74.50000, 67.00000
4.50000, 69.00000
51.00000, 71.00000
97.50000, 71.00000
62.50000, 66.00000
74.00000, 67.00000
85.50000, 69.00000
4.00000, 67.00000
15.50000, 71.00000
27.00000, 74.00000
73.50000, 69.00000
3.50000, 67.00000
96.50000, 66.00000
26.50000, 66.00000
73.00000, 66.00000
3.00000, 69.00000
49.50000, 62.00000
96.00000, 67.00000
107.50000, 66.00000
49.25000, 64.00000
43.25000, 64.00000
2.50000, 69.00000
49.00000, 67.00000
95.50000, 69.00000
25.50000, 69.00000
72.00000, 69.00000
31.25000, 64.00000
118.50000, 62.00000
13.75000, 64.00000
83.50000, 66.00000
42.75000, 66.00000
25.25000, 64.00000
95.00000, 71.00000
118.25000, 64.00000
13.50000, 67.00000
19.25000, 67.00000
106.50000, 69.00000
25.00000, 67.00000
112.25000, 64.00000
30.75000, 66.00000
118.00000, 67.00000
106.25000, 67.00000
1.50000, 74.00000
24.75000, 66.00000
48.00000, 69.00000
94.50000, 71.00000
117.75000, 66.00000
100.25000, 69.00000
117.62500, 67.00000
24.50000, 67.00000
111.75000, 66.00000
47.75000, 69.00000
30.25000, 67.00000
117.50000, 67.00000
111.62500, 67.00000
82.50000, 69.00000
1.00000, 66.00000
24.25000, 67.00000
47.50000, 71.00000
117.25000, 67.00000
12.50000, 71.00000
24.00000, 69.00000
111.25000, 67.00000
70.50000, 74.00000
29.75000, 69.00000
117.00000, 69.00000
23.75000, 69.00000
47.00000, 66.00000
52.75000, 64.00000
116.75000, 69.00000
64.37500, 74.00000
99.25000, 64.00000
58.50000, 69.00000
23.50000, 66.00000
110.75000, 69.00000
70.00000, 66.00000
116.50000, 66.00000
67.16666, 66.00000
73.33334, 69.00000
62.83333, 67.00000
62.66667, 66.00000
73.16666, 66.00000
0.00000, 69.00000
70.33334, 69.00000
70.16666, 66.00000
46.50000, 62.00000
93.00000, 62.00000
67.32500, 69.00000
92.75000, 64.00000
86.75000, 64.00000
46.00000, 64.00000
92.50000, 67.00000
115.75000, 69.00000
16.75000, 64.00000
69.00000, 69.00000
115.50000, 69.00000
74.75000, 64.00000
86.25000, 66.00000
45.50000, 67.00000
68.75000, 64.00000
10.50000, 62.00000
22.00000, 69.00000
109.25000, 69.00000
68.50000, 67.00000
10.25000, 64.00000
74.25000, 66.00000
56.75000, 69.00000
45.00000, 69.00000
4.25000, 64.00000
68.25000, 66.00000
91.50000, 69.00000
56.50000, 66.00000
68.00000, 67.00000
91.25000, 69.00000
73.75000, 67.00000
3.75000, 66.00000
67.75000, 67.00000
91.00000, 71.00000
21.00000, 74.00000
67.50000, 69.00000
occurrence3
118.00000, 67.00000
106.25000, 67.00000
1.50000, 74.00000
24.75000, 66.00000
48.00000, 69.00000
94.50000, 71.00000
117.75000, 66.00000
100.25000, 69.00000
117.62500, 67.00000
24.50000, 67.00000
111.75000, 66.00000
47.75000, 69.00000
30.25000, 67.00000
117.50000, 67.00000
111.62500, 67.00000
82.50000, 69.00000
1.00000, 66.00000
24.25000, 67.00000
47.50000, 71.00000
117.25000, 67.00000
12.50000, 71.00000
24.00000, 69.00000
111.25000, 67.00000
70.50000, 74.00000
29.75000, 69.00000
117.00000, 69.00000
23.75000, 69.00000
47.00000, 66.00000
52.75000, 64.00000
116.75000, 69.00000
64.37500, 74.00000
99.25000, 64.00000
58.50000, 69.00000
23.50000, 66.00000
110.75000, 69.00000
70.00000, 66.00000
116.50000, 66.00000
67.16666, 66.00000
73.33334, 69.00000
62.83333, 67.00000
62.66667, 66.00000
73.16666, 66.00000
0.00000, 69.00000
70.33334, 69.00000
70.16666, 66.00000
46.50000, 62.00000
93.00000, 62.00000
67.32500, 69.00000
92.75000, 64.00000
86.75000, 64.00000
46.00000, 64.00000
92.50000, 67.00000
115.75000, 69.00000
16.75000, 64.00000
69.00000, 69.00000
115.50000, 69.00000
74.75000, 64.00000
86.25000, 66.00000
45.50000, 67.00000
68.75000, 64.00000
10.50000, 62.00000
22.00000, 69.00000
109.25000, 69.00000
68.50000, 67.00000
10.25000, 64.00000
74.25000, 66.00000
56.75000, 69.00000
45.00000, 69.00000
4.25000, 64.00000
68.25000, 66.00000
91.50000, 69.00000
56.50000, 66.00000
68.00000, 67.00000
91.25000, 69.00000
73.75000, 67.00000
3.75000, 66.00000
67.75000, 67.00000
91.00000, 71.00000
21.00000, 74.00000
67.50000, 69.00000
26.75000, 69.00000
114.00000, 74.00000
55.75000, 64.00000
90.50000, 66.00000
113.75000, 69.00000
96.25000, 64.00000
55.50000, 67.00000
20.50000, 66.00000
107.75000, 66.00000
67.00000, 66.00000
113.50000, 66.00000
8.75000, 69.00000
43.50000, 69.00000
90.00000, 62.00000
8.50000, 71.00000
31.50000, 62.00000
43.00000, 67.00000
89.50000, 64.00000
54.50000, 71.00000
19.50000, 69.00000
112.50000, 69.00000
42.50000, 67.00000
89.00000, 67.00000
7.50000, 62.00000
100.50000, 68.00000
19.00000, 66.00000
65.50000, 69.00000
112.00000, 67.00000
30.50000, 67.00000
42.00000, 69.00000
88.50000, 69.00000
111.50000, 67.00000
41.50000, 69.00000
6.50000, 67.00000
99.50000, 66.00000
64.50000, 74.00000
111.00000, 69.00000
pattern3
occurrence1
102.00000, 69.00000
55.00000, 69.00000
8.00000, 66.00000
31.00000, 67.00000
54.00000, 71.00000
7.00000, 64.00000
100.00000, 66.00000
30.00000, 69.00000
53.00000, 66.00000
6.00000, 69.00000
99.00000, 67.00000
110.50000, 66.00000
40.50000, 74.00000
52.00000, 69.00000
98.50000, 69.00000
28.50000, 69.00000
occurrence2
100.00000, 66.00000
30.00000, 69.00000
53.00000, 66.00000
6.00000, 69.00000
99.00000, 67.00000
110.50000, 66.00000
40.50000, 74.00000
52.00000, 69.00000
98.50000, 69.00000
28.50000, 69.00000
75.00000, 62.00000
86.50000, 67.00000
51.50000, 71.00000
98.00000, 71.00000
16.50000, 67.00000
74.50000, 67.00000
4.50000, 69.00000
51.00000, 71.00000
97.50000, 71.00000
62.50000, 66.00000
74.00000, 67.00000
85.50000, 69.00000
4.00000, 67.00000
15.50000, 71.00000
27.00000, 74.00000
73.50000, 69.00000
3.50000, 67.00000
96.50000, 66.00000
26.50000, 66.00000
occurrence3
112.50000, 69.00000
42.50000, 67.00000
89.00000, 67.00000
7.50000, 62.00000
100.50000, 68.00000
19.00000, 66.00000
65.50000, 69.00000
112.00000, 67.00000
30.50000, 67.00000
42.00000, 69.00000
88.50000, 69.00000
111.50000, 67.00000
41.50000, 69.00000
6.50000, 67.00000
99.50000, 66.00000
64.50000, 74.00000
111.00000, 69.00000
29.50000, 66.00000
52.50000, 67.00000
64.00000, 66.00000
87.00000, 69.00000
17.00000, 66.00000
40.00000, 66.00000
63.00000, 69.00000
86.00000, 67.00000
16.00000, 69.00000
109.00000, 69.00000
39.00000, 69.00000
pattern4
occurrence1
100.00000, 66.00000
30.00000, 69.00000
53.00000, 66.00000
6.00000, 69.00000
99.00000, 67.00000
110.50000, 66.00000
40.50000, 74.00000
52.00000, 69.00000
98.50000, 69.00000
28.50000, 69.00000
75.00000, 62.00000
86.50000, 67.00000
51.50000, 71.00000
98.00000, 71.00000
16.50000, 67.00000
74.50000, 67.00000
4.50000, 69.00000
51.00000, 71.00000
97.50000, 71.00000
62.50000, 66.00000
74.00000, 67.00000
85.50000, 69.00000
4.00000, 67.00000
15.50000, 71.00000
27.00000, 74.00000
73.50000, 69.00000
3.50000, 67.00000
96.50000, 66.00000
26.50000, 66.00000
73.00000, 66.00000
3.00000, 69.00000
49.50000, 62.00000
96.00000, 67.00000
107.50000, 66.00000
49.25000, 64.00000
43.25000, 64.00000
2.50000, 69.00000
49.00000, 67.00000
95.50000, 69.00000
25.50000, 69.00000
72.00000, 69.00000
31.25000, 64.00000
118.50000, 62.00000
13.75000, 64.00000
83.50000, 66.00000
42.75000, 66.00000
25.25000, 64.00000
95.00000, 71.00000
118.25000, 64.00000
13.50000, 67.00000
19.25000, 67.00000
106.50000, 69.00000
25.00000, 67.00000
112.25000, 64.00000
30.75000, 66.00000
118.00000, 67.00000
106.25000, 67.00000
1.50000, 74.00000
24.75000, 66.00000
48.00000, 69.00000
94.50000, 71.00000
117.75000, 66.00000
100.25000, 69.00000
117.62500, 67.00000
24.50000, 67.00000
111.75000, 66.00000
47.75000, 69.00000
30.25000, 67.00000
117.50000, 67.00000
111.62500, 67.00000
82.50000, 69.00000
1.00000, 66.00000
24.25000, 67.00000
47.50000, 71.00000
117.25000, 67.00000
12.50000, 71.00000
24.00000, 69.00000
111.25000, 67.00000
70.50000, 74.00000
29.75000, 69.00000
117.00000, 69.00000
occurrence2
70.00000, 66.00000
116.50000, 66.00000
67.16666, 66.00000
73.33334, 69.00000
62.83333, 67.00000
62.66667, 66.00000
73.16666, 66.00000
0.00000, 69.00000
70.33334, 69.00000
70.16666, 66.00000
46.50000, 62.00000
93.00000, 62.00000
67.32500, 69.00000
92.75000, 64.00000
86.75000, 64.00000
46.00000, 64.00000
92.50000, 67.00000
115.75000, 69.00000
16.75000, 64.00000
69.00000, 69.00000
115.50000, 69.00000
74.75000, 64.00000
86.25000, 66.00000
45.50000, 67.00000
68.75000, 64.00000
10.50000, 62.00000
22.00000, 69.00000
109.25000, 69.00000
68.50000, 67.00000
10.25000, 64.00000
74.25000, 66.00000
56.75000, 69.00000
45.00000, 69.00000
4.25000, 64.00000
68.25000, 66.00000
91.50000, 69.00000
56.50000, 66.00000
68.00000, 67.00000
91.25000, 69.00000
73.75000, 67.00000
3.75000, 66.00000
67.75000, 67.00000
91.00000, 71.00000
21.00000, 74.00000
67.50000, 69.00000
26.75000, 69.00000
114.00000, 74.00000
55.75000, 64.00000
90.50000, 66.00000
113.75000, 69.00000
96.25000, 64.00000
55.50000, 67.00000
20.50000, 66.00000
107.75000, 66.00000
67.00000, 66.00000
113.50000, 66.00000
8.75000, 69.00000
43.50000, 69.00000
90.00000, 62.00000
8.50000, 71.00000
31.50000, 62.00000
43.00000, 67.00000
89.50000, 64.00000
54.50000, 71.00000
19.50000, 69.00000
112.50000, 69.00000
42.50000, 67.00000
89.00000, 67.00000
7.50000, 62.00000
100.50000, 68.00000
19.00000, 66.00000
65.50000, 69.00000
112.00000, 67.00000
30.50000, 67.00000
42.00000, 69.00000
88.50000, 69.00000
111.50000, 67.00000
41.50000, 69.00000
6.50000, 67.00000
99.50000, 66.00000
64.50000, 74.00000
111.00000, 69.00000
29.50000, 66.00000
52.50000, 67.00000
64.00000, 66.00000
87.00000, 69.00000
occurrence3
91.00000, 71.00000
21.00000, 74.00000
67.50000, 69.00000
26.75000, 69.00000
114.00000, 74.00000
55.75000, 64.00000
90.50000, 66.00000
113.75000, 69.00000
96.25000, 64.00000
55.50000, 67.00000
20.50000, 66.00000
107.75000, 66.00000
67.00000, 66.00000
113.50000, 66.00000
8.75000, 69.00000
43.50000, 69.00000
90.00000, 62.00000
8.50000, 71.00000
31.50000, 62.00000
43.00000, 67.00000
89.50000, 64.00000
54.50000, 71.00000
19.50000, 69.00000
112.50000, 69.00000
42.50000, 67.00000
89.00000, 67.00000
7.50000, 62.00000
100.50000, 68.00000
19.00000, 66.00000
65.50000, 69.00000
112.00000, 67.00000
30.50000, 67.00000
42.00000, 69.00000
88.50000, 69.00000
111.50000, 67.00000
41.50000, 69.00000
6.50000, 67.00000
99.50000, 66.00000
64.50000, 74.00000
111.00000, 69.00000
29.50000, 66.00000
52.50000, 67.00000
64.00000, 66.00000
87.00000, 69.00000
17.00000, 66.00000
40.00000, 66.00000
63.00000, 69.00000
86.00000, 67.00000
16.00000, 69.00000
109.00000, 69.00000
39.00000, 69.00000
85.00000, 69.00000
15.00000, 71.00000
108.00000, 74.00000
pattern5
occurrence1
13.75000, 64.00000
83.50000, 66.00000
42.75000, 66.00000
25.25000, 64.00000
95.00000, 71.00000
118.25000, 64.00000
13.50000, 67.00000
19.25000, 67.00000
106.50000, 69.00000
25.00000, 67.00000
112.25000, 64.00000
30.75000, 66.00000
118.00000, 67.00000
106.25000, 67.00000
1.50000, 74.00000
24.75000, 66.00000
48.00000, 69.00000
94.50000, 71.00000
117.75000, 66.00000
100.25000, 69.00000
117.62500, 67.00000
24.50000, 67.00000
111.75000, 66.00000
47.75000, 69.00000
30.25000, 67.00000
117.50000, 67.00000
111.62500, 67.00000
82.50000, 69.00000
1.00000, 66.00000
24.25000, 67.00000
47.50000, 71.00000
117.25000, 67.00000
12.50000, 71.00000
24.00000, 69.00000
111.25000, 67.00000
70.50000, 74.00000
29.75000, 69.00000
117.00000, 69.00000
23.75000, 69.00000
47.00000, 66.00000
52.75000, 64.00000
116.75000, 69.00000
64.37500, 74.00000
99.25000, 64.00000
58.50000, 69.00000
23.50000, 66.00000
110.75000, 69.00000
70.00000, 66.00000
116.50000, 66.00000
67.16666, 66.00000
73.33334, 69.00000
62.83333, 67.00000
62.66667, 66.00000
73.16666, 66.00000
0.00000, 69.00000
70.33334, 69.00000
70.16666, 66.00000
46.50000, 62.00000
93.00000, 62.00000
67.32500, 69.00000
92.75000, 64.00000
86.75000, 64.00000
46.00000, 64.00000
92.50000, 67.00000
115.75000, 69.00000
16.75000, 64.00000
69.00000, 69.00000
115.50000, 69.00000
74.75000, 64.00000
86.25000, 66.00000
occurrence2
13.50000, 67.00000
19.25000, 67.00000
106.50000, 69.00000
25.00000, 67.00000
112.25000, 64.00000
30.75000, 66.00000
118.00000, 67.00000
106.25000, 67.00000
1.50000, 74.00000
24.75000, 66.00000
48.00000, 69.00000
94.50000, 71.00000
117.75000, 66.00000
100.25000, 69.00000
117.62500, 67.00000
24.50000, 67.00000
111.75000, 66.00000
47.75000, 69.00000
30.25000, 67.00000
117.50000, 67.00000
111.62500, 67.00000
82.50000, 69.00000
1.00000, 66.00000
24.25000, 67.00000
47.50000, 71.00000
117.25000, 67.00000
12.50000, 71.00000
24.00000, 69.00000
111.25000, 67.00000
70.50000, 74.00000
29.75000, 69.00000
117.00000, 69.00000
23.75000, 69.00000
47.00000, 66.00000
52.75000, 64.00000
116.75000, 69.00000
64.37500, 74.00000
99.25000, 64.00000
58.50000, 69.00000
23.50000, 66.00000
110.75000, 69.00000
70.00000, 66.00000
116.50000, 66.00000
67.16666, 66.00000
73.33334, 69.00000
62.83333, 67.00000
62.66667, 66.00000
73.16666, 66.00000
0.00000, 69.00000
70.33334, 69.00000
70.16666, 66.00000
46.50000, 62.00000
93.00000, 62.00000
67.32500, 69.00000
92.75000, 64.00000
86.75000, 64.00000
46.00000, 64.00000
92.50000, 67.00000
115.75000, 69.00000
16.75000, 64.00000
69.00000, 69.00000
115.50000, 69.00000
74.75000, 64.00000
86.25000, 66.00000
45.50000, 67.00000
68.75000, 64.00000
10.50000, 62.00000
22.00000, 69.00000
occurrence3
100.50000, 68.00000
19.00000, 66.00000
65.50000, 69.00000
112.00000, 67.00000
30.50000, 67.00000
42.00000, 69.00000
88.50000, 69.00000
111.50000, 67.00000
41.50000, 69.00000
6.50000, 67.00000
99.50000, 66.00000
64.50000, 74.00000
111.00000, 69.00000
29.50000, 66.00000
52.50000, 67.00000
64.00000, 66.00000
87.00000, 69.00000
17.00000, 66.00000
40.00000, 66.00000
63.00000, 69.00000
86.00000, 67.00000
16.00000, 69.00000
109.00000, 69.00000
pattern6
occurrence1
57.00000, 68.00000
10.00000, 67.00000
56.00000, 66.00000
9.00000, 69.00000
102.00000, 69.00000
55.00000, 69.00000
8.00000, 66.00000
31.00000, 67.00000
54.00000, 71.00000
7.00000, 64.00000
100.00000, 66.00000
30.00000, 69.00000
53.00000, 66.00000
6.00000, 69.00000
99.00000, 67.00000
110.50000, 66.00000
40.50000, 74.00000
52.00000, 69.00000
98.50000, 69.00000
28.50000, 69.00000
75.00000, 62.00000
86.50000, 67.00000
51.50000, 71.00000
98.00000, 71.00000
16.50000, 67.00000
74.50000, 67.00000
4.50000, 69.00000
occurrence2
68.50000, 67.00000
10.25000, 64.00000
74.25000, 66.00000
56.75000, 69.00000
45.00000, 69.00000
4.25000, 64.00000
68.25000, 66.00000
91.50000, 69.00000
56.50000, 66.00000
68.00000, 67.00000
91.25000, 69.00000
73.75000, 67.00000
3.75000, 66.00000
67.75000, 67.00000
91.00000, 71.00000
21.00000, 74.00000
67.50000, 69.00000
26.75000, 69.00000
114.00000, 74.00000
55.75000, 64.00000
90.50000, 66.00000
113.75000, 69.00000
96.25000, 64.00000
55.50000, 67.00000
20.50000, 66.00000
107.75000, 66.00000
67.00000, 66.00000
113.50000, 66.00000
8.75000, 69.00000
43.50000, 69.00000
90.00000, 62.00000
8.50000, 71.00000
31.50000, 62.00000
43.00000, 67.00000
89.50000, 64.00000
54.50000, 71.00000
19.50000, 69.00000
112.50000, 69.00000
42.50000, 67.00000
89.00000, 67.00000
7.50000, 62.00000
100.50000, 68.00000
19.00000, 66.00000
65.50000, 69.00000
112.00000, 67.00000
30.50000, 67.00000
42.00000, 69.00000
88.50000, 69.00000
111.50000, 67.00000
41.50000, 69.00000
6.50000, 67.00000
99.50000, 66.00000
64.50000, 74.00000
111.00000, 69.00000
29.50000, 66.00000
52.50000, 67.00000
64.00000, 66.00000
87.00000, 69.00000
17.00000, 66.00000
40.00000, 66.00000
63.00000, 69.00000
86.00000, 67.00000
16.00000, 69.00000
occurrence3
67.50000, 69.00000
26.75000, 69.00000
114.00000, 74.00000
55.75000, 64.00000
90.50000, 66.00000
113.75000, 69.00000
96.25000, 64.00000
55.50000, 67.00000
20.50000, 66.00000
107.75000, 66.00000
67.00000, 66.00000
113.50000, 66.00000
8.75000, 69.00000
43.50000, 69.00000
90.00000, 62.00000
8.50000, 71.00000
31.50000, 62.00000
43.00000, 67.00000
89.50000, 64.00000
54.50000, 71.00000
19.50000, 69.00000
112.50000, 69.00000
42.50000, 67.00000
89.00000, 67.00000
7.50000, 62.00000
100.50000, 68.00000
19.00000, 66.00000
65.50000, 69.00000
112.00000, 67.00000
30.50000, 67.00000
42.00000, 69.00000
88.50000, 69.00000
111.50000, 67.00000
41.50000, 69.00000
6.50000, 67.00000
99.50000, 66.00000
64.50000, 74.00000
111.00000, 69.00000
29.50000, 66.00000
52.50000, 67.00000
64.00000, 66.00000
87.00000, 69.00000
17.00000, 66.00000
40.00000, 66.00000
63.00000, 69.00000
86.00000, 67.00000
16.00000, 69.00000
109.00000, 69.00000
39.00000, 69.00000
85.00000, 69.00000
15.00000, 71.00000
pattern7
occurrence1
56.00000, 66.00000
9.00000, 69.00000
102.00000, 69.00000
55.00000, 69.00000
occurrence2
53.00000, 66.00000
6.00000, 69.00000
99.00000, 67.00000
110.50000, 66.00000
40.50000, 74.00000
52.00000, 69.00000
occurrence3
99.00000, 67.00000
110.50000, 66.00000
40.50000, 74.00000
52.00000, 69.00000
98.50000, 69.00000
28.50000, 69.00000
75.00000, 62.00000
86.50000, 67.00000
51.50000, 71.00000
98.00000, 71.00000
occurrence4
16.50000, 67.00000
74.50000, 67.00000
4.50000, 69.00000
51.00000, 71.00000
97.50000, 71.00000
62.50000, 66.00000
74.00000, 67.00000
85.50000, 69.00000
4.00000, 67.00000
15.50000, 71.00000
occurrence5
96.50000, 66.00000
26.50000, 66.00000
73.00000, 66.00000
3.00000, 69.00000
49.50000, 62.00000
96.00000, 67.00000
107.50000, 66.00000
49.25000, 64.00000
43.25000, 64.00000
2.50000, 69.00000
49.00000, 67.00000
95.50000, 69.00000
occurrence6
26.50000, 66.00000
73.00000, 66.00000
3.00000, 69.00000
49.50000, 62.00000
96.00000, 67.00000
107.50000, 66.00000
49.25000, 64.00000
43.25000, 64.00000
2.50000, 69.00000
49.00000, 67.00000
95.50000, 69.00000
25.50000, 69.00000
occurrence7
73.00000, 66.00000
3.00000, 69.00000
49.50000, 62.00000
96.00000, 67.00000
107.50000, 66.00000
49.25000, 64.00000
43.25000, 64.00000
2.50000, 69.00000
49.00000, 67.00000
95.50000, 69.00000
25.50000, 69.00000
72.00000, 69.00000
occurrence8
96.00000, 67.00000
107.50000, 66.00000
49.25000, 64.00000
43.25000, 64.00000
2.50000, 69.00000
49.00000, 67.00000
95.50000, 69.00000
25.50000, 69.00000
72.00000, 69.00000
31.25000, 64.00000
118.50000, 62.00000
13.75000, 64.00000
83.50000, 66.00000
42.75000, 66.00000
25.25000, 64.00000
95.00000, 71.00000
occurrence9
107.50000, 66.00000
49.25000, 64.00000
43.25000, 64.00000
2.50000, 69.00000
49.00000, 67.00000
95.50000, 69.00000
25.50000, 69.00000
72.00000, 69.00000
31.25000, 64.00000
118.50000, 62.00000
13.75000, 64.00000
83.50000, 66.00000
42.75000, 66.00000
25.25000, 64.00000
95.00000, 71.00000
118.25000, 64.00000
13.50000, 67.00000
19.25000, 67.00000
106.50000, 69.00000
occurrence10
43.25000, 64.00000
2.50000, 69.00000
49.00000, 67.00000
95.50000, 69.00000
25.50000, 69.00000
72.00000, 69.00000
31.25000, 64.00000
118.50000, 62.00000
13.75000, 64.00000
83.50000, 66.00000
42.75000, 66.00000
25.25000, 64.00000
95.00000, 71.00000
118.25000, 64.00000
13.50000, 67.00000
19.25000, 67.00000
106.50000, 69.00000
25.00000, 67.00000
112.25000, 64.00000
30.75000, 66.00000
118.00000, 67.00000
106.25000, 67.00000
occurrence11
31.25000, 64.00000
118.50000, 62.00000
13.75000, 64.00000
83.50000, 66.00000
42.75000, 66.00000
25.25000, 64.00000
95.00000, 71.00000
118.25000, 64.00000
13.50000, 67.00000
19.25000, 67.00000
106.50000, 69.00000
25.00000, 67.00000
112.25000, 64.00000
30.75000, 66.00000
118.00000, 67.00000
106.25000, 67.00000
1.50000, 74.00000
24.75000, 66.00000
48.00000, 69.00000
94.50000, 71.00000
117.75000, 66.00000
100.25000, 69.00000
117.62500, 67.00000
24.50000, 67.00000
111.75000, 66.00000
47.75000, 69.00000
30.25000, 67.00000
occurrence12
83.50000, 66.00000
42.75000, 66.00000
25.25000, 64.00000
95.00000, 71.00000
118.25000, 64.00000
13.50000, 67.00000
19.25000, 67.00000
106.50000, 69.00000
25.00000, 67.00000
112.25000, 64.00000
30.75000, 66.00000
118.00000, 67.00000
106.25000, 67.00000
1.50000, 74.00000
24.75000, 66.00000
48.00000, 69.00000
94.50000, 71.00000
117.75000, 66.00000
100.25000, 69.00000
117.62500, 67.00000
24.50000, 67.00000
111.75000, 66.00000
47.75000, 69.00000
30.25000, 67.00000
117.50000, 67.00000
111.62500, 67.00000
82.50000, 69.00000
occurrence13
25.25000, 64.00000
95.00000, 71.00000
118.25000, 64.00000
13.50000, 67.00000
19.25000, 67.00000
106.50000, 69.00000
25.00000, 67.00000
112.25000, 64.00000
30.75000, 66.00000
118.00000, 67.00000
106.25000, 67.00000
1.50000, 74.00000
24.75000, 66.00000
48.00000, 69.00000
94.50000, 71.00000
117.75000, 66.00000
100.25000, 69.00000
117.62500, 67.00000
24.50000, 67.00000
111.75000, 66.00000
47.75000, 69.00000
30.25000, 67.00000
117.50000, 67.00000
111.62500, 67.00000
82.50000, 69.00000
1.00000, 66.00000
24.25000, 67.00000
occurrence14
118.25000, 64.00000
13.50000, 67.00000
19.25000, 67.00000
106.50000, 69.00000
25.00000, 67.00000
112.25000, 64.00000
30.75000, 66.00000
118.00000, 67.00000
106.25000, 67.00000
1.50000, 74.00000
24.75000, 66.00000
48.00000, 69.00000
94.50000, 71.00000
117.75000, 66.00000
100.25000, 69.00000
117.62500, 67.00000
24.50000, 67.00000
111.75000, 66.00000
47.75000, 69.00000
30.25000, 67.00000
117.50000, 67.00000
111.62500, 67.00000
82.50000, 69.00000
1.00000, 66.00000
24.25000, 67.00000
47.50000, 71.00000
117.25000, 67.00000
occurrence15
13.50000, 67.00000
19.25000, 67.00000
106.50000, 69.00000
25.00000, 67.00000
112.25000, 64.00000
30.75000, 66.00000
118.00000, 67.00000
106.25000, 67.00000
1.50000, 74.00000
24.75000, 66.00000
48.00000, 69.00000
94.50000, 71.00000
117.75000, 66.00000
100.25000, 69.00000
117.62500, 67.00000
24.50000, 67.00000
111.75000, 66.00000
47.75000, 69.00000
30.25000, 67.00000
117.50000, 67.00000
111.62500, 67.00000
82.50000, 69.00000
1.00000, 66.00000
24.25000, 67.00000
47.50000, 71.00000
117.25000, 67.00000
12.50000, 71.00000
occurrence16
112.25000, 64.00000
30.75000, 66.00000
118.00000, 67.00000
106.25000, 67.00000
1.50000, 74.00000
24.75000, 66.00000
48.00000, 69.00000
94.50000, 71.00000
117.75000, 66.00000
100.25000, 69.00000
117.62500, 67.00000
24.50000, 67.00000
111.75000, 66.00000
47.75000, 69.00000
30.25000, 67.00000
117.50000, 67.00000
111.62500, 67.00000
82.50000, 69.00000
1.00000, 66.00000
24.25000, 67.00000
47.50000, 71.00000
117.25000, 67.00000
12.50000, 71.00000
24.00000, 69.00000
111.25000, 67.00000
occurrence17
30.75000, 66.00000
118.00000, 67.00000
106.25000, 67.00000
1.50000, 74.00000
24.75000, 66.00000
48.00000, 69.00000
94.50000, 71.00000
117.75000, 66.00000
100.25000, 69.00000
117.62500, 67.00000
24.50000, 67.00000
111.75000, 66.00000
47.75000, 69.00000
30.25000, 67.00000
117.50000, 67.00000
111.62500, 67.00000
82.50000, 69.00000
1.00000, 66.00000
24.25000, 67.00000
47.50000, 71.00000
117.25000, 67.00000
12.50000, 71.00000
24.00000, 69.00000
111.25000, 67.00000
70.50000, 74.00000
29.75000, 69.00000
occurrence18
24.75000, 66.00000
48.00000, 69.00000
94.50000, 71.00000
117.75000, 66.00000
100.25000, 69.00000
117.62500, 67.00000
24.50000, 67.00000
111.75000, 66.00000
47.75000, 69.00000
30.25000, 67.00000
117.50000, 67.00000
111.62500, 67.00000
82.50000, 69.00000
1.00000, 66.00000
24.25000, 67.00000
47.50000, 71.00000
117.25000, 67.00000
12.50000, 71.00000
24.00000, 69.00000
111.25000, 67.00000
70.50000, 74.00000
29.75000, 69.00000
117.00000, 69.00000
23.75000, 69.00000
occurrence19
117.75000, 66.00000
100.25000, 69.00000
117.62500, 67.00000
24.50000, 67.00000
111.75000, 66.00000
47.75000, 69.00000
30.25000, 67.00000
117.50000, 67.00000
111.62500, 67.00000
82.50000, 69.00000
1.00000, 66.00000
24.25000, 67.00000
47.50000, 71.00000
117.25000, 67.00000
12.50000, 71.00000
24.00000, 69.00000
111.25000, 67.00000
70.50000, 74.00000
29.75000, 69.00000
117.00000, 69.00000
23.75000, 69.00000
47.00000, 66.00000
52.75000, 64.00000
116.75000, 69.00000
occurrence20
111.75000, 66.00000
47.75000, 69.00000
30.25000, 67.00000
117.50000, 67.00000
111.62500, 67.00000
82.50000, 69.00000
1.00000, 66.00000
24.25000, 67.00000
47.50000, 71.00000
117.25000, 67.00000
12.50000, 71.00000
24.00000, 69.00000
111.25000, 67.00000
70.50000, 74.00000
29.75000, 69.00000
117.00000, 69.00000
23.75000, 69.00000
47.00000, 66.00000
52.75000, 64.00000
116.75000, 69.00000
64.37500, 74.00000
99.25000, 64.00000
58.50000, 69.00000
23.50000, 66.00000
110.75000, 69.00000
occurrence21
1.00000, 66.00000
24.25000, 67.00000
47.50000, 71.00000
117.25000, 67.00000
12.50000, 71.00000
24.00000, 69.00000
111.25000, 67.00000
70.50000, 74.00000
29.75000, 69.00000
117.00000, 69.00000
23.75000, 69.00000
47.00000, 66.00000
52.75000, 64.00000
116.75000, 69.00000
64.37500, 74.00000
99.25000, 64.00000
58.50000, 69.00000
23.50000, 66.00000
110.75000, 69.00000
70.00000, 66.00000
116.50000, 66.00000
67.16666, 66.00000
73.33334, 69.00000
62.83333, 67.00000
62.66667, 66.00000
73.16666, 66.00000
0.00000, 69.00000
occurrence22
70.00000, 66.00000
116.50000, 66.00000
67.16666, 66.00000
73.33334, 69.00000
62.83333, 67.00000
62.66667, 66.00000
73.16666, 66.00000
0.00000, 69.00000
70.33334, 69.00000
70.16666, 66.00000
46.50000, 62.00000
93.00000, 62.00000
67.32500, 69.00000
92.75000, 64.00000
86.75000, 64.00000
46.00000, 64.00000
92.50000, 67.00000
115.75000, 69.00000
16.75000, 64.00000
69.00000, 69.00000
occurrence23
116.50000, 66.00000
67.16666, 66.00000
73.33334, 69.00000
62.83333, 67.00000
62.66667, 66.00000
73.16666, 66.00000
0.00000, 69.00000
70.33334, 69.00000
70.16666, 66.00000
46.50000, 62.00000
93.00000, 62.00000
67.32500, 69.00000
92.75000, 64.00000
86.75000, 64.00000
46.00000, 64.00000
92.50000, 67.00000
115.75000, 69.00000
16.75000, 64.00000
69.00000, 69.00000
115.50000, 69.00000
occurrence24
74.75000, 64.00000
86.25000, 66.00000
45.50000, 67.00000
68.75000, 64.00000
10.50000, 62.00000
22.00000, 69.00000
109.25000, 69.00000
68.50000, 67.00000
10.25000, 64.00000
74.25000, 66.00000
56.75000, 69.00000
45.00000, 69.00000
4.25000, 64.00000
68.25000, 66.00000
91.50000, 69.00000
56.50000, 66.00000
68.00000, 67.00000
91.25000, 69.00000
73.75000, 67.00000
occurrence25
68.75000, 64.00000
10.50000, 62.00000
22.00000, 69.00000
109.25000, 69.00000
68.50000, 67.00000
10.25000, 64.00000
74.25000, 66.00000
56.75000, 69.00000
45.00000, 69.00000
4.25000, 64.00000
68.25000, 66.00000
91.50000, 69.00000
56.50000, 66.00000
68.00000, 67.00000
91.25000, 69.00000
73.75000, 67.00000
3.75000, 66.00000
67.75000, 67.00000
occurrence26
55.50000, 67.00000
20.50000, 66.00000
107.75000, 66.00000
67.00000, 66.00000
113.50000, 66.00000
8.75000, 69.00000
43.50000, 69.00000
90.00000, 62.00000
8.50000, 71.00000
31.50000, 62.00000
43.00000, 67.00000
89.50000, 64.00000
54.50000, 71.00000
occurrence27
20.50000, 66.00000
107.75000, 66.00000
67.00000, 66.00000
113.50000, 66.00000
8.75000, 69.00000
43.50000, 69.00000
90.00000, 62.00000
8.50000, 71.00000
31.50000, 62.00000
43.00000, 67.00000
89.50000, 64.00000
54.50000, 71.00000
19.50000, 69.00000
occurrence28
113.50000, 66.00000
8.75000, 69.00000
43.50000, 69.00000
90.00000, 62.00000
8.50000, 71.00000
31.50000, 62.00000
43.00000, 67.00000
89.50000, 64.00000
54.50000, 71.00000
19.50000, 69.00000
112.50000, 69.00000
occurrence29
64.00000, 66.00000
87.00000, 69.00000
17.00000, 66.00000
40.00000, 66.00000
63.00000, 69.00000
occurrence30
17.00000, 66.00000
40.00000, 66.00000
63.00000, 69.00000
86.00000, 67.00000
16.00000, 69.00000
occurrence31
40.00000, 66.00000
63.00000, 69.00000
86.00000, 67.00000
16.00000, 69.00000
109.00000, 69.00000
39.00000, 69.00000
occurrence32
14.00000, 66.00000
13.00000, 69.00000
pattern8
occurrence1
107.50000, 66.00000
49.25000, 64.00000
43.25000, 64.00000
2.50000, 69.00000
49.00000, 67.00000
95.50000, 69.00000
25.50000, 69.00000
72.00000, 69.00000
31.25000, 64.00000
118.50000, 62.00000
13.75000, 64.00000
83.50000, 66.00000
42.75000, 66.00000
25.25000, 64.00000
95.00000, 71.00000
118.25000, 64.00000
13.50000, 67.00000
19.25000, 67.00000
106.50000, 69.00000
25.00000, 67.00000
112.25000, 64.00000
30.75000, 66.00000
118.00000, 67.00000
106.25000, 67.00000
1.50000, 74.00000
24.75000, 66.00000
48.00000, 69.00000
94.50000, 71.00000
117.75000, 66.00000
100.25000, 69.00000
117.62500, 67.00000
24.50000, 67.00000
111.75000, 66.00000
47.75000, 69.00000
30.25000, 67.00000
117.50000, 67.00000
111.62500, 67.00000
82.50000, 69.00000
1.00000, 66.00000
24.25000, 67.00000
47.50000, 71.00000
117.25000, 67.00000
12.50000, 71.00000
24.00000, 69.00000
111.25000, 67.00000
70.50000, 74.00000
29.75000, 69.00000
117.00000, 69.00000
23.75000, 69.00000
47.00000, 66.00000
52.75000, 64.00000
116.75000, 69.00000
occurrence2
83.50000, 66.00000
42.75000, 66.00000
25.25000, 64.00000
95.00000, 71.00000
118.25000, 64.00000
13.50000, 67.00000
19.25000, 67.00000
106.50000, 69.00000
25.00000, 67.00000
112.25000, 64.00000
30.75000, 66.00000
118.00000, 67.00000
106.25000, 67.00000
1.50000, 74.00000
24.75000, 66.00000
48.00000, 69.00000
94.50000, 71.00000
117.75000, 66.00000
100.25000, 69.00000
117.62500, 67.00000
24.50000, 67.00000
111.75000, 66.00000
47.75000, 69.00000
30.25000, 67.00000
117.50000, 67.00000
111.62500, 67.00000
82.50000, 69.00000
1.00000, 66.00000
24.25000, 67.00000
47.50000, 71.00000
117.25000, 67.00000
12.50000, 71.00000
24.00000, 69.00000
111.25000, 67.00000
70.50000, 74.00000
29.75000, 69.00000
117.00000, 69.00000
23.75000, 69.00000
47.00000, 66.00000
52.75000, 64.00000
116.75000, 69.00000
64.37500, 74.00000
99.25000, 64.00000
58.50000, 69.00000
23.50000, 66.00000
110.75000, 69.00000
70.00000, 66.00000
116.50000, 66.00000
67.16666, 66.00000
73.33334, 69.00000
62.83333, 67.00000
62.66667, 66.00000
73.16666, 66.00000
0.00000, 69.00000
70.33334, 69.00000
70.16666, 66.00000
46.50000, 62.00000
93.00000, 62.00000
67.32500, 69.00000
92.75000, 64.00000
occurrence3
100.25000, 69.00000
117.62500, 67.00000
24.50000, 67.00000
111.75000, 66.00000
47.75000, 69.00000
30.25000, 67.00000
117.50000, 67.00000
111.62500, 67.00000
82.50000, 69.00000
1.00000, 66.00000
24.25000, 67.00000
47.50000, 71.00000
117.25000, 67.00000
12.50000, 71.00000
24.00000, 69.00000
111.25000, 67.00000
70.50000, 74.00000
29.75000, 69.00000
117.00000, 69.00000
23.75000, 69.00000
47.00000, 66.00000
52.75000, 64.00000
116.75000, 69.00000
64.37500, 74.00000
99.25000, 64.00000
58.50000, 69.00000
23.50000, 66.00000
110.75000, 69.00000
70.00000, 66.00000
116.50000, 66.00000
67.16666, 66.00000
73.33334, 69.00000
62.83333, 67.00000
62.66667, 66.00000
73.16666, 66.00000
0.00000, 69.00000
70.33334, 69.00000
70.16666, 66.00000
46.50000, 62.00000
93.00000, 62.00000
67.32500, 69.00000
92.75000, 64.00000
86.75000, 64.00000
46.00000, 64.00000
92.50000, 67.00000
115.75000, 69.00000
16.75000, 64.00000
69.00000, 69.00000
115.50000, 69.00000
74.75000, 64.00000
86.25000, 66.00000
45.50000, 67.00000
occurrence4
1.00000, 66.00000
24.25000, 67.00000
47.50000, 71.00000
117.25000, 67.00000
12.50000, 71.00000
24.00000, 69.00000
111.25000, 67.00000
70.50000, 74.00000
29.75000, 69.00000
117.00000, 69.00000
23.75000, 69.00000
47.00000, 66.00000
52.75000, 64.00000
116.75000, 69.00000
64.37500, 74.00000
99.25000, 64.00000
58.50000, 69.00000
23.50000, 66.00000
110.75000, 69.00000
70.00000, 66.00000
116.50000, 66.00000
67.16666, 66.00000
73.33334, 69.00000
62.83333, 67.00000
62.66667, 66.00000
73.16666, 66.00000
0.00000, 69.00000
70.33334, 69.00000
70.16666, 66.00000
46.50000, 62.00000
93.00000, 62.00000
67.32500, 69.00000
92.75000, 64.00000
86.75000, 64.00000
46.00000, 64.00000
92.50000, 67.00000
115.75000, 69.00000
16.75000, 64.00000
69.00000, 69.00000
115.50000, 69.00000
74.75000, 64.00000
86.25000, 66.00000
45.50000, 67.00000
68.75000, 64.00000
10.50000, 62.00000
22.00000, 69.00000
109.25000, 69.00000
68.50000, 67.00000
10.25000, 64.00000
74.25000, 66.00000
occurrence5
47.50000, 71.00000
117.25000, 67.00000
12.50000, 71.00000
24.00000, 69.00000
111.25000, 67.00000
70.50000, 74.00000
29.75000, 69.00000
117.00000, 69.00000
23.75000, 69.00000
47.00000, 66.00000
52.75000, 64.00000
116.75000, 69.00000
64.37500, 74.00000
99.25000, 64.00000
58.50000, 69.00000
23.50000, 66.00000
110.75000, 69.00000
70.00000, 66.00000
116.50000, 66.00000
67.16666, 66.00000
73.33334, 69.00000
62.83333, 67.00000
62.66667, 66.00000
73.16666, 66.00000
0.00000, 69.00000
70.33334, 69.00000
70.16666, 66.00000
46.50000, 62.00000
93.00000, 62.00000
67.32500, 69.00000
92.75000, 64.00000
86.75000, 64.00000
46.00000, 64.00000
92.50000, 67.00000
115.75000, 69.00000
16.75000, 64.00000
69.00000, 69.00000
115.50000, 69.00000
74.75000, 64.00000
86.25000, 66.00000
45.50000, 67.00000
68.75000, 64.00000
10.50000, 62.00000
22.00000, 69.00000
109.25000, 69.00000
68.50000, 67.00000
10.25000, 64.00000
74.25000, 66.00000
56.75000, 69.00000
occurrence6
111.25000, 67.00000
70.50000, 74.00000
29.75000, 69.00000
117.00000, 69.00000
23.75000, 69.00000
47.00000, 66.00000
52.75000, 64.00000
116.75000, 69.00000
64.37500, 74.00000
99.25000, 64.00000
58.50000, 69.00000
23.50000, 66.00000
110.75000, 69.00000
70.00000, 66.00000
116.50000, 66.00000
67.16666, 66.00000
73.33334, 69.00000
62.83333, 67.00000
62.66667, 66.00000
73.16666, 66.00000
0.00000, 69.00000
70.33334, 69.00000
70.16666, 66.00000
46.50000, 62.00000
93.00000, 62.00000
67.32500, 69.00000
92.75000, 64.00000
86.75000, 64.00000
46.00000, 64.00000
92.50000, 67.00000
115.75000, 69.00000
16.75000, 64.00000
69.00000, 69.00000
115.50000, 69.00000
74.75000, 64.00000
86.25000, 66.00000
45.50000, 67.00000
68.75000, 64.00000
10.50000, 62.00000
22.00000, 69.00000
109.25000, 69.00000
68.50000, 67.00000
10.25000, 64.00000
74.25000, 66.00000
56.75000, 69.00000
45.00000, 69.00000
4.25000, 64.00000
68.25000, 66.00000
91.50000, 69.00000
56.50000, 66.00000
occurrence7
58.50000, 69.00000
23.50000, 66.00000
110.75000, 69.00000
70.00000, 66.00000
116.50000, 66.00000
67.16666, 66.00000
73.33334, 69.00000
62.83333, 67.00000
62.66667, 66.00000
73.16666, 66.00000
0.00000, 69.00000
70.33334, 69.00000
70.16666, 66.00000
46.50000, 62.00000
93.00000, 62.00000
67.32500, 69.00000
92.75000, 64.00000
86.75000, 64.00000
46.00000, 64.00000
92.50000, 67.00000
115.75000, 69.00000
16.75000, 64.00000
69.00000, 69.00000
115.50000, 69.00000
74.75000, 64.00000
86.25000, 66.00000
45.50000, 67.00000
68.75000, 64.00000
10.50000, 62.00000
22.00000, 69.00000
109.25000, 69.00000
68.50000, 67.00000
10.25000, 64.00000
74.25000, 66.00000
56.75000, 69.00000
45.00000, 69.00000
4.25000, 64.00000
68.25000, 66.00000
91.50000, 69.00000
56.50000, 66.00000
68.00000, 67.00000
91.25000, 69.00000
73.75000, 67.00000
3.75000, 66.00000
67.75000, 67.00000
occurrence8
16.75000, 64.00000
69.00000, 69.00000
115.50000, 69.00000
74.75000, 64.00000
86.25000, 66.00000
45.50000, 67.00000
68.75000, 64.00000
10.50000, 62.00000
22.00000, 69.00000
109.25000, 69.00000
68.50000, 67.00000
10.25000, 64.00000
74.25000, 66.00000
56.75000, 69.00000
45.00000, 69.00000
4.25000, 64.00000
68.25000, 66.00000
91.50000, 69.00000
56.50000, 66.00000
68.00000, 67.00000
91.25000, 69.00000
73.75000, 67.00000
3.75000, 66.00000
67.75000, 67.00000
91.00000, 71.00000
21.00000, 74.00000
67.50000, 69.00000
26.75000, 69.00000
114.00000, 74.00000
55.75000, 64.00000
90.50000, 66.00000
113.75000, 69.00000
96.25000, 64.00000
55.50000, 67.00000
20.50000, 66.00000
107.75000, 66.00000
67.00000, 66.00000
113.50000, 66.00000
8.75000, 69.00000
43.50000, 69.00000
90.00000, 62.00000
occurrence9
91.25000, 69.00000
73.75000, 67.00000
3.75000, 66.00000
67.75000, 67.00000
91.00000, 71.00000
21.00000, 74.00000
67.50000, 69.00000
26.75000, 69.00000
114.00000, 74.00000
55.75000, 64.00000
90.50000, 66.00000
113.75000, 69.00000
96.25000, 64.00000
55.50000, 67.00000
20.50000, 66.00000
107.75000, 66.00000
67.00000, 66.00000
113.50000, 66.00000
8.75000, 69.00000
43.50000, 69.00000
90.00000, 62.00000
8.50000, 71.00000
31.50000, 62.00000
43.00000, 67.00000
89.50000, 64.00000
54.50000, 71.00000
19.50000, 69.00000
112.50000, 69.00000
42.50000, 67.00000
89.00000, 67.00000
7.50000, 62.00000
100.50000, 68.00000
occurrence10
73.75000, 67.00000
3.75000, 66.00000
67.75000, 67.00000
91.00000, 71.00000
21.00000, 74.00000
67.50000, 69.00000
26.75000, 69.00000
114.00000, 74.00000
55.75000, 64.00000
90.50000, 66.00000
113.75000, 69.00000
96.25000, 64.00000
55.50000, 67.00000
20.50000, 66.00000
107.75000, 66.00000
67.00000, 66.00000
113.50000, 66.00000
8.75000, 69.00000
43.50000, 69.00000
90.00000, 62.00000
8.50000, 71.00000
31.50000, 62.00000
43.00000, 67.00000
89.50000, 64.00000
54.50000, 71.00000
19.50000, 69.00000
112.50000, 69.00000
42.50000, 67.00000
89.00000, 67.00000
7.50000, 62.00000
100.50000, 68.00000
19.00000, 66.00000
pattern9
occurrence1
51.50000, 71.00000
98.00000, 71.00000
16.50000, 67.00000
74.50000, 67.00000
4.50000, 69.00000
51.00000, 71.00000
97.50000, 71.00000
62.50000, 66.00000
74.00000, 67.00000
85.50000, 69.00000
4.00000, 67.00000
15.50000, 71.00000
27.00000, 74.00000
73.50000, 69.00000
3.50000, 67.00000
occurrence2
19.25000, 67.00000
106.50000, 69.00000
25.00000, 67.00000
112.25000, 64.00000
30.75000, 66.00000
118.00000, 67.00000
106.25000, 67.00000
1.50000, 74.00000
24.75000, 66.00000
48.00000, 69.00000
94.50000, 71.00000
117.75000, 66.00000
100.25000, 69.00000
117.62500, 67.00000
24.50000, 67.00000
111.75000, 66.00000
47.75000, 69.00000
30.25000, 67.00000
117.50000, 67.00000
111.62500, 67.00000
82.50000, 69.00000
1.00000, 66.00000
24.25000, 67.00000
47.50000, 71.00000
117.25000, 67.00000
12.50000, 71.00000
24.00000, 69.00000
111.25000, 67.00000
70.50000, 74.00000
29.75000, 69.00000
117.00000, 69.00000
23.75000, 69.00000
47.00000, 66.00000
52.75000, 64.00000
116.75000, 69.00000
64.37500, 74.00000
99.25000, 64.00000
occurrence3
12.50000, 71.00000
24.00000, 69.00000
111.25000, 67.00000
70.50000, 74.00000
29.75000, 69.00000
117.00000, 69.00000
23.75000, 69.00000
47.00000, 66.00000
52.75000, 64.00000
116.75000, 69.00000
64.37500, 74.00000
99.25000, 64.00000
58.50000, 69.00000
23.50000, 66.00000
110.75000, 69.00000
70.00000, 66.00000
116.50000, 66.00000
67.16666, 66.00000
73.33334, 69.00000
62.83333, 67.00000
62.66667, 66.00000
73.16666, 66.00000
0.00000, 69.00000
70.33334, 69.00000
70.16666, 66.00000
46.50000, 62.00000
93.00000, 62.00000
67.32500, 69.00000
92.75000, 64.00000
86.75000, 64.00000
46.00000, 64.00000
92.50000, 67.00000
occurrence4
115.75000, 69.00000
16.75000, 64.00000
69.00000, 69.00000
115.50000, 69.00000
74.75000, 64.00000
86.25000, 66.00000
45.50000, 67.00000
68.75000, 64.00000
10.50000, 62.00000
22.00000, 69.00000
109.25000, 69.00000
68.50000, 67.00000
10.25000, 64.00000
74.25000, 66.00000
56.75000, 69.00000
45.00000, 69.00000
4.25000, 64.00000
68.25000, 66.00000
91.50000, 69.00000
56.50000, 66.00000
68.00000, 67.00000
91.25000, 69.00000
73.75000, 67.00000
3.75000, 66.00000
67.75000, 67.00000
occurrence5
91.00000, 71.00000
21.00000, 74.00000
67.50000, 69.00000
26.75000, 69.00000
114.00000, 74.00000
55.75000, 64.00000
90.50000, 66.00000
113.75000, 69.00000
96.25000, 64.00000
55.50000, 67.00000
20.50000, 66.00000
107.75000, 66.00000
67.00000, 66.00000
113.50000, 66.00000
8.75000, 69.00000
43.50000, 69.00000
90.00000, 62.00000
8.50000, 71.00000
31.50000, 62.00000
43.00000, 67.00000
occurrence6
54.50000, 71.00000
19.50000, 69.00000
112.50000, 69.00000
42.50000, 67.00000
89.00000, 67.00000
7.50000, 62.00000
100.50000, 68.00000
19.00000, 66.00000
65.50000, 69.00000
112.00000, 67.00000
30.50000, 67.00000
42.00000, 69.00000
88.50000, 69.00000
111.50000, 67.00000
41.50000, 69.00000
6.50000, 67.00000
occurrence7
19.50000, 69.00000
112.50000, 69.00000
42.50000, 67.00000
89.00000, 67.00000
7.50000, 62.00000
100.50000, 68.00000
19.00000, 66.00000
65.50000, 69.00000
112.00000, 67.00000
30.50000, 67.00000
42.00000, 69.00000
88.50000, 69.00000
111.50000, 67.00000
41.50000, 69.00000
6.50000, 67.00000
99.50000, 66.00000
pattern10
occurrence1
8.00000, 66.00000
31.00000, 67.00000
54.00000, 71.00000
7.00000, 64.00000
100.00000, 66.00000
30.00000, 69.00000
53.00000, 66.00000
6.00000, 69.00000
99.00000, 67.00000
110.50000, 66.00000
40.50000, 74.00000
52.00000, 69.00000
98.50000, 69.00000
28.50000, 69.00000
75.00000, 62.00000
86.50000, 67.00000
51.50000, 71.00000
98.00000, 71.00000
16.50000, 67.00000
74.50000, 67.00000
4.50000, 69.00000
51.00000, 71.00000
97.50000, 71.00000
62.50000, 66.00000
74.00000, 67.00000
85.50000, 69.00000
4.00000, 67.00000
15.50000, 71.00000
27.00000, 74.00000
73.50000, 69.00000
3.50000, 67.00000
96.50000, 66.00000
26.50000, 66.00000
73.00000, 66.00000
3.00000, 69.00000
49.50000, 62.00000
96.00000, 67.00000
107.50000, 66.00000
49.25000, 64.00000
43.25000, 64.00000
2.50000, 69.00000
49.00000, 67.00000
95.50000, 69.00000
25.50000, 69.00000
72.00000, 69.00000
31.25000, 64.00000
118.50000, 62.00000
13.75000, 64.00000
83.50000, 66.00000
42.75000, 66.00000
25.25000, 64.00000
95.00000, 71.00000
118.25000, 64.00000
13.50000, 67.00000
19.25000, 67.00000
106.50000, 69.00000
25.00000, 67.00000
112.25000, 64.00000
30.75000, 66.00000
118.00000, 67.00000
106.25000, 67.00000
1.50000, 74.00000
24.75000, 66.00000
48.00000, 69.00000
94.50000, 71.00000
117.75000, 66.00000
100.25000, 69.00000
117.62500, 67.00000
24.50000, 67.00000
111.75000, 66.00000
47.75000, 69.00000
30.25000, 67.00000
117.50000, 67.00000
111.62500, 67.00000
82.50000, 69.00000
1.00000, 66.00000
24.25000, 67.00000
47.50000, 71.00000
117.25000, 67.00000
12.50000, 71.00000
24.00000, 69.00000
111.25000, 67.00000
70.50000, 74.00000
29.75000, 69.00000
117.00000, 69.00000
23.75000, 69.00000
47.00000, 66.00000
52.75000, 64.00000
116.75000, 69.00000
64.37500, 74.00000
99.25000, 64.00000
58.50000, 69.00000
23.50000, 66.00000
110.75000, 69.00000
70.00000, 66.00000
116.50000, 66.00000
67.16666, 66.00000
73.33334, 69.00000
62.83333, 67.00000
62.66667, 66.00000
73.16666, 66.00000
0.00000, 69.00000
70.33334, 69.00000
70.16666, 66.00000
46.50000, 62.00000
93.00000, 62.00000
67.32500, 69.00000
92.75000, 64.00000
86.75000, 64.00000
46.00000, 64.00000
92.50000, 67.00000
115.75000, 69.00000
16.75000, 64.00000
69.00000, 69.00000
115.50000, 69.00000
74.75000, 64.00000
86.25000, 66.00000
45.50000, 67.00000
68.75000, 64.00000
10.50000, 62.00000
22.00000, 69.00000
109.25000, 69.00000
68.50000, 67.00000
10.25000, 64.00000
74.25000, 66.00000
56.75000, 69.00000
45.00000, 69.00000
4.25000, 64.00000
68.25000, 66.00000
91.50000, 69.00000
56.50000, 66.00000
68.00000, 67.00000
91.25000, 69.00000
73.75000, 67.00000
3.75000, 66.00000
67.75000, 67.00000
91.00000, 71.00000
21.00000, 74.00000
67.50000, 69.00000
26.75000, 69.00000
114.00000, 74.00000
55.75000, 64.00000
90.50000, 66.00000
113.75000, 69.00000
96.25000, 64.00000
55.50000, 67.00000
20.50000, 66.00000
107.75000, 66.00000
67.00000, 66.00000
113.50000, 66.00000
8.75000, 69.00000
43.50000, 69.00000
90.00000, 62.00000
8.50000, 71.00000
31.50000, 62.00000
43.00000, 67.00000
89.50000, 64.00000
54.50000, 71.00000
19.50000, 69.00000
112.50000, 69.00000
42.50000, 67.00000
89.00000, 67.00000
7.50000, 62.00000
100.50000, 68.00000
19.00000, 66.00000
65.50000, 69.00000
112.00000, 67.00000
30.50000, 67.00000
42.00000, 69.00000
88.50000, 69.00000
111.50000, 67.00000
41.50000, 69.00000
6.50000, 67.00000
99.50000, 66.00000
64.50000, 74.00000
111.00000, 69.00000
29.50000, 66.00000
52.50000, 67.00000
64.00000, 66.00000
87.00000, 69.00000
17.00000, 66.00000
40.00000, 66.00000
63.00000, 69.00000
86.00000, 67.00000
16.00000, 69.00000
109.00000, 69.00000
39.00000, 69.00000
85.00000, 69.00000
15.00000, 71.00000
108.00000, 74.00000
84.00000, 74.00000
14.00000, 66.00000
13.00000, 69.00000
106.00000, 66.00000
12.00000, 71.00000
