pattern1
occurrence1
17.00000, 70.00000
17.75000, 69.00000
18.00000, 70.00000
18.75000, 69.00000
19.00000, 70.00000
19.75000, 69.00000
20.00000, 70.00000
20.75000, 72.00000
21.00000, 74.00000
24.00000, 75.00000
24.50000, 74.00000
25.00000, 72.00000
25.75000, 71.00000
26.00000, 72.00000
26.75000, 71.00000
27.00000, 72.00000
27.75000, 75.00000
28.00000, 74.00000
28.75000, 72.00000
29.00000, 70.00000
30.50000, 69.00000
30.75000, 67.00000
31.00000, 65.00000
32.00000, 65.00000
32.50000, 65.00000
33.00000, 70.00000
33.75000, 69.00000
occurrence2
18.00000, 70.00000
18.75000, 69.00000
19.00000, 70.00000
19.75000, 69.00000
20.00000, 70.00000
20.75000, 72.00000
21.00000, 74.00000
24.00000, 75.00000
24.50000, 74.00000
25.00000, 72.00000
25.75000, 71.00000
26.00000, 72.00000
26.75000, 71.00000
27.00000, 72.00000
27.75000, 75.00000
28.00000, 74.00000
28.75000, 72.00000
29.00000, 70.00000
30.50000, 69.00000
30.75000, 67.00000
31.00000, 65.00000
32.00000, 65.00000
32.50000, 65.00000
33.00000, 70.00000
33.75000, 69.00000
34.00000, 70.00000
34.75000, 69.00000
occurrence3
19.00000, 70.00000
19.75000, 69.00000
20.00000, 70.00000
20.75000, 72.00000
21.00000, 74.00000
24.00000, 75.00000
24.50000, 74.00000
25.00000, 72.00000
25.75000, 71.00000
26.00000, 72.00000
26.75000, 71.00000
27.00000, 72.00000
27.75000, 75.00000
28.00000, 74.00000
28.75000, 72.00000
29.00000, 70.00000
30.50000, 69.00000
30.75000, 67.00000
31.00000, 65.00000
32.00000, 65.00000
32.50000, 65.00000
33.00000, 70.00000
33.75000, 69.00000
34.00000, 70.00000
34.75000, 69.00000
35.00000, 70.00000
35.75000, 69.00000
occurrence4
80.00000, 67.00000
80.75000, 66.00000
81.00000, 65.00000
82.00000, 65.00000
83.00000, 65.00000
84.00000, 65.00000
85.00000, 65.00000
85.00000, 70.00000
88.00000, 69.00000
88.50000, 70.00000
89.00000, 72.00000
90.50000, 72.00000
91.00000, 74.00000
91.50000, 72.00000
92.00000, 70.00000
92.50000, 72.00000
93.00000, 74.00000
94.00000, 72.00000
95.00000, 70.00000
95.75000, 65.00000
96.00000, 65.00000
96.75000, 65.00000
pattern2
occurrence1
17.00000, 70.00000
17.75000, 69.00000
18.00000, 70.00000
18.75000, 69.00000
19.00000, 70.00000
19.75000, 69.00000
20.00000, 70.00000
20.75000, 72.00000
21.00000, 74.00000
24.00000, 75.00000
24.50000, 74.00000
25.00000, 72.00000
25.75000, 71.00000
26.00000, 72.00000
26.75000, 71.00000
27.00000, 72.00000
27.75000, 75.00000
28.00000, 74.00000
28.75000, 72.00000
29.00000, 70.00000
30.50000, 69.00000
30.75000, 67.00000
31.00000, 65.00000
32.00000, 65.00000
32.50000, 65.00000
33.00000, 70.00000
33.75000, 69.00000
34.00000, 70.00000
34.75000, 69.00000
35.00000, 70.00000
35.75000, 69.00000
36.00000, 70.00000
36.75000, 72.00000
37.00000, 74.00000
39.00000, 76.00000
40.00000, 77.00000
occurrence2
18.00000, 70.00000
18.75000, 69.00000
19.00000, 70.00000
19.75000, 69.00000
20.00000, 70.00000
20.75000, 72.00000
21.00000, 74.00000
24.00000, 75.00000
24.50000, 74.00000
25.00000, 72.00000
25.75000, 71.00000
26.00000, 72.00000
26.75000, 71.00000
27.00000, 72.00000
27.75000, 75.00000
28.00000, 74.00000
28.75000, 72.00000
29.00000, 70.00000
30.50000, 69.00000
30.75000, 67.00000
31.00000, 65.00000
32.00000, 65.00000
32.50000, 65.00000
33.00000, 70.00000
33.75000, 69.00000
34.00000, 70.00000
34.75000, 69.00000
35.00000, 70.00000
35.75000, 69.00000
36.00000, 70.00000
36.75000, 72.00000
37.00000, 74.00000
39.00000, 76.00000
40.00000, 77.00000
40.50000, 77.00000
41.00000, 77.00000
occurrence3
18.75000, 69.00000
19.00000, 70.00000
19.75000, 69.00000
20.00000, 70.00000
20.75000, 72.00000
21.00000, 74.00000
24.00000, 75.00000
24.50000, 74.00000
25.00000, 72.00000
25.75000, 71.00000
26.00000, 72.00000
26.75000, 71.00000
27.00000, 72.00000
27.75000, 75.00000
28.00000, 74.00000
28.75000, 72.00000
29.00000, 70.00000
30.50000, 69.00000
30.75000, 67.00000
31.00000, 65.00000
32.00000, 65.00000
32.50000, 65.00000
33.00000, 70.00000
33.75000, 69.00000
34.00000, 70.00000
34.75000, 69.00000
35.00000, 70.00000
35.75000, 69.00000
36.00000, 70.00000
36.75000, 72.00000
37.00000, 74.00000
39.00000, 76.00000
40.00000, 77.00000
40.50000, 77.00000
41.00000, 77.00000
41.75000, 76.00000
occurrence4
82.00000, 65.00000
83.00000, 65.00000
84.00000, 65.00000
85.00000, 65.00000
85.00000, 70.00000
88.00000, 69.00000
88.50000, 70.00000
89.00000, 72.00000
90.50000, 72.00000
91.00000, 74.00000
91.50000, 72.00000
92.00000, 70.00000
92.50000, 72.00000
93.00000, 74.00000
94.00000, 72.00000
95.00000, 70.00000
95.75000, 65.00000
96.00000, 65.00000
96.75000, 65.00000
97.00000, 65.00000
98.00000, 65.00000
99.00000, 65.00000
100.00000, 65.00000
101.00000, 65.00000
101.00000, 70.00000
103.50000, 70.00000
104.00000, 69.00000
104.75000, 70.00000
105.00000, 72.00000
pattern3
occurrence1
21.00000, 74.00000
24.00000, 75.00000
24.50000, 74.00000
25.00000, 72.00000
25.75000, 71.00000
26.00000, 72.00000
26.75000, 71.00000
27.00000, 72.00000
27.75000, 75.00000
28.00000, 74.00000
28.75000, 72.00000
29.00000, 70.00000
30.50000, 69.00000
30.75000, 67.00000
31.00000, 65.00000
32.00000, 65.00000
32.50000, 65.00000
33.00000, 70.00000
33.75000, 69.00000
34.00000, 70.00000
34.75000, 69.00000
35.00000, 70.00000
35.75000, 69.00000
36.00000, 70.00000
36.75000, 72.00000
37.00000, 74.00000
39.00000, 76.00000
40.00000, 77.00000
40.50000, 77.00000
41.00000, 77.00000
41.75000, 76.00000
42.00000, 74.00000
42.75000, 72.00000
43.00000, 72.00000
43.75000, 70.00000
44.00000, 69.00000
44.75000, 67.00000
45.00000, 65.00000
48.00000, 65.00000
48.50000, 65.00000
49.00000, 65.00000
50.00000, 72.00000
51.00000, 74.00000
52.00000, 72.00000
53.00000, 72.00000
53.50000, 70.00000
54.00000, 70.00000
56.00000, 70.00000
56.50000, 70.00000
57.00000, 74.00000
58.00000, 72.00000
59.00000, 70.00000
60.00000, 64.00000
61.00000, 65.00000
64.00000, 66.00000
64.50000, 66.00000
65.00000, 67.00000
66.00000, 62.00000
67.00000, 67.00000
68.00000, 62.00000
69.00000, 67.00000
70.50000, 69.00000
71.00000, 70.00000
72.00000, 69.00000
72.50000, 67.00000
73.00000, 74.00000
74.00000, 74.00000
occurrence2
45.00000, 65.00000
48.00000, 65.00000
48.50000, 65.00000
49.00000, 65.00000
50.00000, 72.00000
51.00000, 74.00000
52.00000, 72.00000
53.00000, 72.00000
53.50000, 70.00000
54.00000, 70.00000
56.00000, 70.00000
56.50000, 70.00000
57.00000, 74.00000
58.00000, 72.00000
59.00000, 70.00000
60.00000, 64.00000
61.00000, 65.00000
64.00000, 66.00000
64.50000, 66.00000
65.00000, 67.00000
66.00000, 62.00000
67.00000, 67.00000
68.00000, 62.00000
69.00000, 67.00000
70.50000, 69.00000
71.00000, 70.00000
72.00000, 69.00000
72.50000, 67.00000
73.00000, 74.00000
74.00000, 74.00000
75.00000, 62.00000
76.00000, 62.00000
77.00000, 67.00000
79.75000, 67.00000
80.00000, 67.00000
80.75000, 66.00000
81.00000, 65.00000
82.00000, 65.00000
83.00000, 65.00000
84.00000, 65.00000
85.00000, 65.00000
85.00000, 70.00000
88.00000, 69.00000
88.50000, 70.00000
89.00000, 72.00000
90.50000, 72.00000
91.00000, 74.00000
91.50000, 72.00000
92.00000, 70.00000
92.50000, 72.00000
93.00000, 74.00000
94.00000, 72.00000
95.00000, 70.00000
95.75000, 65.00000
96.00000, 65.00000
96.75000, 65.00000
97.00000, 65.00000
98.00000, 65.00000
occurrence3
48.00000, 65.00000
48.50000, 65.00000
49.00000, 65.00000
50.00000, 72.00000
51.00000, 74.00000
52.00000, 72.00000
53.00000, 72.00000
53.50000, 70.00000
54.00000, 70.00000
56.00000, 70.00000
56.50000, 70.00000
57.00000, 74.00000
58.00000, 72.00000
59.00000, 70.00000
60.00000, 64.00000
61.00000, 65.00000
64.00000, 66.00000
64.50000, 66.00000
65.00000, 67.00000
66.00000, 62.00000
67.00000, 67.00000
68.00000, 62.00000
69.00000, 67.00000
70.50000, 69.00000
71.00000, 70.00000
72.00000, 69.00000
72.50000, 67.00000
73.00000, 74.00000
74.00000, 74.00000
75.00000, 62.00000
76.00000, 62.00000
77.00000, 67.00000
79.75000, 67.00000
80.00000, 67.00000
80.75000, 66.00000
81.00000, 65.00000
82.00000, 65.00000
83.00000, 65.00000
84.00000, 65.00000
85.00000, 65.00000
85.00000, 70.00000
88.00000, 69.00000
88.50000, 70.00000
89.00000, 72.00000
90.50000, 72.00000
91.00000, 74.00000
91.50000, 72.00000
92.00000, 70.00000
92.50000, 72.00000
93.00000, 74.00000
94.00000, 72.00000
95.00000, 70.00000
95.75000, 65.00000
96.00000, 65.00000
96.75000, 65.00000
97.00000, 65.00000
98.00000, 65.00000
99.00000, 65.00000
100.00000, 65.00000
101.00000, 65.00000
101.00000, 70.00000
pattern4
occurrence1
18.00000, 70.00000
18.75000, 69.00000
19.00000, 70.00000
19.75000, 69.00000
20.00000, 70.00000
20.75000, 72.00000
21.00000, 74.00000
24.00000, 75.00000
24.50000, 74.00000
25.00000, 72.00000
25.75000, 71.00000
26.00000, 72.00000
26.75000, 71.00000
27.00000, 72.00000
27.75000, 75.00000
28.00000, 74.00000
occurrence2
18.75000, 69.00000
19.00000, 70.00000
19.75000, 69.00000
20.00000, 70.00000
20.75000, 72.00000
21.00000, 74.00000
24.00000, 75.00000
24.50000, 74.00000
25.00000, 72.00000
25.75000, 71.00000
26.00000, 72.00000
26.75000, 71.00000
27.00000, 72.00000
27.75000, 75.00000
28.00000, 74.00000
28.75000, 72.00000
occurrence3
75.00000, 62.00000
76.00000, 62.00000
77.00000, 67.00000
79.75000, 67.00000
80.00000, 67.00000
80.75000, 66.00000
81.00000, 65.00000
82.00000, 65.00000
83.00000, 65.00000
84.00000, 65.00000
85.00000, 65.00000
85.00000, 70.00000
occurrence4
98.00000, 65.00000
99.00000, 65.00000
100.00000, 65.00000
101.00000, 65.00000
101.00000, 70.00000
103.50000, 70.00000
104.00000, 69.00000
104.75000, 70.00000
105.00000, 72.00000
106.50000, 74.00000
106.75000, 72.00000
107.00000, 70.00000
108.00000, 69.00000
pattern5
occurrence1
37.00000, 74.00000
39.00000, 76.00000
40.00000, 77.00000
40.50000, 77.00000
41.00000, 77.00000
41.75000, 76.00000
42.00000, 74.00000
42.75000, 72.00000
43.00000, 72.00000
43.75000, 70.00000
44.00000, 69.00000
44.75000, 67.00000
45.00000, 65.00000
48.00000, 65.00000
48.50000, 65.00000
49.00000, 65.00000
50.00000, 72.00000
51.00000, 74.00000
52.00000, 72.00000
53.00000, 72.00000
occurrence2
42.00000, 74.00000
42.75000, 72.00000
43.00000, 72.00000
43.75000, 70.00000
44.00000, 69.00000
44.75000, 67.00000
45.00000, 65.00000
48.00000, 65.00000
48.50000, 65.00000
49.00000, 65.00000
50.00000, 72.00000
51.00000, 74.00000
52.00000, 72.00000
53.00000, 72.00000
53.50000, 70.00000
54.00000, 70.00000
56.00000, 70.00000
56.50000, 70.00000
57.00000, 74.00000
58.00000, 72.00000
occurrence3
43.00000, 72.00000
43.75000, 70.00000
44.00000, 69.00000
44.75000, 67.00000
45.00000, 65.00000
48.00000, 65.00000
48.50000, 65.00000
49.00000, 65.00000
50.00000, 72.00000
51.00000, 74.00000
52.00000, 72.00000
53.00000, 72.00000
53.50000, 70.00000
54.00000, 70.00000
56.00000, 70.00000
56.50000, 70.00000
57.00000, 74.00000
58.00000, 72.00000
59.00000, 70.00000
occurrence4
56.00000, 70.00000
56.50000, 70.00000
57.00000, 74.00000
58.00000, 72.00000
59.00000, 70.00000
60.00000, 64.00000
61.00000, 65.00000
64.00000, 66.00000
64.50000, 66.00000
65.00000, 67.00000
66.00000, 62.00000
67.00000, 67.00000
68.00000, 62.00000
69.00000, 67.00000
70.50000, 69.00000
71.00000, 70.00000
72.00000, 69.00000
occurrence5
60.00000, 64.00000
61.00000, 65.00000
64.00000, 66.00000
64.50000, 66.00000
65.00000, 67.00000
66.00000, 62.00000
67.00000, 67.00000
68.00000, 62.00000
69.00000, 67.00000
70.50000, 69.00000
71.00000, 70.00000
72.00000, 69.00000
72.50000, 67.00000
73.00000, 74.00000
74.00000, 74.00000
75.00000, 62.00000
76.00000, 62.00000
occurrence6
65.00000, 67.00000
66.00000, 62.00000
67.00000, 67.00000
68.00000, 62.00000
69.00000, 67.00000
70.50000, 69.00000
71.00000, 70.00000
72.00000, 69.00000
72.50000, 67.00000
73.00000, 74.00000
74.00000, 74.00000
75.00000, 62.00000
76.00000, 62.00000
77.00000, 67.00000
79.75000, 67.00000
80.00000, 67.00000
80.75000, 66.00000
81.00000, 65.00000
occurrence7
67.00000, 67.00000
68.00000, 62.00000
69.00000, 67.00000
70.50000, 69.00000
71.00000, 70.00000
72.00000, 69.00000
72.50000, 67.00000
73.00000, 74.00000
74.00000, 74.00000
75.00000, 62.00000
76.00000, 62.00000
77.00000, 67.00000
79.75000, 67.00000
80.00000, 67.00000
80.75000, 66.00000
81.00000, 65.00000
82.00000, 65.00000
83.00000, 65.00000
occurrence8
69.00000, 67.00000
70.50000, 69.00000
71.00000, 70.00000
72.00000, 69.00000
72.50000, 67.00000
73.00000, 74.00000
74.00000, 74.00000
75.00000, 62.00000
76.00000, 62.00000
77.00000, 67.00000
79.75000, 67.00000
80.00000, 67.00000
80.75000, 66.00000
81.00000, 65.00000
82.00000, 65.00000
83.00000, 65.00000
84.00000, 65.00000
85.00000, 65.00000
85.00000, 70.00000
occurrence9
73.00000, 74.00000
74.00000, 74.00000
75.00000, 62.00000
76.00000, 62.00000
77.00000, 67.00000
79.75000, 67.00000
80.00000, 67.00000
80.75000, 66.00000
81.00000, 65.00000
82.00000, 65.00000
83.00000, 65.00000
84.00000, 65.00000
85.00000, 65.00000
85.00000, 70.00000
88.00000, 69.00000
88.50000, 70.00000
89.00000, 72.00000
occurrence10
79.75000, 67.00000
80.00000, 67.00000
80.75000, 66.00000
81.00000, 65.00000
82.00000, 65.00000
83.00000, 65.00000
84.00000, 65.00000
85.00000, 65.00000
85.00000, 70.00000
88.00000, 69.00000
88.50000, 70.00000
89.00000, 72.00000
90.50000, 72.00000
91.00000, 74.00000
91.50000, 72.00000
92.00000, 70.00000
92.50000, 72.00000
93.00000, 74.00000
94.00000, 72.00000
95.00000, 70.00000
95.75000, 65.00000
occurrence11
80.00000, 67.00000
80.75000, 66.00000
81.00000, 65.00000
82.00000, 65.00000
83.00000, 65.00000
84.00000, 65.00000
85.00000, 65.00000
85.00000, 70.00000
88.00000, 69.00000
88.50000, 70.00000
89.00000, 72.00000
90.50000, 72.00000
91.00000, 74.00000
91.50000, 72.00000
92.00000, 70.00000
92.50000, 72.00000
93.00000, 74.00000
94.00000, 72.00000
95.00000, 70.00000
95.75000, 65.00000
96.00000, 65.00000
occurrence12
92.00000, 70.00000
92.50000, 72.00000
93.00000, 74.00000
94.00000, 72.00000
95.00000, 70.00000
95.75000, 65.00000
96.00000, 65.00000
96.75000, 65.00000
97.00000, 65.00000
98.00000, 65.00000
99.00000, 65.00000
100.00000, 65.00000
101.00000, 65.00000
101.00000, 70.00000
103.50000, 70.00000
104.00000, 69.00000
104.75000, 70.00000
105.00000, 72.00000
106.50000, 74.00000
106.75000, 72.00000
107.00000, 70.00000
108.00000, 69.00000
pattern6
occurrence1
19.00000, 70.00000
19.75000, 69.00000
20.00000, 70.00000
20.75000, 72.00000
21.00000, 74.00000
24.00000, 75.00000
occurrence2
31.00000, 65.00000
32.00000, 65.00000
32.50000, 65.00000
33.00000, 70.00000
33.75000, 69.00000
34.00000, 70.00000
34.75000, 69.00000
35.00000, 70.00000
35.75000, 69.00000
36.00000, 70.00000
occurrence3
34.00000, 70.00000
34.75000, 69.00000
35.00000, 70.00000
35.75000, 69.00000
36.00000, 70.00000
36.75000, 72.00000
37.00000, 74.00000
39.00000, 76.00000
occurrence4
48.50000, 65.00000
49.00000, 65.00000
50.00000, 72.00000
51.00000, 74.00000
52.00000, 72.00000
53.00000, 72.00000
53.50000, 70.00000
occurrence5
49.00000, 65.00000
50.00000, 72.00000
51.00000, 74.00000
52.00000, 72.00000
53.00000, 72.00000
53.50000, 70.00000
54.00000, 70.00000
occurrence6
75.00000, 62.00000
76.00000, 62.00000
77.00000, 67.00000
79.75000, 67.00000
80.00000, 67.00000
occurrence7
88.00000, 69.00000
88.50000, 70.00000
89.00000, 72.00000
90.50000, 72.00000
91.00000, 74.00000
91.50000, 72.00000
92.00000, 70.00000
92.50000, 72.00000
93.00000, 74.00000
occurrence8
96.00000, 65.00000
96.75000, 65.00000
97.00000, 65.00000
98.00000, 65.00000
99.00000, 65.00000
100.00000, 65.00000
101.00000, 65.00000
101.00000, 70.00000
pattern7
occurrence1
32.00000, 65.00000
32.50000, 65.00000
33.00000, 70.00000
33.75000, 69.00000
34.00000, 70.00000
34.75000, 69.00000
35.00000, 70.00000
35.75000, 69.00000
36.00000, 70.00000
36.75000, 72.00000
37.00000, 74.00000
39.00000, 76.00000
40.00000, 77.00000
40.50000, 77.00000
41.00000, 77.00000
41.75000, 76.00000
42.00000, 74.00000
42.75000, 72.00000
43.00000, 72.00000
43.75000, 70.00000
44.00000, 69.00000
44.75000, 67.00000
45.00000, 65.00000
48.00000, 65.00000
48.50000, 65.00000
49.00000, 65.00000
50.00000, 72.00000
51.00000, 74.00000
52.00000, 72.00000
53.00000, 72.00000
53.50000, 70.00000
54.00000, 70.00000
56.00000, 70.00000
56.50000, 70.00000
57.00000, 74.00000
58.00000, 72.00000
59.00000, 70.00000
60.00000, 64.00000
61.00000, 65.00000
64.00000, 66.00000
64.50000, 66.00000
65.00000, 67.00000
66.00000, 62.00000
67.00000, 67.00000
68.00000, 62.00000
69.00000, 67.00000
70.50000, 69.00000
71.00000, 70.00000
72.00000, 69.00000
72.50000, 67.00000
73.00000, 74.00000
74.00000, 74.00000
75.00000, 62.00000
76.00000, 62.00000
77.00000, 67.00000
79.75000, 67.00000
80.00000, 67.00000
80.75000, 66.00000
81.00000, 65.00000
82.00000, 65.00000
83.00000, 65.00000
84.00000, 65.00000
85.00000, 65.00000
85.00000, 70.00000
occurrence2
56.00000, 70.00000
56.50000, 70.00000
57.00000, 74.00000
58.00000, 72.00000
59.00000, 70.00000
60.00000, 64.00000
61.00000, 65.00000
64.00000, 66.00000
64.50000, 66.00000
65.00000, 67.00000
66.00000, 62.00000
67.00000, 67.00000
68.00000, 62.00000
69.00000, 67.00000
70.50000, 69.00000
71.00000, 70.00000
72.00000, 69.00000
72.50000, 67.00000
73.00000, 74.00000
74.00000, 74.00000
75.00000, 62.00000
76.00000, 62.00000
77.00000, 67.00000
79.75000, 67.00000
80.00000, 67.00000
80.75000, 66.00000
81.00000, 65.00000
82.00000, 65.00000
83.00000, 65.00000
84.00000, 65.00000
85.00000, 65.00000
85.00000, 70.00000
88.00000, 69.00000
88.50000, 70.00000
89.00000, 72.00000
90.50000, 72.00000
91.00000, 74.00000
91.50000, 72.00000
92.00000, 70.00000
92.50000, 72.00000
93.00000, 74.00000
94.00000, 72.00000
95.00000, 70.00000
95.75000, 65.00000
96.00000, 65.00000
96.75000, 65.00000
97.00000, 65.00000
98.00000, 65.00000
99.00000, 65.00000
100.00000, 65.00000
101.00000, 65.00000
101.00000, 70.00000
103.50000, 70.00000
104.00000, 69.00000
104.75000, 70.00000
105.00000, 72.00000
106.50000, 74.00000
106.75000, 72.00000
107.00000, 70.00000
108.00000, 69.00000
109.00000, 70.00000
pattern8
occurrence1
24.50000, 74.00000
25.00000, 72.00000
25.75000, 71.00000
26.00000, 72.00000
occurrence2
29.00000, 70.00000
30.50000, 69.00000
occurrence3
52.00000, 72.00000
53.00000, 72.00000
53.50000, 70.00000
occurrence4
90.50000, 72.00000
91.00000, 74.00000
91.50000, 72.00000
92.00000, 70.00000
occurrence5
91.00000, 74.00000
91.50000, 72.00000
92.00000, 70.00000
92.50000, 72.00000
pattern9
occurrence1
16.00000, 65.00000
16.50000, 65.00000
17.00000, 70.00000
17.75000, 69.00000
18.00000, 70.00000
18.75000, 69.00000
19.00000, 70.00000
19.75000, 69.00000
20.00000, 70.00000
20.75000, 72.00000
21.00000, 74.00000
24.00000, 75.00000
24.50000, 74.00000
25.00000, 72.00000
25.75000, 71.00000
26.00000, 72.00000
26.75000, 71.00000
27.00000, 72.00000
27.75000, 75.00000
28.00000, 74.00000
28.75000, 72.00000
29.00000, 70.00000
30.50000, 69.00000
30.75000, 67.00000
31.00000, 65.00000
32.00000, 65.00000
32.50000, 65.00000
33.00000, 70.00000
33.75000, 69.00000
34.00000, 70.00000
34.75000, 69.00000
35.00000, 70.00000
35.75000, 69.00000
36.00000, 70.00000
36.75000, 72.00000
37.00000, 74.00000
39.00000, 76.00000
40.00000, 77.00000
40.50000, 77.00000
41.00000, 77.00000
41.75000, 76.00000
42.00000, 74.00000
42.75000, 72.00000
43.00000, 72.00000
43.75000, 70.00000
44.00000, 69.00000
44.75000, 67.00000
45.00000, 65.00000
48.00000, 65.00000
48.50000, 65.00000
49.00000, 65.00000
50.00000, 72.00000
51.00000, 74.00000
52.00000, 72.00000
53.00000, 72.00000
53.50000, 70.00000
54.00000, 70.00000
56.00000, 70.00000
56.50000, 70.00000
57.00000, 74.00000
58.00000, 72.00000
59.00000, 70.00000
60.00000, 64.00000
61.00000, 65.00000
64.00000, 66.00000
64.50000, 66.00000
65.00000, 67.00000
66.00000, 62.00000
67.00000, 67.00000
68.00000, 62.00000
69.00000, 67.00000
70.50000, 69.00000
71.00000, 70.00000
72.00000, 69.00000
72.50000, 67.00000
73.00000, 74.00000
74.00000, 74.00000
75.00000, 62.00000
76.00000, 62.00000
77.00000, 67.00000
79.75000, 67.00000
80.00000, 67.00000
80.75000, 66.00000
81.00000, 65.00000
82.00000, 65.00000
83.00000, 65.00000
84.00000, 65.00000
85.00000, 65.00000
85.00000, 70.00000
88.00000, 69.00000
88.50000, 70.00000
89.00000, 72.00000
90.50000, 72.00000
91.00000, 74.00000
91.50000, 72.00000
92.00000, 70.00000
92.50000, 72.00000
93.00000, 74.00000
94.00000, 72.00000
95.00000, 70.00000
95.75000, 65.00000
96.00000, 65.00000
96.75000, 65.00000
97.00000, 65.00000
98.00000, 65.00000
99.00000, 65.00000
100.00000, 65.00000
101.00000, 65.00000
101.00000, 70.00000
103.50000, 70.00000
104.00000, 69.00000
104.75000, 70.00000
105.00000, 72.00000
106.50000, 74.00000
106.75000, 72.00000
