pattern1
occurrence1
0.00000, 58.00000
0.50000, 58.00000
1.50000, 65.00000
2.50000, 65.00000
4.00000, 58.00000
occurrence2
0.50000, 58.00000
1.50000, 65.00000
2.50000, 65.00000
4.00000, 58.00000
4.50000, 58.00000
occurrence3
6.50000, 60.00000
8.00000, 60.00000
8.50000, 60.00000
9.50000, 60.00000
10.00000, 60.00000
10.50000, 60.00000
occurrence4
9.50000, 60.00000
10.00000, 60.00000
10.50000, 60.00000
11.50000, 65.00000
12.00000, 63.00000
12.50000, 62.00000
13.50000, 60.00000
pattern2
occurrence1
1.50000, 65.00000
2.50000, 65.00000
4.00000, 58.00000
4.50000, 58.00000
5.50000, 62.00000
6.50000, 60.00000
8.00000, 60.00000
8.50000, 60.00000
9.50000, 60.00000
10.00000, 60.00000
10.50000, 60.00000
11.50000, 65.00000
12.00000, 63.00000
12.50000, 62.00000
13.50000, 60.00000
14.50000, 58.00000
