pattern1
occurrence1
2.00000, 67.00000
2.75000, 69.00000
3.00000, 67.00000
3.75000, 65.00000
4.00000, 62.00000
occurrence2
13.00000, 72.00000
13.75000, 74.00000
14.00000, 72.00000
14.75000, 70.00000
15.00000, 67.00000
occurrence3
21.00000, 72.00000
21.75000, 74.00000
22.00000, 72.00000
22.75000, 70.00000
23.00000, 67.00000
occurrence4
26.00000, 67.00000
26.75000, 67.00000
27.00000, 67.00000
27.75000, 65.00000
28.00000, 62.00000
pattern2
occurrence1
6.00000, 65.00000
6.75000, 62.00000
7.00000, 60.00000
7.75000, 60.00000
8.00000, 60.00000
occurrence2
25.00000, 72.00000
25.75000, 70.00000
26.00000, 67.00000
26.75000, 67.00000
27.00000, 67.00000
occurrence3
30.00000, 65.00000
30.75000, 62.00000
31.00000, 60.00000
31.75000, 60.00000
32.00000, 60.00000
pattern3
occurrence1
0.00000, 70.00000
1.50000, 69.00000
2.00000, 67.00000
2.75000, 69.00000
3.00000, 67.00000
3.75000, 65.00000
4.00000, 62.00000
4.75000, 60.00000
5.00000, 58.00000
5.75000, 62.00000
6.00000, 65.00000
6.75000, 62.00000
7.00000, 60.00000
7.75000, 60.00000
8.00000, 60.00000
9.50000, 65.00000
10.00000, 67.00000
10.75000, 67.00000
11.00000, 67.00000
11.75000, 65.00000
occurrence2
16.00000, 70.00000
17.50000, 69.00000
18.00000, 67.00000
18.75000, 69.00000
19.00000, 67.00000
19.75000, 65.00000
20.00000, 67.00000
20.75000, 72.00000
21.00000, 72.00000
21.75000, 74.00000
22.00000, 72.00000
22.75000, 70.00000
23.00000, 67.00000
23.75000, 69.00000
24.00000, 70.00000
25.00000, 72.00000
25.75000, 70.00000
26.00000, 67.00000
26.75000, 67.00000
27.00000, 67.00000
27.75000, 65.00000
pattern4
occurrence1
4.75000, 60.00000
5.00000, 58.00000
5.75000, 62.00000
6.00000, 65.00000
6.75000, 62.00000
occurrence2
5.00000, 58.00000
5.75000, 62.00000
6.00000, 65.00000
6.75000, 62.00000
7.00000, 60.00000
occurrence3
23.75000, 69.00000
24.00000, 70.00000
25.00000, 72.00000
25.75000, 70.00000
occurrence4
28.75000, 60.00000
29.00000, 58.00000
29.75000, 62.00000
30.00000, 65.00000
30.75000, 62.00000
occurrence5
29.00000, 58.00000
29.75000, 62.00000
30.00000, 65.00000
30.75000, 62.00000
31.00000, 60.00000
pattern5
occurrence1
5.75000, 62.00000
6.00000, 65.00000
6.75000, 62.00000
7.00000, 60.00000
7.75000, 60.00000
8.00000, 60.00000
9.50000, 65.00000
10.00000, 67.00000
10.75000, 67.00000
11.00000, 67.00000
11.75000, 65.00000
12.00000, 67.00000
12.75000, 72.00000
13.00000, 72.00000
13.75000, 74.00000
14.00000, 72.00000
14.75000, 70.00000
15.00000, 67.00000
15.75000, 69.00000
16.00000, 70.00000
17.50000, 69.00000
18.00000, 67.00000
18.75000, 69.00000
19.00000, 67.00000
19.75000, 65.00000
20.00000, 67.00000
20.75000, 72.00000
21.00000, 72.00000
21.75000, 74.00000
22.00000, 72.00000
22.75000, 70.00000
23.00000, 67.00000
23.75000, 69.00000
24.00000, 70.00000
25.00000, 72.00000
25.75000, 70.00000
26.00000, 67.00000
26.75000, 67.00000
27.00000, 67.00000
27.75000, 65.00000
28.00000, 62.00000
28.75000, 60.00000
29.00000, 58.00000
29.75000, 62.00000
