pattern1
occurrence1
8.00000, 74.00000
14.00000, 72.00000
16.00000, 70.00000
22.00000, 69.00000
23.00000, 67.00000
24.00000, 65.00000
28.00000, 69.00000
32.00000, 70.00000
occurrence2
204.00000, 69.00000
210.00000, 67.00000
212.00000, 65.00000
216.00000, 64.00000
224.00000, 62.00000
228.00000, 65.00000
occurrence3
432.00000, 69.00000
438.00000, 67.00000
440.00000, 65.00000
444.00000, 69.00000
452.00000, 67.00000
456.00000, 65.00000
occurrence4
608.00000, 74.00000
614.00000, 72.00000
616.00000, 70.00000
618.00000, 69.00000
620.00000, 67.00000
624.00000, 74.00000
630.00000, 72.00000
632.00000, 70.00000
pattern2
occurrence1
142.00000, 72.00000
144.00000, 74.00000
148.00000, 75.00000
154.00000, 74.00000
156.00000, 74.00000
164.00000, 73.00000
168.00000, 74.00000
174.00000, 72.00000
176.00000, 69.00000
180.00000, 70.00000
182.00000, 72.00000
occurrence2
336.00000, 64.00000
344.00000, 62.00000
350.00000, 60.00000
351.00000, 58.00000
352.00000, 60.00000
364.00000, 65.00000
368.00000, 64.00000
374.00000, 62.00000
376.00000, 64.00000
occurrence3
544.00000, 69.00000
552.00000, 67.00000
560.00000, 65.00000
564.00000, 62.00000
568.00000, 65.00000
572.00000, 64.00000
576.00000, 69.00000
582.00000, 67.00000
584.00000, 69.00000
pattern3
occurrence1
36.00000, 70.00000
40.00000, 69.00000
46.00000, 67.00000
47.00000, 65.00000
48.00000, 67.00000
56.00000, 69.00000
68.00000, 74.00000
74.00000, 72.00000
76.00000, 69.00000
84.00000, 70.00000
88.00000, 69.00000
90.00000, 67.00000
92.00000, 65.00000
96.00000, 70.00000
occurrence2
404.00000, 67.00000
412.00000, 66.00000
416.00000, 67.00000
428.00000, 69.00000
432.00000, 69.00000
438.00000, 67.00000
440.00000, 65.00000
444.00000, 69.00000
452.00000, 67.00000
456.00000, 65.00000
462.00000, 64.00000
464.00000, 67.00000
occurrence3
668.00000, 67.00000
672.00000, 67.00000
680.00000, 69.00000
692.00000, 69.00000
694.00000, 69.00000
696.00000, 69.00000
700.00000, 69.00000
704.00000, 70.00000
712.00000, 69.00000
716.00000, 67.00000
720.00000, 66.00000
726.00000, 64.00000
728.00000, 67.00000
pattern4
occurrence1
0.00000, 67.00000
8.00000, 74.00000
14.00000, 72.00000
16.00000, 70.00000
22.00000, 69.00000
23.00000, 67.00000
24.00000, 65.00000
28.00000, 69.00000
32.00000, 70.00000
occurrence2
24.00000, 65.00000
28.00000, 69.00000
32.00000, 70.00000
36.00000, 70.00000
40.00000, 69.00000
46.00000, 67.00000
47.00000, 65.00000
48.00000, 67.00000
56.00000, 69.00000
occurrence3
592.00000, 70.00000
596.00000, 74.00000
604.00000, 72.00000
608.00000, 74.00000
614.00000, 72.00000
616.00000, 70.00000
618.00000, 69.00000
620.00000, 67.00000
624.00000, 74.00000
pattern5
occurrence1
16.00000, 70.00000
22.00000, 69.00000
23.00000, 67.00000
24.00000, 65.00000
28.00000, 69.00000
32.00000, 70.00000
36.00000, 70.00000
40.00000, 69.00000
46.00000, 67.00000
47.00000, 65.00000
48.00000, 67.00000
56.00000, 69.00000
68.00000, 74.00000
74.00000, 72.00000
76.00000, 69.00000
occurrence2
252.00000, 70.00000
258.00000, 69.00000
260.00000, 69.00000
264.00000, 74.00000
270.00000, 72.00000
272.00000, 70.00000
276.00000, 69.00000
280.00000, 67.00000
286.00000, 65.00000
287.00000, 64.00000
288.00000, 65.00000
304.00000, 70.00000
312.00000, 69.00000
occurrence3
512.00000, 65.00000
520.00000, 69.00000
528.00000, 67.00000
532.00000, 65.00000
536.00000, 64.00000
544.00000, 69.00000
552.00000, 67.00000
560.00000, 65.00000
564.00000, 62.00000
568.00000, 65.00000
572.00000, 64.00000
pattern6
occurrence1
212.00000, 65.00000
216.00000, 64.00000
224.00000, 62.00000
228.00000, 65.00000
232.00000, 67.00000
236.00000, 70.00000
242.00000, 67.00000
246.00000, 65.00000
248.00000, 69.00000
252.00000, 70.00000
258.00000, 69.00000
260.00000, 69.00000
264.00000, 74.00000
270.00000, 72.00000
272.00000, 70.00000
276.00000, 69.00000
280.00000, 67.00000
286.00000, 65.00000
287.00000, 64.00000
288.00000, 65.00000
304.00000, 70.00000
312.00000, 69.00000
318.00000, 67.00000
319.00000, 65.00000
320.00000, 67.00000
328.00000, 69.00000
332.00000, 65.00000
336.00000, 64.00000
344.00000, 62.00000
occurrence2
428.00000, 69.00000
432.00000, 69.00000
438.00000, 67.00000
440.00000, 65.00000
444.00000, 69.00000
452.00000, 67.00000
456.00000, 65.00000
462.00000, 64.00000
464.00000, 67.00000
472.00000, 66.00000
476.00000, 67.00000
482.00000, 69.00000
484.00000, 70.00000
486.00000, 72.00000
488.00000, 69.00000
496.00000, 65.00000
500.00000, 67.00000
504.00000, 64.00000
510.00000, 60.00000
512.00000, 65.00000
520.00000, 69.00000
528.00000, 67.00000
532.00000, 65.00000
536.00000, 64.00000
544.00000, 69.00000
552.00000, 67.00000
560.00000, 65.00000
occurrence3
520.00000, 69.00000
528.00000, 67.00000
532.00000, 65.00000
536.00000, 64.00000
544.00000, 69.00000
552.00000, 67.00000
560.00000, 65.00000
564.00000, 62.00000
568.00000, 65.00000
572.00000, 64.00000
576.00000, 69.00000
582.00000, 67.00000
584.00000, 69.00000
592.00000, 70.00000
596.00000, 74.00000
604.00000, 72.00000
608.00000, 74.00000
614.00000, 72.00000
616.00000, 70.00000
618.00000, 69.00000
620.00000, 67.00000
624.00000, 74.00000
630.00000, 72.00000
632.00000, 70.00000
636.00000, 69.00000
642.00000, 67.00000
644.00000, 67.00000
652.00000, 66.00000
pattern7
occurrence1
16.00000, 70.00000
22.00000, 69.00000
23.00000, 67.00000
24.00000, 65.00000
28.00000, 69.00000
32.00000, 70.00000
36.00000, 70.00000
40.00000, 69.00000
46.00000, 67.00000
47.00000, 65.00000
48.00000, 67.00000
56.00000, 69.00000
68.00000, 74.00000
74.00000, 72.00000
76.00000, 69.00000
84.00000, 70.00000
88.00000, 69.00000
90.00000, 67.00000
92.00000, 65.00000
96.00000, 70.00000
100.00000, 69.00000
104.00000, 67.00000
106.00000, 65.00000
107.00000, 64.00000
108.00000, 62.00000
110.00000, 67.00000
114.00000, 69.00000
116.00000, 66.00000
118.00000, 64.00000
120.00000, 67.00000
132.00000, 67.00000
136.00000, 70.00000
142.00000, 72.00000
144.00000, 74.00000
148.00000, 75.00000
154.00000, 74.00000
156.00000, 74.00000
164.00000, 73.00000
168.00000, 74.00000
occurrence2
22.00000, 69.00000
23.00000, 67.00000
24.00000, 65.00000
28.00000, 69.00000
32.00000, 70.00000
36.00000, 70.00000
40.00000, 69.00000
46.00000, 67.00000
47.00000, 65.00000
48.00000, 67.00000
56.00000, 69.00000
68.00000, 74.00000
74.00000, 72.00000
76.00000, 69.00000
84.00000, 70.00000
88.00000, 69.00000
90.00000, 67.00000
92.00000, 65.00000
96.00000, 70.00000
100.00000, 69.00000
104.00000, 67.00000
106.00000, 65.00000
107.00000, 64.00000
108.00000, 62.00000
110.00000, 67.00000
114.00000, 69.00000
116.00000, 66.00000
118.00000, 64.00000
120.00000, 67.00000
132.00000, 67.00000
136.00000, 70.00000
142.00000, 72.00000
144.00000, 74.00000
148.00000, 75.00000
154.00000, 74.00000
156.00000, 74.00000
164.00000, 73.00000
168.00000, 74.00000
174.00000, 72.00000
occurrence3
344.00000, 62.00000
350.00000, 60.00000
351.00000, 58.00000
352.00000, 60.00000
364.00000, 65.00000
368.00000, 64.00000
374.00000, 62.00000
376.00000, 64.00000
378.00000, 65.00000
380.00000, 67.00000
384.00000, 69.00000
392.00000, 70.00000
396.00000, 69.00000
402.00000, 67.00000
404.00000, 67.00000
412.00000, 66.00000
416.00000, 67.00000
428.00000, 69.00000
432.00000, 69.00000
438.00000, 67.00000
440.00000, 65.00000
444.00000, 69.00000
452.00000, 67.00000
456.00000, 65.00000
462.00000, 64.00000
464.00000, 67.00000
472.00000, 66.00000
476.00000, 67.00000
482.00000, 69.00000
484.00000, 70.00000
486.00000, 72.00000
488.00000, 69.00000
496.00000, 65.00000
occurrence4
504.00000, 64.00000
510.00000, 60.00000
512.00000, 65.00000
520.00000, 69.00000
528.00000, 67.00000
532.00000, 65.00000
536.00000, 64.00000
544.00000, 69.00000
552.00000, 67.00000
560.00000, 65.00000
564.00000, 62.00000
568.00000, 65.00000
572.00000, 64.00000
576.00000, 69.00000
582.00000, 67.00000
584.00000, 69.00000
592.00000, 70.00000
596.00000, 74.00000
604.00000, 72.00000
608.00000, 74.00000
614.00000, 72.00000
616.00000, 70.00000
618.00000, 69.00000
620.00000, 67.00000
624.00000, 74.00000
630.00000, 72.00000
632.00000, 70.00000
636.00000, 69.00000
642.00000, 67.00000
644.00000, 67.00000
652.00000, 66.00000
656.00000, 67.00000
pattern8
occurrence1
8.00000, 74.00000
14.00000, 72.00000
16.00000, 70.00000
22.00000, 69.00000
23.00000, 67.00000
24.00000, 65.00000
28.00000, 69.00000
32.00000, 70.00000
36.00000, 70.00000
occurrence2
68.00000, 74.00000
74.00000, 72.00000
76.00000, 69.00000
84.00000, 70.00000
88.00000, 69.00000
90.00000, 67.00000
92.00000, 65.00000
96.00000, 70.00000
occurrence3
88.00000, 69.00000
90.00000, 67.00000
92.00000, 65.00000
96.00000, 70.00000
100.00000, 69.00000
104.00000, 67.00000
106.00000, 65.00000
107.00000, 64.00000
108.00000, 62.00000
110.00000, 67.00000
114.00000, 69.00000
116.00000, 66.00000
occurrence4
90.00000, 67.00000
92.00000, 65.00000
96.00000, 70.00000
100.00000, 69.00000
104.00000, 67.00000
106.00000, 65.00000
107.00000, 64.00000
108.00000, 62.00000
110.00000, 67.00000
114.00000, 69.00000
116.00000, 66.00000
118.00000, 64.00000
occurrence5
196.00000, 65.00000
200.00000, 70.00000
204.00000, 69.00000
210.00000, 67.00000
212.00000, 65.00000
216.00000, 64.00000
224.00000, 62.00000
occurrence6
252.00000, 70.00000
258.00000, 69.00000
260.00000, 69.00000
264.00000, 74.00000
270.00000, 72.00000
272.00000, 70.00000
276.00000, 69.00000
280.00000, 67.00000
occurrence7
258.00000, 69.00000
260.00000, 69.00000
264.00000, 74.00000
270.00000, 72.00000
272.00000, 70.00000
276.00000, 69.00000
280.00000, 67.00000
286.00000, 65.00000
occurrence8
260.00000, 69.00000
264.00000, 74.00000
270.00000, 72.00000
272.00000, 70.00000
276.00000, 69.00000
280.00000, 67.00000
286.00000, 65.00000
287.00000, 64.00000
288.00000, 65.00000
occurrence9
384.00000, 69.00000
392.00000, 70.00000
396.00000, 69.00000
402.00000, 67.00000
404.00000, 67.00000
412.00000, 66.00000
occurrence10
428.00000, 69.00000
432.00000, 69.00000
438.00000, 67.00000
440.00000, 65.00000
444.00000, 69.00000
452.00000, 67.00000
456.00000, 65.00000
occurrence11
444.00000, 69.00000
452.00000, 67.00000
456.00000, 65.00000
462.00000, 64.00000
464.00000, 67.00000
472.00000, 66.00000
occurrence12
476.00000, 67.00000
482.00000, 69.00000
484.00000, 70.00000
486.00000, 72.00000
488.00000, 69.00000
496.00000, 65.00000
500.00000, 67.00000
504.00000, 64.00000
occurrence13
592.00000, 70.00000
596.00000, 74.00000
604.00000, 72.00000
608.00000, 74.00000
614.00000, 72.00000
616.00000, 70.00000
618.00000, 69.00000
620.00000, 67.00000
occurrence14
616.00000, 70.00000
618.00000, 69.00000
620.00000, 67.00000
624.00000, 74.00000
630.00000, 72.00000
632.00000, 70.00000
636.00000, 69.00000
642.00000, 67.00000
644.00000, 67.00000
occurrence15
692.00000, 69.00000
694.00000, 69.00000
696.00000, 69.00000
700.00000, 69.00000
704.00000, 70.00000
712.00000, 69.00000
716.00000, 67.00000
720.00000, 66.00000
pattern9
occurrence1
8.00000, 74.00000
14.00000, 72.00000
16.00000, 70.00000
22.00000, 69.00000
23.00000, 67.00000
24.00000, 65.00000
28.00000, 69.00000
32.00000, 70.00000
36.00000, 70.00000
40.00000, 69.00000
46.00000, 67.00000
47.00000, 65.00000
48.00000, 67.00000
56.00000, 69.00000
68.00000, 74.00000
74.00000, 72.00000
76.00000, 69.00000
84.00000, 70.00000
88.00000, 69.00000
90.00000, 67.00000
92.00000, 65.00000
96.00000, 70.00000
100.00000, 69.00000
104.00000, 67.00000
106.00000, 65.00000
107.00000, 64.00000
108.00000, 62.00000
110.00000, 67.00000
114.00000, 69.00000
116.00000, 66.00000
118.00000, 64.00000
120.00000, 67.00000
132.00000, 67.00000
136.00000, 70.00000
142.00000, 72.00000
144.00000, 74.00000
148.00000, 75.00000
154.00000, 74.00000
156.00000, 74.00000
164.00000, 73.00000
168.00000, 74.00000
174.00000, 72.00000
176.00000, 69.00000
180.00000, 70.00000
182.00000, 72.00000
186.00000, 74.00000
190.00000, 72.00000
192.00000, 70.00000
194.00000, 69.00000
195.00000, 67.00000
196.00000, 65.00000
200.00000, 70.00000
204.00000, 69.00000
210.00000, 67.00000
212.00000, 65.00000
216.00000, 64.00000
224.00000, 62.00000
228.00000, 65.00000
232.00000, 67.00000
236.00000, 70.00000
242.00000, 67.00000
246.00000, 65.00000
248.00000, 69.00000
252.00000, 70.00000
258.00000, 69.00000
260.00000, 69.00000
264.00000, 74.00000
270.00000, 72.00000
272.00000, 70.00000
276.00000, 69.00000
280.00000, 67.00000
286.00000, 65.00000
287.00000, 64.00000
288.00000, 65.00000
304.00000, 70.00000
312.00000, 69.00000
318.00000, 67.00000
319.00000, 65.00000
320.00000, 67.00000
328.00000, 69.00000
332.00000, 65.00000
336.00000, 64.00000
344.00000, 62.00000
350.00000, 60.00000
351.00000, 58.00000
352.00000, 60.00000
364.00000, 65.00000
368.00000, 64.00000
374.00000, 62.00000
376.00000, 64.00000
378.00000, 65.00000
380.00000, 67.00000
384.00000, 69.00000
392.00000, 70.00000
occurrence2
272.00000, 70.00000
276.00000, 69.00000
280.00000, 67.00000
286.00000, 65.00000
287.00000, 64.00000
288.00000, 65.00000
304.00000, 70.00000
312.00000, 69.00000
318.00000, 67.00000
319.00000, 65.00000
320.00000, 67.00000
328.00000, 69.00000
332.00000, 65.00000
336.00000, 64.00000
344.00000, 62.00000
350.00000, 60.00000
351.00000, 58.00000
352.00000, 60.00000
364.00000, 65.00000
368.00000, 64.00000
374.00000, 62.00000
376.00000, 64.00000
378.00000, 65.00000
380.00000, 67.00000
384.00000, 69.00000
392.00000, 70.00000
396.00000, 69.00000
402.00000, 67.00000
404.00000, 67.00000
412.00000, 66.00000
416.00000, 67.00000
428.00000, 69.00000
432.00000, 69.00000
438.00000, 67.00000
440.00000, 65.00000
444.00000, 69.00000
452.00000, 67.00000
456.00000, 65.00000
462.00000, 64.00000
464.00000, 67.00000
472.00000, 66.00000
476.00000, 67.00000
482.00000, 69.00000
484.00000, 70.00000
486.00000, 72.00000
488.00000, 69.00000
496.00000, 65.00000
500.00000, 67.00000
504.00000, 64.00000
510.00000, 60.00000
512.00000, 65.00000
520.00000, 69.00000
528.00000, 67.00000
532.00000, 65.00000
536.00000, 64.00000
544.00000, 69.00000
552.00000, 67.00000
560.00000, 65.00000
564.00000, 62.00000
568.00000, 65.00000
572.00000, 64.00000
576.00000, 69.00000
582.00000, 67.00000
584.00000, 69.00000
592.00000, 70.00000
596.00000, 74.00000
604.00000, 72.00000
608.00000, 74.00000
614.00000, 72.00000
616.00000, 70.00000
618.00000, 69.00000
620.00000, 67.00000
624.00000, 74.00000
630.00000, 72.00000
632.00000, 70.00000
636.00000, 69.00000
642.00000, 67.00000
644.00000, 67.00000
652.00000, 66.00000
656.00000, 67.00000
pattern10
occurrence1
68.00000, 74.00000
74.00000, 72.00000
76.00000, 69.00000
84.00000, 70.00000
88.00000, 69.00000
90.00000, 67.00000
92.00000, 65.00000
96.00000, 70.00000
100.00000, 69.00000
104.00000, 67.00000
106.00000, 65.00000
107.00000, 64.00000
108.00000, 62.00000
110.00000, 67.00000
114.00000, 69.00000
116.00000, 66.00000
118.00000, 64.00000
120.00000, 67.00000
132.00000, 67.00000
136.00000, 70.00000
142.00000, 72.00000
144.00000, 74.00000
148.00000, 75.00000
154.00000, 74.00000
156.00000, 74.00000
164.00000, 73.00000
168.00000, 74.00000
174.00000, 72.00000
176.00000, 69.00000
180.00000, 70.00000
182.00000, 72.00000
186.00000, 74.00000
190.00000, 72.00000
192.00000, 70.00000
194.00000, 69.00000
195.00000, 67.00000
196.00000, 65.00000
200.00000, 70.00000
204.00000, 69.00000
210.00000, 67.00000
212.00000, 65.00000
216.00000, 64.00000
224.00000, 62.00000
228.00000, 65.00000
232.00000, 67.00000
236.00000, 70.00000
242.00000, 67.00000
246.00000, 65.00000
248.00000, 69.00000
252.00000, 70.00000
258.00000, 69.00000
260.00000, 69.00000
264.00000, 74.00000
270.00000, 72.00000
272.00000, 70.00000
276.00000, 69.00000
280.00000, 67.00000
286.00000, 65.00000
287.00000, 64.00000
288.00000, 65.00000
304.00000, 70.00000
312.00000, 69.00000
occurrence2
74.00000, 72.00000
76.00000, 69.00000
84.00000, 70.00000
88.00000, 69.00000
90.00000, 67.00000
92.00000, 65.00000
96.00000, 70.00000
100.00000, 69.00000
104.00000, 67.00000
106.00000, 65.00000
107.00000, 64.00000
108.00000, 62.00000
110.00000, 67.00000
114.00000, 69.00000
116.00000, 66.00000
118.00000, 64.00000
120.00000, 67.00000
132.00000, 67.00000
136.00000, 70.00000
142.00000, 72.00000
144.00000, 74.00000
148.00000, 75.00000
154.00000, 74.00000
156.00000, 74.00000
164.00000, 73.00000
168.00000, 74.00000
174.00000, 72.00000
176.00000, 69.00000
180.00000, 70.00000
182.00000, 72.00000
186.00000, 74.00000
190.00000, 72.00000
192.00000, 70.00000
194.00000, 69.00000
195.00000, 67.00000
196.00000, 65.00000
200.00000, 70.00000
204.00000, 69.00000
210.00000, 67.00000
212.00000, 65.00000
216.00000, 64.00000
224.00000, 62.00000
228.00000, 65.00000
232.00000, 67.00000
236.00000, 70.00000
242.00000, 67.00000
246.00000, 65.00000
248.00000, 69.00000
252.00000, 70.00000
258.00000, 69.00000
260.00000, 69.00000
264.00000, 74.00000
270.00000, 72.00000
272.00000, 70.00000
276.00000, 69.00000
280.00000, 67.00000
286.00000, 65.00000
287.00000, 64.00000
288.00000, 65.00000
304.00000, 70.00000
312.00000, 69.00000
318.00000, 67.00000
occurrence3
106.00000, 65.00000
107.00000, 64.00000
108.00000, 62.00000
110.00000, 67.00000
114.00000, 69.00000
116.00000, 66.00000
118.00000, 64.00000
120.00000, 67.00000
132.00000, 67.00000
136.00000, 70.00000
142.00000, 72.00000
144.00000, 74.00000
148.00000, 75.00000
154.00000, 74.00000
156.00000, 74.00000
164.00000, 73.00000
168.00000, 74.00000
174.00000, 72.00000
176.00000, 69.00000
180.00000, 70.00000
182.00000, 72.00000
186.00000, 74.00000
190.00000, 72.00000
192.00000, 70.00000
194.00000, 69.00000
195.00000, 67.00000
196.00000, 65.00000
200.00000, 70.00000
204.00000, 69.00000
210.00000, 67.00000
212.00000, 65.00000
216.00000, 64.00000
224.00000, 62.00000
228.00000, 65.00000
232.00000, 67.00000
236.00000, 70.00000
242.00000, 67.00000
246.00000, 65.00000
248.00000, 69.00000
252.00000, 70.00000
258.00000, 69.00000
260.00000, 69.00000
264.00000, 74.00000
270.00000, 72.00000
272.00000, 70.00000
276.00000, 69.00000
280.00000, 67.00000
286.00000, 65.00000
287.00000, 64.00000
288.00000, 65.00000
304.00000, 70.00000
312.00000, 69.00000
318.00000, 67.00000
319.00000, 65.00000
320.00000, 67.00000
328.00000, 69.00000
332.00000, 65.00000
336.00000, 64.00000
344.00000, 62.00000
350.00000, 60.00000
occurrence4
107.00000, 64.00000
108.00000, 62.00000
110.00000, 67.00000
114.00000, 69.00000
116.00000, 66.00000
118.00000, 64.00000
120.00000, 67.00000
132.00000, 67.00000
136.00000, 70.00000
142.00000, 72.00000
144.00000, 74.00000
148.00000, 75.00000
154.00000, 74.00000
156.00000, 74.00000
164.00000, 73.00000
168.00000, 74.00000
174.00000, 72.00000
176.00000, 69.00000
180.00000, 70.00000
182.00000, 72.00000
186.00000, 74.00000
190.00000, 72.00000
192.00000, 70.00000
194.00000, 69.00000
195.00000, 67.00000
196.00000, 65.00000
200.00000, 70.00000
204.00000, 69.00000
210.00000, 67.00000
212.00000, 65.00000
216.00000, 64.00000
224.00000, 62.00000
228.00000, 65.00000
232.00000, 67.00000
236.00000, 70.00000
242.00000, 67.00000
246.00000, 65.00000
248.00000, 69.00000
252.00000, 70.00000
258.00000, 69.00000
260.00000, 69.00000
264.00000, 74.00000
270.00000, 72.00000
272.00000, 70.00000
276.00000, 69.00000
280.00000, 67.00000
286.00000, 65.00000
287.00000, 64.00000
288.00000, 65.00000
304.00000, 70.00000
312.00000, 69.00000
318.00000, 67.00000
319.00000, 65.00000
320.00000, 67.00000
328.00000, 69.00000
332.00000, 65.00000
336.00000, 64.00000
344.00000, 62.00000
350.00000, 60.00000
351.00000, 58.00000
occurrence5
148.00000, 75.00000
154.00000, 74.00000
156.00000, 74.00000
164.00000, 73.00000
168.00000, 74.00000
174.00000, 72.00000
176.00000, 69.00000
180.00000, 70.00000
182.00000, 72.00000
186.00000, 74.00000
190.00000, 72.00000
192.00000, 70.00000
194.00000, 69.00000
195.00000, 67.00000
196.00000, 65.00000
200.00000, 70.00000
204.00000, 69.00000
210.00000, 67.00000
212.00000, 65.00000
216.00000, 64.00000
224.00000, 62.00000
228.00000, 65.00000
232.00000, 67.00000
236.00000, 70.00000
242.00000, 67.00000
246.00000, 65.00000
248.00000, 69.00000
252.00000, 70.00000
258.00000, 69.00000
260.00000, 69.00000
264.00000, 74.00000
270.00000, 72.00000
272.00000, 70.00000
276.00000, 69.00000
280.00000, 67.00000
286.00000, 65.00000
287.00000, 64.00000
288.00000, 65.00000
304.00000, 70.00000
312.00000, 69.00000
318.00000, 67.00000
319.00000, 65.00000
320.00000, 67.00000
328.00000, 69.00000
332.00000, 65.00000
336.00000, 64.00000
344.00000, 62.00000
350.00000, 60.00000
351.00000, 58.00000
352.00000, 60.00000
364.00000, 65.00000
368.00000, 64.00000
374.00000, 62.00000
376.00000, 64.00000
378.00000, 65.00000
380.00000, 67.00000
384.00000, 69.00000
392.00000, 70.00000
occurrence6
252.00000, 70.00000
258.00000, 69.00000
260.00000, 69.00000
264.00000, 74.00000
270.00000, 72.00000
272.00000, 70.00000
276.00000, 69.00000
280.00000, 67.00000
286.00000, 65.00000
287.00000, 64.00000
288.00000, 65.00000
304.00000, 70.00000
312.00000, 69.00000
318.00000, 67.00000
319.00000, 65.00000
320.00000, 67.00000
328.00000, 69.00000
332.00000, 65.00000
336.00000, 64.00000
344.00000, 62.00000
350.00000, 60.00000
351.00000, 58.00000
352.00000, 60.00000
364.00000, 65.00000
368.00000, 64.00000
374.00000, 62.00000
376.00000, 64.00000
378.00000, 65.00000
380.00000, 67.00000
384.00000, 69.00000
392.00000, 70.00000
396.00000, 69.00000
402.00000, 67.00000
404.00000, 67.00000
412.00000, 66.00000
416.00000, 67.00000
428.00000, 69.00000
432.00000, 69.00000
438.00000, 67.00000
440.00000, 65.00000
444.00000, 69.00000
452.00000, 67.00000
456.00000, 65.00000
462.00000, 64.00000
464.00000, 67.00000
472.00000, 66.00000
476.00000, 67.00000
482.00000, 69.00000
484.00000, 70.00000
486.00000, 72.00000
488.00000, 69.00000
496.00000, 65.00000
occurrence7
260.00000, 69.00000
264.00000, 74.00000
270.00000, 72.00000
272.00000, 70.00000
276.00000, 69.00000
280.00000, 67.00000
286.00000, 65.00000
287.00000, 64.00000
288.00000, 65.00000
304.00000, 70.00000
312.00000, 69.00000
318.00000, 67.00000
319.00000, 65.00000
320.00000, 67.00000
328.00000, 69.00000
332.00000, 65.00000
336.00000, 64.00000
344.00000, 62.00000
350.00000, 60.00000
351.00000, 58.00000
352.00000, 60.00000
364.00000, 65.00000
368.00000, 64.00000
374.00000, 62.00000
376.00000, 64.00000
378.00000, 65.00000
380.00000, 67.00000
384.00000, 69.00000
392.00000, 70.00000
396.00000, 69.00000
402.00000, 67.00000
404.00000, 67.00000
412.00000, 66.00000
416.00000, 67.00000
428.00000, 69.00000
432.00000, 69.00000
438.00000, 67.00000
440.00000, 65.00000
444.00000, 69.00000
452.00000, 67.00000
456.00000, 65.00000
462.00000, 64.00000
464.00000, 67.00000
472.00000, 66.00000
476.00000, 67.00000
482.00000, 69.00000
484.00000, 70.00000
486.00000, 72.00000
488.00000, 69.00000
496.00000, 65.00000
500.00000, 67.00000
504.00000, 64.00000
occurrence8
320.00000, 67.00000
328.00000, 69.00000
332.00000, 65.00000
336.00000, 64.00000
344.00000, 62.00000
350.00000, 60.00000
351.00000, 58.00000
352.00000, 60.00000
364.00000, 65.00000
368.00000, 64.00000
374.00000, 62.00000
376.00000, 64.00000
378.00000, 65.00000
380.00000, 67.00000
384.00000, 69.00000
392.00000, 70.00000
396.00000, 69.00000
402.00000, 67.00000
404.00000, 67.00000
412.00000, 66.00000
416.00000, 67.00000
428.00000, 69.00000
432.00000, 69.00000
438.00000, 67.00000
440.00000, 65.00000
444.00000, 69.00000
452.00000, 67.00000
456.00000, 65.00000
462.00000, 64.00000
464.00000, 67.00000
472.00000, 66.00000
476.00000, 67.00000
482.00000, 69.00000
484.00000, 70.00000
486.00000, 72.00000
488.00000, 69.00000
496.00000, 65.00000
500.00000, 67.00000
504.00000, 64.00000
510.00000, 60.00000
512.00000, 65.00000
520.00000, 69.00000
528.00000, 67.00000
532.00000, 65.00000
536.00000, 64.00000
544.00000, 69.00000
552.00000, 67.00000
560.00000, 65.00000
564.00000, 62.00000
occurrence9
328.00000, 69.00000
332.00000, 65.00000
336.00000, 64.00000
344.00000, 62.00000
350.00000, 60.00000
351.00000, 58.00000
352.00000, 60.00000
364.00000, 65.00000
368.00000, 64.00000
374.00000, 62.00000
376.00000, 64.00000
378.00000, 65.00000
380.00000, 67.00000
384.00000, 69.00000
392.00000, 70.00000
396.00000, 69.00000
402.00000, 67.00000
404.00000, 67.00000
412.00000, 66.00000
416.00000, 67.00000
428.00000, 69.00000
432.00000, 69.00000
438.00000, 67.00000
440.00000, 65.00000
444.00000, 69.00000
452.00000, 67.00000
456.00000, 65.00000
462.00000, 64.00000
464.00000, 67.00000
472.00000, 66.00000
476.00000, 67.00000
482.00000, 69.00000
484.00000, 70.00000
486.00000, 72.00000
488.00000, 69.00000
496.00000, 65.00000
500.00000, 67.00000
504.00000, 64.00000
510.00000, 60.00000
512.00000, 65.00000
520.00000, 69.00000
528.00000, 67.00000
532.00000, 65.00000
536.00000, 64.00000
544.00000, 69.00000
552.00000, 67.00000
560.00000, 65.00000
564.00000, 62.00000
568.00000, 65.00000
572.00000, 64.00000
occurrence10
482.00000, 69.00000
484.00000, 70.00000
486.00000, 72.00000
488.00000, 69.00000
496.00000, 65.00000
500.00000, 67.00000
504.00000, 64.00000
510.00000, 60.00000
512.00000, 65.00000
520.00000, 69.00000
528.00000, 67.00000
532.00000, 65.00000
536.00000, 64.00000
544.00000, 69.00000
552.00000, 67.00000
560.00000, 65.00000
564.00000, 62.00000
568.00000, 65.00000
572.00000, 64.00000
576.00000, 69.00000
582.00000, 67.00000
584.00000, 69.00000
592.00000, 70.00000
596.00000, 74.00000
604.00000, 72.00000
608.00000, 74.00000
614.00000, 72.00000
616.00000, 70.00000
618.00000, 69.00000
620.00000, 67.00000
624.00000, 74.00000
630.00000, 72.00000
632.00000, 70.00000
636.00000, 69.00000
642.00000, 67.00000
644.00000, 67.00000
652.00000, 66.00000
656.00000, 67.00000
668.00000, 67.00000
672.00000, 67.00000
680.00000, 69.00000
692.00000, 69.00000
694.00000, 69.00000
696.00000, 69.00000
700.00000, 69.00000
704.00000, 70.00000
712.00000, 69.00000
716.00000, 67.00000
720.00000, 66.00000
726.00000, 64.00000
pattern11
occurrence1
28.00000, 69.00000
32.00000, 70.00000
36.00000, 70.00000
40.00000, 69.00000
46.00000, 67.00000
47.00000, 65.00000
48.00000, 67.00000
56.00000, 69.00000
68.00000, 74.00000
74.00000, 72.00000
76.00000, 69.00000
84.00000, 70.00000
88.00000, 69.00000
90.00000, 67.00000
92.00000, 65.00000
96.00000, 70.00000
100.00000, 69.00000
104.00000, 67.00000
106.00000, 65.00000
107.00000, 64.00000
108.00000, 62.00000
110.00000, 67.00000
114.00000, 69.00000
116.00000, 66.00000
118.00000, 64.00000
120.00000, 67.00000
132.00000, 67.00000
136.00000, 70.00000
142.00000, 72.00000
144.00000, 74.00000
148.00000, 75.00000
154.00000, 74.00000
156.00000, 74.00000
164.00000, 73.00000
168.00000, 74.00000
174.00000, 72.00000
176.00000, 69.00000
180.00000, 70.00000
182.00000, 72.00000
186.00000, 74.00000
190.00000, 72.00000
192.00000, 70.00000
194.00000, 69.00000
195.00000, 67.00000
196.00000, 65.00000
200.00000, 70.00000
204.00000, 69.00000
210.00000, 67.00000
212.00000, 65.00000
216.00000, 64.00000
224.00000, 62.00000
228.00000, 65.00000
232.00000, 67.00000
236.00000, 70.00000
242.00000, 67.00000
246.00000, 65.00000
248.00000, 69.00000
252.00000, 70.00000
258.00000, 69.00000
260.00000, 69.00000
264.00000, 74.00000
270.00000, 72.00000
272.00000, 70.00000
276.00000, 69.00000
280.00000, 67.00000
286.00000, 65.00000
287.00000, 64.00000
288.00000, 65.00000
304.00000, 70.00000
312.00000, 69.00000
318.00000, 67.00000
319.00000, 65.00000
320.00000, 67.00000
328.00000, 69.00000
332.00000, 65.00000
336.00000, 64.00000
344.00000, 62.00000
350.00000, 60.00000
351.00000, 58.00000
352.00000, 60.00000
364.00000, 65.00000
368.00000, 64.00000
374.00000, 62.00000
376.00000, 64.00000
378.00000, 65.00000
380.00000, 67.00000
384.00000, 69.00000
392.00000, 70.00000
396.00000, 69.00000
402.00000, 67.00000
404.00000, 67.00000
412.00000, 66.00000
416.00000, 67.00000
428.00000, 69.00000
occurrence2
84.00000, 70.00000
88.00000, 69.00000
90.00000, 67.00000
92.00000, 65.00000
96.00000, 70.00000
100.00000, 69.00000
104.00000, 67.00000
106.00000, 65.00000
107.00000, 64.00000
108.00000, 62.00000
110.00000, 67.00000
114.00000, 69.00000
116.00000, 66.00000
118.00000, 64.00000
120.00000, 67.00000
132.00000, 67.00000
136.00000, 70.00000
142.00000, 72.00000
144.00000, 74.00000
148.00000, 75.00000
154.00000, 74.00000
156.00000, 74.00000
164.00000, 73.00000
168.00000, 74.00000
174.00000, 72.00000
176.00000, 69.00000
180.00000, 70.00000
182.00000, 72.00000
186.00000, 74.00000
190.00000, 72.00000
192.00000, 70.00000
194.00000, 69.00000
195.00000, 67.00000
196.00000, 65.00000
200.00000, 70.00000
204.00000, 69.00000
210.00000, 67.00000
212.00000, 65.00000
216.00000, 64.00000
224.00000, 62.00000
228.00000, 65.00000
232.00000, 67.00000
236.00000, 70.00000
242.00000, 67.00000
246.00000, 65.00000
248.00000, 69.00000
252.00000, 70.00000
258.00000, 69.00000
260.00000, 69.00000
264.00000, 74.00000
270.00000, 72.00000
272.00000, 70.00000
276.00000, 69.00000
280.00000, 67.00000
286.00000, 65.00000
287.00000, 64.00000
288.00000, 65.00000
304.00000, 70.00000
312.00000, 69.00000
318.00000, 67.00000
319.00000, 65.00000
320.00000, 67.00000
328.00000, 69.00000
332.00000, 65.00000
336.00000, 64.00000
344.00000, 62.00000
350.00000, 60.00000
351.00000, 58.00000
352.00000, 60.00000
364.00000, 65.00000
368.00000, 64.00000
374.00000, 62.00000
376.00000, 64.00000
378.00000, 65.00000
380.00000, 67.00000
384.00000, 69.00000
392.00000, 70.00000
396.00000, 69.00000
402.00000, 67.00000
404.00000, 67.00000
412.00000, 66.00000
416.00000, 67.00000
428.00000, 69.00000
432.00000, 69.00000
438.00000, 67.00000
440.00000, 65.00000
444.00000, 69.00000
452.00000, 67.00000
456.00000, 65.00000
462.00000, 64.00000
464.00000, 67.00000
472.00000, 66.00000
476.00000, 67.00000
482.00000, 69.00000
484.00000, 70.00000
occurrence3
88.00000, 69.00000
90.00000, 67.00000
92.00000, 65.00000
96.00000, 70.00000
100.00000, 69.00000
104.00000, 67.00000
106.00000, 65.00000
107.00000, 64.00000
108.00000, 62.00000
110.00000, 67.00000
114.00000, 69.00000
116.00000, 66.00000
118.00000, 64.00000
120.00000, 67.00000
132.00000, 67.00000
136.00000, 70.00000
142.00000, 72.00000
144.00000, 74.00000
148.00000, 75.00000
154.00000, 74.00000
156.00000, 74.00000
164.00000, 73.00000
168.00000, 74.00000
174.00000, 72.00000
176.00000, 69.00000
180.00000, 70.00000
182.00000, 72.00000
186.00000, 74.00000
190.00000, 72.00000
192.00000, 70.00000
194.00000, 69.00000
195.00000, 67.00000
196.00000, 65.00000
200.00000, 70.00000
204.00000, 69.00000
210.00000, 67.00000
212.00000, 65.00000
216.00000, 64.00000
224.00000, 62.00000
228.00000, 65.00000
232.00000, 67.00000
236.00000, 70.00000
242.00000, 67.00000
246.00000, 65.00000
248.00000, 69.00000
252.00000, 70.00000
258.00000, 69.00000
260.00000, 69.00000
264.00000, 74.00000
270.00000, 72.00000
272.00000, 70.00000
276.00000, 69.00000
280.00000, 67.00000
286.00000, 65.00000
287.00000, 64.00000
288.00000, 65.00000
304.00000, 70.00000
312.00000, 69.00000
318.00000, 67.00000
319.00000, 65.00000
320.00000, 67.00000
328.00000, 69.00000
332.00000, 65.00000
336.00000, 64.00000
344.00000, 62.00000
350.00000, 60.00000
351.00000, 58.00000
352.00000, 60.00000
364.00000, 65.00000
368.00000, 64.00000
374.00000, 62.00000
376.00000, 64.00000
378.00000, 65.00000
380.00000, 67.00000
384.00000, 69.00000
392.00000, 70.00000
396.00000, 69.00000
402.00000, 67.00000
404.00000, 67.00000
412.00000, 66.00000
416.00000, 67.00000
428.00000, 69.00000
432.00000, 69.00000
438.00000, 67.00000
440.00000, 65.00000
444.00000, 69.00000
452.00000, 67.00000
456.00000, 65.00000
462.00000, 64.00000
464.00000, 67.00000
472.00000, 66.00000
476.00000, 67.00000
482.00000, 69.00000
484.00000, 70.00000
486.00000, 72.00000
488.00000, 69.00000
occurrence4
176.00000, 69.00000
180.00000, 70.00000
182.00000, 72.00000
186.00000, 74.00000
190.00000, 72.00000
192.00000, 70.00000
194.00000, 69.00000
195.00000, 67.00000
196.00000, 65.00000
200.00000, 70.00000
204.00000, 69.00000
210.00000, 67.00000
212.00000, 65.00000
216.00000, 64.00000
224.00000, 62.00000
228.00000, 65.00000
232.00000, 67.00000
236.00000, 70.00000
242.00000, 67.00000
246.00000, 65.00000
248.00000, 69.00000
252.00000, 70.00000
258.00000, 69.00000
260.00000, 69.00000
264.00000, 74.00000
270.00000, 72.00000
272.00000, 70.00000
276.00000, 69.00000
280.00000, 67.00000
286.00000, 65.00000
287.00000, 64.00000
288.00000, 65.00000
304.00000, 70.00000
312.00000, 69.00000
318.00000, 67.00000
319.00000, 65.00000
320.00000, 67.00000
328.00000, 69.00000
332.00000, 65.00000
336.00000, 64.00000
344.00000, 62.00000
350.00000, 60.00000
351.00000, 58.00000
352.00000, 60.00000
364.00000, 65.00000
368.00000, 64.00000
374.00000, 62.00000
376.00000, 64.00000
378.00000, 65.00000
380.00000, 67.00000
384.00000, 69.00000
392.00000, 70.00000
396.00000, 69.00000
402.00000, 67.00000
404.00000, 67.00000
412.00000, 66.00000
416.00000, 67.00000
428.00000, 69.00000
432.00000, 69.00000
438.00000, 67.00000
440.00000, 65.00000
444.00000, 69.00000
452.00000, 67.00000
456.00000, 65.00000
462.00000, 64.00000
464.00000, 67.00000
472.00000, 66.00000
476.00000, 67.00000
482.00000, 69.00000
484.00000, 70.00000
486.00000, 72.00000
488.00000, 69.00000
496.00000, 65.00000
500.00000, 67.00000
504.00000, 64.00000
510.00000, 60.00000
512.00000, 65.00000
520.00000, 69.00000
528.00000, 67.00000
532.00000, 65.00000
536.00000, 64.00000
544.00000, 69.00000
552.00000, 67.00000
560.00000, 65.00000
564.00000, 62.00000
568.00000, 65.00000
572.00000, 64.00000
576.00000, 69.00000
occurrence5
192.00000, 70.00000
194.00000, 69.00000
195.00000, 67.00000
196.00000, 65.00000
200.00000, 70.00000
204.00000, 69.00000
210.00000, 67.00000
212.00000, 65.00000
216.00000, 64.00000
224.00000, 62.00000
228.00000, 65.00000
232.00000, 67.00000
236.00000, 70.00000
242.00000, 67.00000
246.00000, 65.00000
248.00000, 69.00000
252.00000, 70.00000
258.00000, 69.00000
260.00000, 69.00000
264.00000, 74.00000
270.00000, 72.00000
272.00000, 70.00000
276.00000, 69.00000
280.00000, 67.00000
286.00000, 65.00000
287.00000, 64.00000
288.00000, 65.00000
304.00000, 70.00000
312.00000, 69.00000
318.00000, 67.00000
319.00000, 65.00000
320.00000, 67.00000
328.00000, 69.00000
332.00000, 65.00000
336.00000, 64.00000
344.00000, 62.00000
350.00000, 60.00000
351.00000, 58.00000
352.00000, 60.00000
364.00000, 65.00000
368.00000, 64.00000
374.00000, 62.00000
376.00000, 64.00000
378.00000, 65.00000
380.00000, 67.00000
384.00000, 69.00000
392.00000, 70.00000
396.00000, 69.00000
402.00000, 67.00000
404.00000, 67.00000
412.00000, 66.00000
416.00000, 67.00000
428.00000, 69.00000
432.00000, 69.00000
438.00000, 67.00000
440.00000, 65.00000
444.00000, 69.00000
452.00000, 67.00000
456.00000, 65.00000
462.00000, 64.00000
464.00000, 67.00000
472.00000, 66.00000
476.00000, 67.00000
482.00000, 69.00000
484.00000, 70.00000
486.00000, 72.00000
488.00000, 69.00000
496.00000, 65.00000
500.00000, 67.00000
504.00000, 64.00000
510.00000, 60.00000
512.00000, 65.00000
520.00000, 69.00000
528.00000, 67.00000
532.00000, 65.00000
536.00000, 64.00000
544.00000, 69.00000
552.00000, 67.00000
560.00000, 65.00000
564.00000, 62.00000
568.00000, 65.00000
572.00000, 64.00000
576.00000, 69.00000
582.00000, 67.00000
584.00000, 69.00000
592.00000, 70.00000
occurrence6
242.00000, 67.00000
246.00000, 65.00000
248.00000, 69.00000
252.00000, 70.00000
258.00000, 69.00000
260.00000, 69.00000
264.00000, 74.00000
270.00000, 72.00000
272.00000, 70.00000
276.00000, 69.00000
280.00000, 67.00000
286.00000, 65.00000
287.00000, 64.00000
288.00000, 65.00000
304.00000, 70.00000
312.00000, 69.00000
318.00000, 67.00000
319.00000, 65.00000
320.00000, 67.00000
328.00000, 69.00000
332.00000, 65.00000
336.00000, 64.00000
344.00000, 62.00000
350.00000, 60.00000
351.00000, 58.00000
352.00000, 60.00000
364.00000, 65.00000
368.00000, 64.00000
374.00000, 62.00000
376.00000, 64.00000
378.00000, 65.00000
380.00000, 67.00000
384.00000, 69.00000
392.00000, 70.00000
396.00000, 69.00000
402.00000, 67.00000
404.00000, 67.00000
412.00000, 66.00000
416.00000, 67.00000
428.00000, 69.00000
432.00000, 69.00000
438.00000, 67.00000
440.00000, 65.00000
444.00000, 69.00000
452.00000, 67.00000
456.00000, 65.00000
462.00000, 64.00000
464.00000, 67.00000
472.00000, 66.00000
476.00000, 67.00000
482.00000, 69.00000
484.00000, 70.00000
486.00000, 72.00000
488.00000, 69.00000
496.00000, 65.00000
500.00000, 67.00000
504.00000, 64.00000
510.00000, 60.00000
512.00000, 65.00000
520.00000, 69.00000
528.00000, 67.00000
532.00000, 65.00000
536.00000, 64.00000
544.00000, 69.00000
552.00000, 67.00000
560.00000, 65.00000
564.00000, 62.00000
568.00000, 65.00000
572.00000, 64.00000
576.00000, 69.00000
582.00000, 67.00000
584.00000, 69.00000
592.00000, 70.00000
596.00000, 74.00000
604.00000, 72.00000
608.00000, 74.00000
614.00000, 72.00000
616.00000, 70.00000
618.00000, 69.00000
620.00000, 67.00000
624.00000, 74.00000
630.00000, 72.00000
632.00000, 70.00000
636.00000, 69.00000
642.00000, 67.00000
occurrence7
304.00000, 70.00000
312.00000, 69.00000
318.00000, 67.00000
319.00000, 65.00000
320.00000, 67.00000
328.00000, 69.00000
332.00000, 65.00000
336.00000, 64.00000
344.00000, 62.00000
350.00000, 60.00000
351.00000, 58.00000
352.00000, 60.00000
364.00000, 65.00000
368.00000, 64.00000
374.00000, 62.00000
376.00000, 64.00000
378.00000, 65.00000
380.00000, 67.00000
384.00000, 69.00000
392.00000, 70.00000
396.00000, 69.00000
402.00000, 67.00000
404.00000, 67.00000
412.00000, 66.00000
416.00000, 67.00000
428.00000, 69.00000
432.00000, 69.00000
438.00000, 67.00000
440.00000, 65.00000
444.00000, 69.00000
452.00000, 67.00000
456.00000, 65.00000
462.00000, 64.00000
464.00000, 67.00000
472.00000, 66.00000
476.00000, 67.00000
482.00000, 69.00000
484.00000, 70.00000
486.00000, 72.00000
488.00000, 69.00000
496.00000, 65.00000
500.00000, 67.00000
504.00000, 64.00000
510.00000, 60.00000
512.00000, 65.00000
520.00000, 69.00000
528.00000, 67.00000
532.00000, 65.00000
536.00000, 64.00000
544.00000, 69.00000
552.00000, 67.00000
560.00000, 65.00000
564.00000, 62.00000
568.00000, 65.00000
572.00000, 64.00000
576.00000, 69.00000
582.00000, 67.00000
584.00000, 69.00000
592.00000, 70.00000
596.00000, 74.00000
604.00000, 72.00000
608.00000, 74.00000
614.00000, 72.00000
616.00000, 70.00000
618.00000, 69.00000
620.00000, 67.00000
624.00000, 74.00000
630.00000, 72.00000
632.00000, 70.00000
636.00000, 69.00000
642.00000, 67.00000
644.00000, 67.00000
652.00000, 66.00000
656.00000, 67.00000
668.00000, 67.00000
672.00000, 67.00000
680.00000, 69.00000
692.00000, 69.00000
694.00000, 69.00000
696.00000, 69.00000
700.00000, 69.00000
704.00000, 70.00000
occurrence8
312.00000, 69.00000
318.00000, 67.00000
319.00000, 65.00000
320.00000, 67.00000
328.00000, 69.00000
332.00000, 65.00000
336.00000, 64.00000
344.00000, 62.00000
350.00000, 60.00000
351.00000, 58.00000
352.00000, 60.00000
364.00000, 65.00000
368.00000, 64.00000
374.00000, 62.00000
376.00000, 64.00000
378.00000, 65.00000
380.00000, 67.00000
384.00000, 69.00000
392.00000, 70.00000
396.00000, 69.00000
402.00000, 67.00000
404.00000, 67.00000
412.00000, 66.00000
416.00000, 67.00000
428.00000, 69.00000
432.00000, 69.00000
438.00000, 67.00000
440.00000, 65.00000
444.00000, 69.00000
452.00000, 67.00000
456.00000, 65.00000
462.00000, 64.00000
464.00000, 67.00000
472.00000, 66.00000
476.00000, 67.00000
482.00000, 69.00000
484.00000, 70.00000
486.00000, 72.00000
488.00000, 69.00000
496.00000, 65.00000
500.00000, 67.00000
504.00000, 64.00000
510.00000, 60.00000
512.00000, 65.00000
520.00000, 69.00000
528.00000, 67.00000
532.00000, 65.00000
536.00000, 64.00000
544.00000, 69.00000
552.00000, 67.00000
560.00000, 65.00000
564.00000, 62.00000
568.00000, 65.00000
572.00000, 64.00000
576.00000, 69.00000
582.00000, 67.00000
584.00000, 69.00000
592.00000, 70.00000
596.00000, 74.00000
604.00000, 72.00000
608.00000, 74.00000
614.00000, 72.00000
616.00000, 70.00000
618.00000, 69.00000
620.00000, 67.00000
624.00000, 74.00000
630.00000, 72.00000
632.00000, 70.00000
636.00000, 69.00000
642.00000, 67.00000
644.00000, 67.00000
652.00000, 66.00000
656.00000, 67.00000
668.00000, 67.00000
672.00000, 67.00000
680.00000, 69.00000
692.00000, 69.00000
694.00000, 69.00000
696.00000, 69.00000
700.00000, 69.00000
704.00000, 70.00000
712.00000, 69.00000
pattern12
occurrence1
132.00000, 67.00000
136.00000, 70.00000
142.00000, 72.00000
144.00000, 74.00000
148.00000, 75.00000
154.00000, 74.00000
156.00000, 74.00000
164.00000, 73.00000
168.00000, 74.00000
174.00000, 72.00000
176.00000, 69.00000
180.00000, 70.00000
182.00000, 72.00000
186.00000, 74.00000
190.00000, 72.00000
192.00000, 70.00000
194.00000, 69.00000
195.00000, 67.00000
196.00000, 65.00000
200.00000, 70.00000
204.00000, 69.00000
210.00000, 67.00000
212.00000, 65.00000
216.00000, 64.00000
224.00000, 62.00000
228.00000, 65.00000
232.00000, 67.00000
236.00000, 70.00000
242.00000, 67.00000
246.00000, 65.00000
248.00000, 69.00000
252.00000, 70.00000
258.00000, 69.00000
260.00000, 69.00000
264.00000, 74.00000
occurrence2
564.00000, 62.00000
568.00000, 65.00000
572.00000, 64.00000
576.00000, 69.00000
582.00000, 67.00000
584.00000, 69.00000
592.00000, 70.00000
596.00000, 74.00000
604.00000, 72.00000
608.00000, 74.00000
614.00000, 72.00000
616.00000, 70.00000
618.00000, 69.00000
620.00000, 67.00000
624.00000, 74.00000
630.00000, 72.00000
632.00000, 70.00000
636.00000, 69.00000
642.00000, 67.00000
644.00000, 67.00000
652.00000, 66.00000
656.00000, 67.00000
668.00000, 67.00000
672.00000, 67.00000
680.00000, 69.00000
692.00000, 69.00000
694.00000, 69.00000
696.00000, 69.00000
pattern13
occurrence1
47.00000, 65.00000
48.00000, 67.00000
56.00000, 69.00000
68.00000, 74.00000
74.00000, 72.00000
76.00000, 69.00000
84.00000, 70.00000
88.00000, 69.00000
90.00000, 67.00000
92.00000, 65.00000
96.00000, 70.00000
100.00000, 69.00000
104.00000, 67.00000
106.00000, 65.00000
107.00000, 64.00000
108.00000, 62.00000
110.00000, 67.00000
114.00000, 69.00000
116.00000, 66.00000
118.00000, 64.00000
120.00000, 67.00000
132.00000, 67.00000
136.00000, 70.00000
142.00000, 72.00000
144.00000, 74.00000
148.00000, 75.00000
154.00000, 74.00000
156.00000, 74.00000
164.00000, 73.00000
168.00000, 74.00000
174.00000, 72.00000
176.00000, 69.00000
180.00000, 70.00000
182.00000, 72.00000
186.00000, 74.00000
190.00000, 72.00000
192.00000, 70.00000
194.00000, 69.00000
195.00000, 67.00000
196.00000, 65.00000
200.00000, 70.00000
204.00000, 69.00000
210.00000, 67.00000
212.00000, 65.00000
216.00000, 64.00000
224.00000, 62.00000
228.00000, 65.00000
232.00000, 67.00000
236.00000, 70.00000
242.00000, 67.00000
246.00000, 65.00000
248.00000, 69.00000
252.00000, 70.00000
258.00000, 69.00000
260.00000, 69.00000
264.00000, 74.00000
270.00000, 72.00000
272.00000, 70.00000
276.00000, 69.00000
280.00000, 67.00000
286.00000, 65.00000
287.00000, 64.00000
288.00000, 65.00000
304.00000, 70.00000
312.00000, 69.00000
318.00000, 67.00000
319.00000, 65.00000
320.00000, 67.00000
328.00000, 69.00000
332.00000, 65.00000
336.00000, 64.00000
344.00000, 62.00000
350.00000, 60.00000
351.00000, 58.00000
352.00000, 60.00000
364.00000, 65.00000
368.00000, 64.00000
374.00000, 62.00000
376.00000, 64.00000
378.00000, 65.00000
380.00000, 67.00000
384.00000, 69.00000
392.00000, 70.00000
396.00000, 69.00000
402.00000, 67.00000
404.00000, 67.00000
412.00000, 66.00000
416.00000, 67.00000
428.00000, 69.00000
432.00000, 69.00000
438.00000, 67.00000
440.00000, 65.00000
444.00000, 69.00000
452.00000, 67.00000
456.00000, 65.00000
462.00000, 64.00000
464.00000, 67.00000
472.00000, 66.00000
476.00000, 67.00000
482.00000, 69.00000
484.00000, 70.00000
486.00000, 72.00000
488.00000, 69.00000
496.00000, 65.00000
500.00000, 67.00000
504.00000, 64.00000
510.00000, 60.00000
512.00000, 65.00000
520.00000, 69.00000
528.00000, 67.00000
532.00000, 65.00000
536.00000, 64.00000
544.00000, 69.00000
552.00000, 67.00000
560.00000, 65.00000
564.00000, 62.00000
568.00000, 65.00000
572.00000, 64.00000
576.00000, 69.00000
582.00000, 67.00000
584.00000, 69.00000
592.00000, 70.00000
596.00000, 74.00000
604.00000, 72.00000
608.00000, 74.00000
614.00000, 72.00000
616.00000, 70.00000
618.00000, 69.00000
620.00000, 67.00000
624.00000, 74.00000
630.00000, 72.00000
632.00000, 70.00000
636.00000, 69.00000
642.00000, 67.00000
644.00000, 67.00000
652.00000, 66.00000
656.00000, 67.00000
668.00000, 67.00000
672.00000, 67.00000
680.00000, 69.00000
692.00000, 69.00000
694.00000, 69.00000
696.00000, 69.00000
700.00000, 69.00000
