pattern1
occurrence1
16.00000, 72.00000
22.00000, 71.00000
23.00000, 69.00000
24.00000, 72.00000
occurrence2
52.00000, 65.00000
58.00000, 64.00000
59.00000, 62.00000
60.00000, 65.00000
occurrence3
128.00000, 60.00000
134.00000, 59.00000
135.00000, 57.00000
136.00000, 60.00000
occurrence4
160.00000, 60.00000
166.00000, 59.00000
167.00000, 57.00000
168.00000, 60.00000
occurrence5
180.00000, 60.00000
181.00000, 62.00000
182.00000, 60.00000
186.00000, 59.00000
187.00000, 57.00000
188.00000, 60.00000
occurrence6
260.00000, 67.00000
261.00000, 69.00000
262.00000, 67.00000
266.00000, 65.00000
267.00000, 64.00000
268.00000, 67.00000
occurrence7
284.00000, 67.00000
290.00000, 65.00000
291.00000, 64.00000
292.00000, 67.00000
occurrence8
308.00000, 67.00000
314.00000, 65.00000
315.00000, 64.00000
316.00000, 67.00000
occurrence9
324.00000, 67.00000
330.00000, 65.00000
331.00000, 64.00000
332.00000, 67.00000
occurrence10
688.00000, 70.00000
694.00000, 69.00000
695.00000, 67.00000
696.00000, 70.00000
pattern2
occurrence1
176.00000, 57.00000
179.00000, 59.00000
180.00000, 60.00000
181.00000, 62.00000
182.00000, 60.00000
occurrence2
256.00000, 64.00000
259.00000, 65.00000
260.00000, 67.00000
261.00000, 69.00000
262.00000, 67.00000
occurrence3
352.00000, 65.00000
355.00000, 67.00000
356.00000, 69.00000
357.00000, 70.00000
358.00000, 69.00000
occurrence4
368.00000, 67.00000
371.00000, 69.00000
372.00000, 71.00000
373.00000, 72.00000
374.00000, 71.00000
occurrence5
928.00000, 69.00000
931.00000, 71.00000
932.00000, 72.00000
933.00000, 74.00000
934.00000, 72.00000
pattern3
occurrence1
16.00000, 72.00000
22.00000, 71.00000
23.00000, 69.00000
24.00000, 72.00000
27.00000, 71.00000
occurrence2
52.00000, 65.00000
58.00000, 64.00000
59.00000, 62.00000
60.00000, 65.00000
63.00000, 64.00000
occurrence3
416.00000, 67.00000
422.00000, 65.00000
423.00000, 64.00000
424.00000, 64.00000
427.00000, 65.00000
occurrence4
517.00000, 67.00000
518.00000, 69.00000
522.00000, 67.00000
523.00000, 65.00000
524.00000, 64.00000
528.00000, 65.00000
occurrence5
949.00000, 67.00000
950.00000, 70.00000
953.00000, 69.00000
954.00000, 67.00000
955.00000, 65.00000
956.00000, 64.00000
959.00000, 62.00000
960.00000, 65.00000
pattern4
occurrence1
180.00000, 60.00000
181.00000, 62.00000
182.00000, 60.00000
186.00000, 59.00000
187.00000, 57.00000
188.00000, 60.00000
191.00000, 62.00000
192.00000, 64.00000
212.00000, 60.00000
224.00000, 62.00000
230.00000, 64.00000
232.00000, 65.00000
256.00000, 64.00000
occurrence2
260.00000, 67.00000
261.00000, 69.00000
262.00000, 67.00000
266.00000, 65.00000
267.00000, 64.00000
268.00000, 67.00000
272.00000, 60.00000
276.00000, 67.00000
284.00000, 67.00000
290.00000, 65.00000
291.00000, 64.00000
292.00000, 67.00000
296.00000, 60.00000
300.00000, 67.00000
308.00000, 67.00000
314.00000, 65.00000
315.00000, 64.00000
316.00000, 67.00000
319.00000, 69.00000
320.00000, 71.00000
322.00000, 64.00000
324.00000, 67.00000
330.00000, 65.00000
331.00000, 64.00000
332.00000, 67.00000
335.00000, 69.00000
336.00000, 71.00000
occurrence3
852.00000, 65.00000
858.00000, 64.00000
859.00000, 62.00000
860.00000, 62.00000
868.00000, 61.00000
872.00000, 62.00000
884.00000, 62.00000
890.00000, 60.00000
891.00000, 59.00000
892.00000, 60.00000
896.00000, 62.00000
900.00000, 60.00000
904.00000, 65.00000
910.00000, 64.00000
912.00000, 62.00000
916.00000, 60.00000
924.00000, 67.00000
928.00000, 69.00000
occurrence4
884.00000, 62.00000
890.00000, 60.00000
891.00000, 59.00000
892.00000, 60.00000
896.00000, 62.00000
900.00000, 60.00000
904.00000, 65.00000
910.00000, 64.00000
912.00000, 62.00000
916.00000, 60.00000
924.00000, 67.00000
928.00000, 69.00000
931.00000, 71.00000
932.00000, 72.00000
933.00000, 74.00000
934.00000, 72.00000
937.00000, 71.00000
938.00000, 69.00000
939.00000, 67.00000
940.00000, 69.00000
942.00000, 65.00000
944.00000, 67.00000
946.00000, 69.00000
949.00000, 67.00000
950.00000, 70.00000
953.00000, 69.00000
954.00000, 67.00000
955.00000, 65.00000
956.00000, 64.00000
959.00000, 62.00000
960.00000, 65.00000
pattern5
occurrence1
128.00000, 60.00000
134.00000, 59.00000
135.00000, 57.00000
136.00000, 60.00000
139.00000, 62.00000
140.00000, 64.00000
148.00000, 57.00000
152.00000, 57.00000
156.00000, 57.00000
160.00000, 60.00000
166.00000, 59.00000
167.00000, 57.00000
168.00000, 60.00000
171.00000, 62.00000
172.00000, 64.00000
176.00000, 57.00000
179.00000, 59.00000
180.00000, 60.00000
181.00000, 62.00000
182.00000, 60.00000
186.00000, 59.00000
187.00000, 57.00000
188.00000, 60.00000
191.00000, 62.00000
192.00000, 64.00000
212.00000, 60.00000
224.00000, 62.00000
230.00000, 64.00000
232.00000, 65.00000
256.00000, 64.00000
259.00000, 65.00000
260.00000, 67.00000
261.00000, 69.00000
262.00000, 67.00000
266.00000, 65.00000
267.00000, 64.00000
268.00000, 67.00000
272.00000, 60.00000
276.00000, 67.00000
284.00000, 67.00000
290.00000, 65.00000
291.00000, 64.00000
292.00000, 67.00000
296.00000, 60.00000
occurrence2
260.00000, 67.00000
261.00000, 69.00000
262.00000, 67.00000
266.00000, 65.00000
267.00000, 64.00000
268.00000, 67.00000
272.00000, 60.00000
276.00000, 67.00000
284.00000, 67.00000
290.00000, 65.00000
291.00000, 64.00000
292.00000, 67.00000
296.00000, 60.00000
300.00000, 67.00000
308.00000, 67.00000
314.00000, 65.00000
315.00000, 64.00000
316.00000, 67.00000
319.00000, 69.00000
320.00000, 71.00000
322.00000, 64.00000
324.00000, 67.00000
330.00000, 65.00000
331.00000, 64.00000
332.00000, 67.00000
335.00000, 69.00000
336.00000, 71.00000
339.00000, 69.00000
340.00000, 71.00000
342.00000, 72.00000
344.00000, 71.00000
346.00000, 67.00000
350.00000, 65.00000
351.00000, 64.00000
352.00000, 65.00000
355.00000, 67.00000
356.00000, 69.00000
357.00000, 70.00000
358.00000, 69.00000
361.00000, 67.00000
362.00000, 67.00000
366.00000, 65.00000
368.00000, 67.00000
371.00000, 69.00000
372.00000, 71.00000
373.00000, 72.00000
374.00000, 71.00000
377.00000, 69.00000
378.00000, 69.00000
382.00000, 68.00000
384.00000, 69.00000
400.00000, 67.00000
406.00000, 67.00000
408.00000, 67.00000
412.00000, 67.00000
416.00000, 67.00000
422.00000, 65.00000
423.00000, 64.00000
424.00000, 64.00000
427.00000, 65.00000
428.00000, 67.00000
occurrence3
516.00000, 69.00000
517.00000, 67.00000
518.00000, 69.00000
522.00000, 67.00000
523.00000, 65.00000
524.00000, 64.00000
528.00000, 65.00000
531.00000, 67.00000
532.00000, 69.00000
534.00000, 70.00000
537.00000, 69.00000
538.00000, 67.00000
539.00000, 65.00000
540.00000, 64.00000
544.00000, 65.00000
550.00000, 67.00000
552.00000, 69.00000
556.00000, 70.00000
562.00000, 69.00000
564.00000, 67.00000
566.00000, 65.00000
568.00000, 64.00000
570.00000, 60.00000
572.00000, 62.00000
576.00000, 60.00000
598.00000, 60.00000
600.00000, 62.00000
602.00000, 60.00000
604.00000, 65.00000
610.00000, 60.00000
612.00000, 62.00000
614.00000, 60.00000
616.00000, 65.00000
618.00000, 67.00000
620.00000, 69.00000
626.00000, 60.00000
628.00000, 62.00000
630.00000, 60.00000
632.00000, 65.00000
634.00000, 67.00000
636.00000, 69.00000
638.00000, 71.00000
640.00000, 72.00000
646.00000, 60.00000
648.00000, 62.00000
650.00000, 60.00000
652.00000, 65.00000
656.00000, 67.00000
662.00000, 69.00000
664.00000, 70.00000
668.00000, 69.00000
676.00000, 65.00000
680.00000, 67.00000
684.00000, 69.00000
occurrence4
532.00000, 69.00000
534.00000, 70.00000
537.00000, 69.00000
538.00000, 67.00000
539.00000, 65.00000
540.00000, 64.00000
544.00000, 65.00000
550.00000, 67.00000
552.00000, 69.00000
556.00000, 70.00000
562.00000, 69.00000
564.00000, 67.00000
566.00000, 65.00000
568.00000, 64.00000
570.00000, 60.00000
572.00000, 62.00000
576.00000, 60.00000
598.00000, 60.00000
600.00000, 62.00000
602.00000, 60.00000
604.00000, 65.00000
610.00000, 60.00000
612.00000, 62.00000
614.00000, 60.00000
616.00000, 65.00000
618.00000, 67.00000
620.00000, 69.00000
626.00000, 60.00000
628.00000, 62.00000
630.00000, 60.00000
632.00000, 65.00000
634.00000, 67.00000
636.00000, 69.00000
638.00000, 71.00000
640.00000, 72.00000
646.00000, 60.00000
648.00000, 62.00000
650.00000, 60.00000
652.00000, 65.00000
656.00000, 67.00000
662.00000, 69.00000
664.00000, 70.00000
668.00000, 69.00000
676.00000, 65.00000
680.00000, 67.00000
684.00000, 69.00000
688.00000, 70.00000
694.00000, 69.00000
695.00000, 67.00000
696.00000, 70.00000
700.00000, 69.00000
pattern6
occurrence1
16.00000, 72.00000
22.00000, 71.00000
23.00000, 69.00000
24.00000, 72.00000
27.00000, 71.00000
28.00000, 67.00000
34.00000, 69.00000
38.00000, 67.00000
39.00000, 65.00000
40.00000, 64.00000
occurrence2
52.00000, 65.00000
58.00000, 64.00000
59.00000, 62.00000
60.00000, 65.00000
63.00000, 64.00000
64.00000, 60.00000
70.00000, 62.00000
74.00000, 60.00000
75.00000, 59.00000
76.00000, 57.00000
occurrence3
932.00000, 72.00000
933.00000, 74.00000
934.00000, 72.00000
937.00000, 71.00000
938.00000, 69.00000
939.00000, 67.00000
940.00000, 69.00000
942.00000, 65.00000
944.00000, 67.00000
946.00000, 69.00000
949.00000, 67.00000
950.00000, 70.00000
953.00000, 69.00000
954.00000, 67.00000
955.00000, 65.00000
956.00000, 64.00000
pattern7
occurrence1
230.00000, 64.00000
232.00000, 65.00000
256.00000, 64.00000
259.00000, 65.00000
260.00000, 67.00000
261.00000, 69.00000
262.00000, 67.00000
266.00000, 65.00000
267.00000, 64.00000
268.00000, 67.00000
272.00000, 60.00000
occurrence2
382.00000, 68.00000
384.00000, 69.00000
400.00000, 67.00000
406.00000, 67.00000
408.00000, 67.00000
412.00000, 67.00000
416.00000, 67.00000
422.00000, 65.00000
423.00000, 64.00000
424.00000, 64.00000
occurrence3
638.00000, 71.00000
640.00000, 72.00000
646.00000, 60.00000
648.00000, 62.00000
650.00000, 60.00000
652.00000, 65.00000
656.00000, 67.00000
662.00000, 69.00000
664.00000, 70.00000
668.00000, 69.00000
676.00000, 65.00000
680.00000, 67.00000
pattern8
occurrence1
570.00000, 60.00000
572.00000, 62.00000
576.00000, 60.00000
598.00000, 60.00000
600.00000, 62.00000
602.00000, 60.00000
604.00000, 65.00000
610.00000, 60.00000
612.00000, 62.00000
614.00000, 60.00000
616.00000, 65.00000
618.00000, 67.00000
620.00000, 69.00000
626.00000, 60.00000
628.00000, 62.00000
630.00000, 60.00000
632.00000, 65.00000
634.00000, 67.00000
636.00000, 69.00000
occurrence2
572.00000, 62.00000
576.00000, 60.00000
598.00000, 60.00000
600.00000, 62.00000
602.00000, 60.00000
604.00000, 65.00000
610.00000, 60.00000
612.00000, 62.00000
614.00000, 60.00000
616.00000, 65.00000
618.00000, 67.00000
620.00000, 69.00000
626.00000, 60.00000
628.00000, 62.00000
630.00000, 60.00000
632.00000, 65.00000
634.00000, 67.00000
636.00000, 69.00000
638.00000, 71.00000
occurrence3
602.00000, 60.00000
604.00000, 65.00000
610.00000, 60.00000
612.00000, 62.00000
614.00000, 60.00000
616.00000, 65.00000
618.00000, 67.00000
620.00000, 69.00000
626.00000, 60.00000
628.00000, 62.00000
630.00000, 60.00000
632.00000, 65.00000
634.00000, 67.00000
636.00000, 69.00000
638.00000, 71.00000
640.00000, 72.00000
646.00000, 60.00000
648.00000, 62.00000
650.00000, 60.00000
652.00000, 65.00000
656.00000, 67.00000
662.00000, 69.00000
664.00000, 70.00000
668.00000, 69.00000
occurrence4
884.00000, 62.00000
890.00000, 60.00000
891.00000, 59.00000
892.00000, 60.00000
896.00000, 62.00000
900.00000, 60.00000
904.00000, 65.00000
910.00000, 64.00000
912.00000, 62.00000
916.00000, 60.00000
924.00000, 67.00000
928.00000, 69.00000
931.00000, 71.00000
932.00000, 72.00000
933.00000, 74.00000
934.00000, 72.00000
937.00000, 71.00000
938.00000, 69.00000
939.00000, 67.00000
940.00000, 69.00000
942.00000, 65.00000
944.00000, 67.00000
946.00000, 69.00000
949.00000, 67.00000
950.00000, 70.00000
pattern9
occurrence1
64.00000, 60.00000
70.00000, 62.00000
74.00000, 60.00000
75.00000, 59.00000
76.00000, 57.00000
82.00000, 57.00000
86.00000, 55.00000
87.00000, 53.00000
88.00000, 57.00000
91.00000, 59.00000
92.00000, 60.00000
98.00000, 62.00000
100.00000, 64.00000
102.00000, 65.00000
106.00000, 64.00000
107.00000, 62.00000
108.00000, 60.00000
116.00000, 62.00000
128.00000, 60.00000
134.00000, 59.00000
135.00000, 57.00000
136.00000, 60.00000
occurrence2
76.00000, 57.00000
82.00000, 57.00000
86.00000, 55.00000
87.00000, 53.00000
88.00000, 57.00000
91.00000, 59.00000
92.00000, 60.00000
98.00000, 62.00000
100.00000, 64.00000
102.00000, 65.00000
106.00000, 64.00000
107.00000, 62.00000
108.00000, 60.00000
116.00000, 62.00000
128.00000, 60.00000
134.00000, 59.00000
135.00000, 57.00000
136.00000, 60.00000
139.00000, 62.00000
140.00000, 64.00000
148.00000, 57.00000
occurrence3
100.00000, 64.00000
102.00000, 65.00000
106.00000, 64.00000
107.00000, 62.00000
108.00000, 60.00000
116.00000, 62.00000
128.00000, 60.00000
134.00000, 59.00000
135.00000, 57.00000
136.00000, 60.00000
139.00000, 62.00000
140.00000, 64.00000
148.00000, 57.00000
152.00000, 57.00000
156.00000, 57.00000
160.00000, 60.00000
166.00000, 59.00000
167.00000, 57.00000
168.00000, 60.00000
171.00000, 62.00000
172.00000, 64.00000
occurrence4
108.00000, 60.00000
116.00000, 62.00000
128.00000, 60.00000
134.00000, 59.00000
135.00000, 57.00000
136.00000, 60.00000
139.00000, 62.00000
140.00000, 64.00000
148.00000, 57.00000
152.00000, 57.00000
156.00000, 57.00000
160.00000, 60.00000
166.00000, 59.00000
167.00000, 57.00000
168.00000, 60.00000
171.00000, 62.00000
172.00000, 64.00000
176.00000, 57.00000
179.00000, 59.00000
180.00000, 60.00000
occurrence5
260.00000, 67.00000
261.00000, 69.00000
262.00000, 67.00000
266.00000, 65.00000
267.00000, 64.00000
268.00000, 67.00000
272.00000, 60.00000
276.00000, 67.00000
284.00000, 67.00000
290.00000, 65.00000
291.00000, 64.00000
292.00000, 67.00000
296.00000, 60.00000
300.00000, 67.00000
308.00000, 67.00000
314.00000, 65.00000
315.00000, 64.00000
316.00000, 67.00000
319.00000, 69.00000
320.00000, 71.00000
322.00000, 64.00000
324.00000, 67.00000
330.00000, 65.00000
331.00000, 64.00000
332.00000, 67.00000
occurrence6
350.00000, 65.00000
351.00000, 64.00000
352.00000, 65.00000
355.00000, 67.00000
356.00000, 69.00000
357.00000, 70.00000
358.00000, 69.00000
361.00000, 67.00000
362.00000, 67.00000
366.00000, 65.00000
368.00000, 67.00000
371.00000, 69.00000
372.00000, 71.00000
373.00000, 72.00000
374.00000, 71.00000
377.00000, 69.00000
378.00000, 69.00000
382.00000, 68.00000
384.00000, 69.00000
400.00000, 67.00000
406.00000, 67.00000
408.00000, 67.00000
412.00000, 67.00000
416.00000, 67.00000
422.00000, 65.00000
occurrence7
351.00000, 64.00000
352.00000, 65.00000
355.00000, 67.00000
356.00000, 69.00000
357.00000, 70.00000
358.00000, 69.00000
361.00000, 67.00000
362.00000, 67.00000
366.00000, 65.00000
368.00000, 67.00000
371.00000, 69.00000
372.00000, 71.00000
373.00000, 72.00000
374.00000, 71.00000
377.00000, 69.00000
378.00000, 69.00000
382.00000, 68.00000
384.00000, 69.00000
400.00000, 67.00000
406.00000, 67.00000
408.00000, 67.00000
412.00000, 67.00000
416.00000, 67.00000
422.00000, 65.00000
423.00000, 64.00000
occurrence8
358.00000, 69.00000
361.00000, 67.00000
362.00000, 67.00000
366.00000, 65.00000
368.00000, 67.00000
371.00000, 69.00000
372.00000, 71.00000
373.00000, 72.00000
374.00000, 71.00000
377.00000, 69.00000
378.00000, 69.00000
382.00000, 68.00000
384.00000, 69.00000
400.00000, 67.00000
406.00000, 67.00000
408.00000, 67.00000
412.00000, 67.00000
416.00000, 67.00000
422.00000, 65.00000
423.00000, 64.00000
424.00000, 64.00000
427.00000, 65.00000
428.00000, 67.00000
430.00000, 69.00000
occurrence9
362.00000, 67.00000
366.00000, 65.00000
368.00000, 67.00000
371.00000, 69.00000
372.00000, 71.00000
373.00000, 72.00000
374.00000, 71.00000
377.00000, 69.00000
378.00000, 69.00000
382.00000, 68.00000
384.00000, 69.00000
400.00000, 67.00000
406.00000, 67.00000
408.00000, 67.00000
412.00000, 67.00000
416.00000, 67.00000
422.00000, 65.00000
423.00000, 64.00000
424.00000, 64.00000
427.00000, 65.00000
428.00000, 67.00000
430.00000, 69.00000
434.00000, 67.00000
occurrence10
372.00000, 71.00000
373.00000, 72.00000
374.00000, 71.00000
377.00000, 69.00000
378.00000, 69.00000
382.00000, 68.00000
384.00000, 69.00000
400.00000, 67.00000
406.00000, 67.00000
408.00000, 67.00000
412.00000, 67.00000
416.00000, 67.00000
422.00000, 65.00000
423.00000, 64.00000
424.00000, 64.00000
427.00000, 65.00000
428.00000, 67.00000
430.00000, 69.00000
434.00000, 67.00000
435.00000, 65.00000
436.00000, 70.00000
438.00000, 69.00000
442.00000, 67.00000
443.00000, 65.00000
444.00000, 70.00000
occurrence11
446.00000, 69.00000
450.00000, 67.00000
451.00000, 65.00000
452.00000, 64.00000
454.00000, 72.00000
457.00000, 71.00000
458.00000, 67.00000
460.00000, 69.00000
463.00000, 67.00000
464.00000, 64.00000
512.00000, 72.00000
515.00000, 71.00000
516.00000, 69.00000
517.00000, 67.00000
518.00000, 69.00000
occurrence12
450.00000, 67.00000
451.00000, 65.00000
452.00000, 64.00000
454.00000, 72.00000
457.00000, 71.00000
458.00000, 67.00000
460.00000, 69.00000
463.00000, 67.00000
464.00000, 64.00000
512.00000, 72.00000
515.00000, 71.00000
516.00000, 69.00000
517.00000, 67.00000
518.00000, 69.00000
522.00000, 67.00000
occurrence13
451.00000, 65.00000
452.00000, 64.00000
454.00000, 72.00000
457.00000, 71.00000
458.00000, 67.00000
460.00000, 69.00000
463.00000, 67.00000
464.00000, 64.00000
512.00000, 72.00000
515.00000, 71.00000
516.00000, 69.00000
517.00000, 67.00000
518.00000, 69.00000
522.00000, 67.00000
523.00000, 65.00000
occurrence14
452.00000, 64.00000
454.00000, 72.00000
457.00000, 71.00000
458.00000, 67.00000
460.00000, 69.00000
463.00000, 67.00000
464.00000, 64.00000
512.00000, 72.00000
515.00000, 71.00000
516.00000, 69.00000
517.00000, 67.00000
518.00000, 69.00000
522.00000, 67.00000
523.00000, 65.00000
524.00000, 64.00000
occurrence15
460.00000, 69.00000
463.00000, 67.00000
464.00000, 64.00000
512.00000, 72.00000
515.00000, 71.00000
516.00000, 69.00000
517.00000, 67.00000
518.00000, 69.00000
522.00000, 67.00000
523.00000, 65.00000
524.00000, 64.00000
528.00000, 65.00000
531.00000, 67.00000
532.00000, 69.00000
occurrence16
544.00000, 65.00000
550.00000, 67.00000
552.00000, 69.00000
556.00000, 70.00000
562.00000, 69.00000
564.00000, 67.00000
566.00000, 65.00000
568.00000, 64.00000
570.00000, 60.00000
572.00000, 62.00000
576.00000, 60.00000
598.00000, 60.00000
600.00000, 62.00000
602.00000, 60.00000
604.00000, 65.00000
610.00000, 60.00000
612.00000, 62.00000
614.00000, 60.00000
616.00000, 65.00000
occurrence17
604.00000, 65.00000
610.00000, 60.00000
612.00000, 62.00000
614.00000, 60.00000
616.00000, 65.00000
618.00000, 67.00000
620.00000, 69.00000
626.00000, 60.00000
628.00000, 62.00000
630.00000, 60.00000
632.00000, 65.00000
634.00000, 67.00000
636.00000, 69.00000
638.00000, 71.00000
640.00000, 72.00000
646.00000, 60.00000
648.00000, 62.00000
650.00000, 60.00000
652.00000, 65.00000
656.00000, 67.00000
662.00000, 69.00000
664.00000, 70.00000
668.00000, 69.00000
676.00000, 65.00000
occurrence18
638.00000, 71.00000
640.00000, 72.00000
646.00000, 60.00000
648.00000, 62.00000
650.00000, 60.00000
652.00000, 65.00000
656.00000, 67.00000
662.00000, 69.00000
664.00000, 70.00000
668.00000, 69.00000
676.00000, 65.00000
680.00000, 67.00000
684.00000, 69.00000
688.00000, 70.00000
694.00000, 69.00000
695.00000, 67.00000
696.00000, 70.00000
700.00000, 69.00000
706.00000, 65.00000
708.00000, 67.00000
710.00000, 70.00000
occurrence19
812.00000, 62.00000
816.00000, 64.00000
824.00000, 65.00000
828.00000, 67.00000
834.00000, 65.00000
836.00000, 64.00000
838.00000, 62.00000
840.00000, 60.00000
842.00000, 59.00000
844.00000, 57.00000
846.00000, 55.00000
848.00000, 53.00000
852.00000, 65.00000
858.00000, 64.00000
859.00000, 62.00000
860.00000, 62.00000
868.00000, 61.00000
872.00000, 62.00000
884.00000, 62.00000
pattern10
occurrence1
156.00000, 57.00000
160.00000, 60.00000
166.00000, 59.00000
167.00000, 57.00000
168.00000, 60.00000
171.00000, 62.00000
172.00000, 64.00000
176.00000, 57.00000
179.00000, 59.00000
180.00000, 60.00000
occurrence2
168.00000, 60.00000
171.00000, 62.00000
172.00000, 64.00000
176.00000, 57.00000
179.00000, 59.00000
180.00000, 60.00000
181.00000, 62.00000
182.00000, 60.00000
186.00000, 59.00000
187.00000, 57.00000
188.00000, 60.00000
191.00000, 62.00000
192.00000, 64.00000
occurrence3
316.00000, 67.00000
319.00000, 69.00000
320.00000, 71.00000
322.00000, 64.00000
324.00000, 67.00000
330.00000, 65.00000
331.00000, 64.00000
332.00000, 67.00000
335.00000, 69.00000
336.00000, 71.00000
339.00000, 69.00000
340.00000, 71.00000
occurrence4
322.00000, 64.00000
324.00000, 67.00000
330.00000, 65.00000
331.00000, 64.00000
332.00000, 67.00000
335.00000, 69.00000
336.00000, 71.00000
339.00000, 69.00000
340.00000, 71.00000
342.00000, 72.00000
344.00000, 71.00000
346.00000, 67.00000
occurrence5
331.00000, 64.00000
332.00000, 67.00000
335.00000, 69.00000
336.00000, 71.00000
339.00000, 69.00000
340.00000, 71.00000
342.00000, 72.00000
344.00000, 71.00000
346.00000, 67.00000
350.00000, 65.00000
351.00000, 64.00000
352.00000, 65.00000
355.00000, 67.00000
occurrence6
412.00000, 67.00000
416.00000, 67.00000
422.00000, 65.00000
423.00000, 64.00000
424.00000, 64.00000
427.00000, 65.00000
428.00000, 67.00000
430.00000, 69.00000
434.00000, 67.00000
435.00000, 65.00000
436.00000, 70.00000
occurrence7
422.00000, 65.00000
423.00000, 64.00000
424.00000, 64.00000
427.00000, 65.00000
428.00000, 67.00000
430.00000, 69.00000
434.00000, 67.00000
435.00000, 65.00000
436.00000, 70.00000
438.00000, 69.00000
442.00000, 67.00000
443.00000, 65.00000
444.00000, 70.00000
446.00000, 69.00000
occurrence8
430.00000, 69.00000
434.00000, 67.00000
435.00000, 65.00000
436.00000, 70.00000
438.00000, 69.00000
442.00000, 67.00000
443.00000, 65.00000
444.00000, 70.00000
446.00000, 69.00000
450.00000, 67.00000
451.00000, 65.00000
452.00000, 64.00000
454.00000, 72.00000
occurrence9
528.00000, 65.00000
531.00000, 67.00000
532.00000, 69.00000
534.00000, 70.00000
537.00000, 69.00000
538.00000, 67.00000
539.00000, 65.00000
540.00000, 64.00000
544.00000, 65.00000
550.00000, 67.00000
552.00000, 69.00000
occurrence10
540.00000, 64.00000
544.00000, 65.00000
550.00000, 67.00000
552.00000, 69.00000
556.00000, 70.00000
562.00000, 69.00000
564.00000, 67.00000
occurrence11
628.00000, 62.00000
630.00000, 60.00000
632.00000, 65.00000
634.00000, 67.00000
636.00000, 69.00000
638.00000, 71.00000
640.00000, 72.00000
646.00000, 60.00000
648.00000, 62.00000
650.00000, 60.00000
652.00000, 65.00000
occurrence12
676.00000, 65.00000
680.00000, 67.00000
684.00000, 69.00000
688.00000, 70.00000
694.00000, 69.00000
695.00000, 67.00000
696.00000, 70.00000
700.00000, 69.00000
occurrence13
752.00000, 62.00000
760.00000, 64.00000
776.00000, 65.00000
occurrence14
760.00000, 64.00000
776.00000, 65.00000
784.00000, 67.00000
occurrence15
844.00000, 57.00000
846.00000, 55.00000
848.00000, 53.00000
852.00000, 65.00000
858.00000, 64.00000
859.00000, 62.00000
860.00000, 62.00000
868.00000, 61.00000
occurrence16
904.00000, 65.00000
910.00000, 64.00000
912.00000, 62.00000
916.00000, 60.00000
924.00000, 67.00000
928.00000, 69.00000
pattern11
occurrence1
82.00000, 57.00000
86.00000, 55.00000
87.00000, 53.00000
88.00000, 57.00000
91.00000, 59.00000
92.00000, 60.00000
98.00000, 62.00000
100.00000, 64.00000
102.00000, 65.00000
106.00000, 64.00000
107.00000, 62.00000
108.00000, 60.00000
116.00000, 62.00000
128.00000, 60.00000
134.00000, 59.00000
135.00000, 57.00000
136.00000, 60.00000
139.00000, 62.00000
140.00000, 64.00000
148.00000, 57.00000
152.00000, 57.00000
156.00000, 57.00000
occurrence2
107.00000, 62.00000
108.00000, 60.00000
116.00000, 62.00000
128.00000, 60.00000
134.00000, 59.00000
135.00000, 57.00000
136.00000, 60.00000
139.00000, 62.00000
140.00000, 64.00000
148.00000, 57.00000
152.00000, 57.00000
156.00000, 57.00000
160.00000, 60.00000
166.00000, 59.00000
167.00000, 57.00000
168.00000, 60.00000
171.00000, 62.00000
172.00000, 64.00000
176.00000, 57.00000
179.00000, 59.00000
180.00000, 60.00000
181.00000, 62.00000
occurrence3
108.00000, 60.00000
116.00000, 62.00000
128.00000, 60.00000
134.00000, 59.00000
135.00000, 57.00000
136.00000, 60.00000
139.00000, 62.00000
140.00000, 64.00000
148.00000, 57.00000
152.00000, 57.00000
156.00000, 57.00000
160.00000, 60.00000
166.00000, 59.00000
167.00000, 57.00000
168.00000, 60.00000
171.00000, 62.00000
172.00000, 64.00000
176.00000, 57.00000
179.00000, 59.00000
180.00000, 60.00000
181.00000, 62.00000
182.00000, 60.00000
occurrence4
261.00000, 69.00000
262.00000, 67.00000
266.00000, 65.00000
267.00000, 64.00000
268.00000, 67.00000
272.00000, 60.00000
276.00000, 67.00000
284.00000, 67.00000
290.00000, 65.00000
291.00000, 64.00000
292.00000, 67.00000
296.00000, 60.00000
300.00000, 67.00000
308.00000, 67.00000
314.00000, 65.00000
315.00000, 64.00000
316.00000, 67.00000
319.00000, 69.00000
320.00000, 71.00000
322.00000, 64.00000
324.00000, 67.00000
330.00000, 65.00000
331.00000, 64.00000
332.00000, 67.00000
335.00000, 69.00000
occurrence5
308.00000, 67.00000
314.00000, 65.00000
315.00000, 64.00000
316.00000, 67.00000
319.00000, 69.00000
320.00000, 71.00000
322.00000, 64.00000
324.00000, 67.00000
330.00000, 65.00000
331.00000, 64.00000
332.00000, 67.00000
335.00000, 69.00000
336.00000, 71.00000
339.00000, 69.00000
340.00000, 71.00000
342.00000, 72.00000
344.00000, 71.00000
346.00000, 67.00000
350.00000, 65.00000
351.00000, 64.00000
352.00000, 65.00000
355.00000, 67.00000
356.00000, 69.00000
357.00000, 70.00000
358.00000, 69.00000
361.00000, 67.00000
362.00000, 67.00000
366.00000, 65.00000
368.00000, 67.00000
371.00000, 69.00000
372.00000, 71.00000
373.00000, 72.00000
374.00000, 71.00000
377.00000, 69.00000
378.00000, 69.00000
382.00000, 68.00000
occurrence6
332.00000, 67.00000
335.00000, 69.00000
336.00000, 71.00000
339.00000, 69.00000
340.00000, 71.00000
342.00000, 72.00000
344.00000, 71.00000
346.00000, 67.00000
350.00000, 65.00000
351.00000, 64.00000
352.00000, 65.00000
355.00000, 67.00000
356.00000, 69.00000
357.00000, 70.00000
358.00000, 69.00000
361.00000, 67.00000
362.00000, 67.00000
366.00000, 65.00000
368.00000, 67.00000
371.00000, 69.00000
372.00000, 71.00000
373.00000, 72.00000
374.00000, 71.00000
377.00000, 69.00000
378.00000, 69.00000
382.00000, 68.00000
384.00000, 69.00000
400.00000, 67.00000
406.00000, 67.00000
occurrence7
356.00000, 69.00000
357.00000, 70.00000
358.00000, 69.00000
361.00000, 67.00000
362.00000, 67.00000
366.00000, 65.00000
368.00000, 67.00000
371.00000, 69.00000
372.00000, 71.00000
373.00000, 72.00000
374.00000, 71.00000
377.00000, 69.00000
378.00000, 69.00000
382.00000, 68.00000
384.00000, 69.00000
400.00000, 67.00000
406.00000, 67.00000
408.00000, 67.00000
412.00000, 67.00000
416.00000, 67.00000
422.00000, 65.00000
423.00000, 64.00000
424.00000, 64.00000
427.00000, 65.00000
428.00000, 67.00000
430.00000, 69.00000
occurrence8
368.00000, 67.00000
371.00000, 69.00000
372.00000, 71.00000
373.00000, 72.00000
374.00000, 71.00000
377.00000, 69.00000
378.00000, 69.00000
382.00000, 68.00000
384.00000, 69.00000
400.00000, 67.00000
406.00000, 67.00000
408.00000, 67.00000
412.00000, 67.00000
416.00000, 67.00000
422.00000, 65.00000
423.00000, 64.00000
424.00000, 64.00000
427.00000, 65.00000
428.00000, 67.00000
430.00000, 69.00000
434.00000, 67.00000
435.00000, 65.00000
436.00000, 70.00000
438.00000, 69.00000
442.00000, 67.00000
occurrence9
562.00000, 69.00000
564.00000, 67.00000
566.00000, 65.00000
568.00000, 64.00000
570.00000, 60.00000
572.00000, 62.00000
576.00000, 60.00000
598.00000, 60.00000
600.00000, 62.00000
602.00000, 60.00000
604.00000, 65.00000
610.00000, 60.00000
612.00000, 62.00000
614.00000, 60.00000
616.00000, 65.00000
618.00000, 67.00000
620.00000, 69.00000
626.00000, 60.00000
628.00000, 62.00000
630.00000, 60.00000
632.00000, 65.00000
634.00000, 67.00000
636.00000, 69.00000
occurrence10
576.00000, 60.00000
598.00000, 60.00000
600.00000, 62.00000
602.00000, 60.00000
604.00000, 65.00000
610.00000, 60.00000
612.00000, 62.00000
614.00000, 60.00000
616.00000, 65.00000
618.00000, 67.00000
620.00000, 69.00000
626.00000, 60.00000
628.00000, 62.00000
630.00000, 60.00000
632.00000, 65.00000
634.00000, 67.00000
636.00000, 69.00000
638.00000, 71.00000
640.00000, 72.00000
646.00000, 60.00000
648.00000, 62.00000
650.00000, 60.00000
occurrence11
620.00000, 69.00000
626.00000, 60.00000
628.00000, 62.00000
630.00000, 60.00000
632.00000, 65.00000
634.00000, 67.00000
636.00000, 69.00000
638.00000, 71.00000
640.00000, 72.00000
646.00000, 60.00000
648.00000, 62.00000
650.00000, 60.00000
652.00000, 65.00000
656.00000, 67.00000
662.00000, 69.00000
664.00000, 70.00000
668.00000, 69.00000
676.00000, 65.00000
680.00000, 67.00000
684.00000, 69.00000
688.00000, 70.00000
694.00000, 69.00000
occurrence12
632.00000, 65.00000
634.00000, 67.00000
636.00000, 69.00000
638.00000, 71.00000
640.00000, 72.00000
646.00000, 60.00000
648.00000, 62.00000
650.00000, 60.00000
652.00000, 65.00000
656.00000, 67.00000
662.00000, 69.00000
664.00000, 70.00000
668.00000, 69.00000
676.00000, 65.00000
680.00000, 67.00000
684.00000, 69.00000
688.00000, 70.00000
694.00000, 69.00000
695.00000, 67.00000
696.00000, 70.00000
700.00000, 69.00000
706.00000, 65.00000
occurrence13
634.00000, 67.00000
636.00000, 69.00000
638.00000, 71.00000
640.00000, 72.00000
646.00000, 60.00000
648.00000, 62.00000
650.00000, 60.00000
652.00000, 65.00000
656.00000, 67.00000
662.00000, 69.00000
664.00000, 70.00000
668.00000, 69.00000
676.00000, 65.00000
680.00000, 67.00000
684.00000, 69.00000
688.00000, 70.00000
694.00000, 69.00000
695.00000, 67.00000
696.00000, 70.00000
700.00000, 69.00000
706.00000, 65.00000
708.00000, 67.00000
occurrence14
836.00000, 64.00000
838.00000, 62.00000
840.00000, 60.00000
842.00000, 59.00000
844.00000, 57.00000
846.00000, 55.00000
848.00000, 53.00000
852.00000, 65.00000
858.00000, 64.00000
859.00000, 62.00000
860.00000, 62.00000
868.00000, 61.00000
872.00000, 62.00000
884.00000, 62.00000
890.00000, 60.00000
891.00000, 59.00000
892.00000, 60.00000
896.00000, 62.00000
900.00000, 60.00000
904.00000, 65.00000
910.00000, 64.00000
occurrence15
838.00000, 62.00000
840.00000, 60.00000
842.00000, 59.00000
844.00000, 57.00000
846.00000, 55.00000
848.00000, 53.00000
852.00000, 65.00000
858.00000, 64.00000
859.00000, 62.00000
860.00000, 62.00000
868.00000, 61.00000
872.00000, 62.00000
884.00000, 62.00000
890.00000, 60.00000
891.00000, 59.00000
892.00000, 60.00000
896.00000, 62.00000
900.00000, 60.00000
904.00000, 65.00000
910.00000, 64.00000
912.00000, 62.00000
pattern12
occurrence1
60.00000, 65.00000
63.00000, 64.00000
64.00000, 60.00000
70.00000, 62.00000
74.00000, 60.00000
75.00000, 59.00000
76.00000, 57.00000
82.00000, 57.00000
86.00000, 55.00000
87.00000, 53.00000
88.00000, 57.00000
91.00000, 59.00000
92.00000, 60.00000
98.00000, 62.00000
100.00000, 64.00000
102.00000, 65.00000
106.00000, 64.00000
107.00000, 62.00000
108.00000, 60.00000
116.00000, 62.00000
128.00000, 60.00000
134.00000, 59.00000
135.00000, 57.00000
136.00000, 60.00000
139.00000, 62.00000
140.00000, 64.00000
occurrence2
355.00000, 67.00000
356.00000, 69.00000
357.00000, 70.00000
358.00000, 69.00000
361.00000, 67.00000
362.00000, 67.00000
366.00000, 65.00000
368.00000, 67.00000
371.00000, 69.00000
372.00000, 71.00000
373.00000, 72.00000
374.00000, 71.00000
377.00000, 69.00000
378.00000, 69.00000
382.00000, 68.00000
384.00000, 69.00000
400.00000, 67.00000
406.00000, 67.00000
408.00000, 67.00000
412.00000, 67.00000
416.00000, 67.00000
422.00000, 65.00000
423.00000, 64.00000
424.00000, 64.00000
427.00000, 65.00000
428.00000, 67.00000
430.00000, 69.00000
434.00000, 67.00000
435.00000, 65.00000
occurrence3
378.00000, 69.00000
382.00000, 68.00000
384.00000, 69.00000
400.00000, 67.00000
406.00000, 67.00000
408.00000, 67.00000
412.00000, 67.00000
416.00000, 67.00000
422.00000, 65.00000
423.00000, 64.00000
424.00000, 64.00000
427.00000, 65.00000
428.00000, 67.00000
430.00000, 69.00000
434.00000, 67.00000
435.00000, 65.00000
436.00000, 70.00000
438.00000, 69.00000
442.00000, 67.00000
443.00000, 65.00000
444.00000, 70.00000
446.00000, 69.00000
450.00000, 67.00000
451.00000, 65.00000
452.00000, 64.00000
454.00000, 72.00000
457.00000, 71.00000
458.00000, 67.00000
occurrence4
436.00000, 70.00000
438.00000, 69.00000
442.00000, 67.00000
443.00000, 65.00000
444.00000, 70.00000
446.00000, 69.00000
450.00000, 67.00000
451.00000, 65.00000
452.00000, 64.00000
454.00000, 72.00000
457.00000, 71.00000
458.00000, 67.00000
460.00000, 69.00000
463.00000, 67.00000
464.00000, 64.00000
512.00000, 72.00000
515.00000, 71.00000
516.00000, 69.00000
occurrence5
454.00000, 72.00000
457.00000, 71.00000
458.00000, 67.00000
460.00000, 69.00000
463.00000, 67.00000
464.00000, 64.00000
512.00000, 72.00000
515.00000, 71.00000
516.00000, 69.00000
517.00000, 67.00000
518.00000, 69.00000
522.00000, 67.00000
523.00000, 65.00000
524.00000, 64.00000
528.00000, 65.00000
531.00000, 67.00000
532.00000, 69.00000
534.00000, 70.00000
occurrence6
457.00000, 71.00000
458.00000, 67.00000
460.00000, 69.00000
463.00000, 67.00000
464.00000, 64.00000
512.00000, 72.00000
515.00000, 71.00000
516.00000, 69.00000
517.00000, 67.00000
518.00000, 69.00000
522.00000, 67.00000
523.00000, 65.00000
524.00000, 64.00000
528.00000, 65.00000
531.00000, 67.00000
532.00000, 69.00000
534.00000, 70.00000
537.00000, 69.00000
occurrence7
556.00000, 70.00000
562.00000, 69.00000
564.00000, 67.00000
566.00000, 65.00000
568.00000, 64.00000
570.00000, 60.00000
572.00000, 62.00000
576.00000, 60.00000
598.00000, 60.00000
600.00000, 62.00000
602.00000, 60.00000
604.00000, 65.00000
610.00000, 60.00000
612.00000, 62.00000
614.00000, 60.00000
616.00000, 65.00000
618.00000, 67.00000
620.00000, 69.00000
626.00000, 60.00000
628.00000, 62.00000
630.00000, 60.00000
632.00000, 65.00000
634.00000, 67.00000
636.00000, 69.00000
occurrence8
568.00000, 64.00000
570.00000, 60.00000
572.00000, 62.00000
576.00000, 60.00000
598.00000, 60.00000
600.00000, 62.00000
602.00000, 60.00000
604.00000, 65.00000
610.00000, 60.00000
612.00000, 62.00000
614.00000, 60.00000
616.00000, 65.00000
618.00000, 67.00000
620.00000, 69.00000
626.00000, 60.00000
628.00000, 62.00000
630.00000, 60.00000
632.00000, 65.00000
634.00000, 67.00000
636.00000, 69.00000
638.00000, 71.00000
640.00000, 72.00000
646.00000, 60.00000
648.00000, 62.00000
occurrence9
812.00000, 62.00000
816.00000, 64.00000
824.00000, 65.00000
828.00000, 67.00000
834.00000, 65.00000
836.00000, 64.00000
838.00000, 62.00000
840.00000, 60.00000
842.00000, 59.00000
844.00000, 57.00000
846.00000, 55.00000
848.00000, 53.00000
852.00000, 65.00000
858.00000, 64.00000
859.00000, 62.00000
860.00000, 62.00000
868.00000, 61.00000
872.00000, 62.00000
884.00000, 62.00000
890.00000, 60.00000
891.00000, 59.00000
892.00000, 60.00000
occurrence10
816.00000, 64.00000
824.00000, 65.00000
828.00000, 67.00000
834.00000, 65.00000
836.00000, 64.00000
838.00000, 62.00000
840.00000, 60.00000
842.00000, 59.00000
844.00000, 57.00000
846.00000, 55.00000
848.00000, 53.00000
852.00000, 65.00000
858.00000, 64.00000
859.00000, 62.00000
860.00000, 62.00000
868.00000, 61.00000
872.00000, 62.00000
884.00000, 62.00000
890.00000, 60.00000
891.00000, 59.00000
892.00000, 60.00000
896.00000, 62.00000
pattern13
occurrence1
464.00000, 64.00000
512.00000, 72.00000
occurrence2
614.00000, 60.00000
616.00000, 65.00000
618.00000, 67.00000
620.00000, 69.00000
626.00000, 60.00000
628.00000, 62.00000
630.00000, 60.00000
632.00000, 65.00000
634.00000, 67.00000
636.00000, 69.00000
638.00000, 71.00000
640.00000, 72.00000
646.00000, 60.00000
648.00000, 62.00000
650.00000, 60.00000
652.00000, 65.00000
656.00000, 67.00000
662.00000, 69.00000
occurrence3
646.00000, 60.00000
648.00000, 62.00000
650.00000, 60.00000
652.00000, 65.00000
656.00000, 67.00000
662.00000, 69.00000
664.00000, 70.00000
668.00000, 69.00000
676.00000, 65.00000
680.00000, 67.00000
684.00000, 69.00000
688.00000, 70.00000
694.00000, 69.00000
occurrence4
648.00000, 62.00000
650.00000, 60.00000
652.00000, 65.00000
656.00000, 67.00000
662.00000, 69.00000
664.00000, 70.00000
668.00000, 69.00000
676.00000, 65.00000
680.00000, 67.00000
684.00000, 69.00000
688.00000, 70.00000
694.00000, 69.00000
695.00000, 67.00000
696.00000, 70.00000
occurrence5
848.00000, 53.00000
852.00000, 65.00000
858.00000, 64.00000
859.00000, 62.00000
860.00000, 62.00000
868.00000, 61.00000
872.00000, 62.00000
884.00000, 62.00000
890.00000, 60.00000
891.00000, 59.00000
892.00000, 60.00000
896.00000, 62.00000
occurrence6
890.00000, 60.00000
891.00000, 59.00000
892.00000, 60.00000
896.00000, 62.00000
900.00000, 60.00000
904.00000, 65.00000
910.00000, 64.00000
912.00000, 62.00000
916.00000, 60.00000
924.00000, 67.00000
928.00000, 69.00000
931.00000, 71.00000
932.00000, 72.00000
933.00000, 74.00000
934.00000, 72.00000
937.00000, 71.00000
938.00000, 69.00000
occurrence7
891.00000, 59.00000
892.00000, 60.00000
896.00000, 62.00000
900.00000, 60.00000
904.00000, 65.00000
910.00000, 64.00000
912.00000, 62.00000
916.00000, 60.00000
924.00000, 67.00000
928.00000, 69.00000
931.00000, 71.00000
932.00000, 72.00000
933.00000, 74.00000
934.00000, 72.00000
937.00000, 71.00000
938.00000, 69.00000
939.00000, 67.00000
occurrence8
892.00000, 60.00000
896.00000, 62.00000
900.00000, 60.00000
904.00000, 65.00000
910.00000, 64.00000
912.00000, 62.00000
916.00000, 60.00000
924.00000, 67.00000
928.00000, 69.00000
931.00000, 71.00000
932.00000, 72.00000
933.00000, 74.00000
934.00000, 72.00000
937.00000, 71.00000
938.00000, 69.00000
939.00000, 67.00000
940.00000, 69.00000
pattern14
occurrence1
86.00000, 55.00000
87.00000, 53.00000
88.00000, 57.00000
91.00000, 59.00000
92.00000, 60.00000
98.00000, 62.00000
100.00000, 64.00000
102.00000, 65.00000
106.00000, 64.00000
107.00000, 62.00000
108.00000, 60.00000
occurrence2
314.00000, 65.00000
315.00000, 64.00000
316.00000, 67.00000
319.00000, 69.00000
320.00000, 71.00000
322.00000, 64.00000
324.00000, 67.00000
330.00000, 65.00000
331.00000, 64.00000
332.00000, 67.00000
335.00000, 69.00000
336.00000, 71.00000
pattern15
occurrence1
316.00000, 67.00000
319.00000, 69.00000
320.00000, 71.00000
322.00000, 64.00000
324.00000, 67.00000
330.00000, 65.00000
331.00000, 64.00000
332.00000, 67.00000
335.00000, 69.00000
336.00000, 71.00000
339.00000, 69.00000
340.00000, 71.00000
342.00000, 72.00000
344.00000, 71.00000
346.00000, 67.00000
350.00000, 65.00000
351.00000, 64.00000
352.00000, 65.00000
355.00000, 67.00000
356.00000, 69.00000
357.00000, 70.00000
358.00000, 69.00000
361.00000, 67.00000
362.00000, 67.00000
366.00000, 65.00000
368.00000, 67.00000
371.00000, 69.00000
372.00000, 71.00000
373.00000, 72.00000
374.00000, 71.00000
377.00000, 69.00000
378.00000, 69.00000
382.00000, 68.00000
384.00000, 69.00000
400.00000, 67.00000
406.00000, 67.00000
408.00000, 67.00000
occurrence2
808.00000, 60.00000
812.00000, 62.00000
816.00000, 64.00000
824.00000, 65.00000
828.00000, 67.00000
834.00000, 65.00000
836.00000, 64.00000
838.00000, 62.00000
840.00000, 60.00000
842.00000, 59.00000
844.00000, 57.00000
846.00000, 55.00000
848.00000, 53.00000
852.00000, 65.00000
858.00000, 64.00000
859.00000, 62.00000
860.00000, 62.00000
868.00000, 61.00000
872.00000, 62.00000
884.00000, 62.00000
890.00000, 60.00000
891.00000, 59.00000
892.00000, 60.00000
896.00000, 62.00000
900.00000, 60.00000
pattern16
occurrence1
98.00000, 62.00000
100.00000, 64.00000
102.00000, 65.00000
106.00000, 64.00000
107.00000, 62.00000
108.00000, 60.00000
116.00000, 62.00000
occurrence2
942.00000, 65.00000
944.00000, 67.00000
946.00000, 69.00000
949.00000, 67.00000
950.00000, 70.00000
953.00000, 69.00000
954.00000, 67.00000
955.00000, 65.00000
956.00000, 64.00000
959.00000, 62.00000
960.00000, 65.00000
pattern17
occurrence1
566.00000, 65.00000
568.00000, 64.00000
570.00000, 60.00000
572.00000, 62.00000
576.00000, 60.00000
598.00000, 60.00000
600.00000, 62.00000
602.00000, 60.00000
604.00000, 65.00000
610.00000, 60.00000
occurrence2
708.00000, 67.00000
710.00000, 70.00000
713.00000, 69.00000
714.00000, 69.00000
718.00000, 67.00000
720.00000, 69.00000
752.00000, 62.00000
occurrence3
824.00000, 65.00000
828.00000, 67.00000
834.00000, 65.00000
836.00000, 64.00000
838.00000, 62.00000
840.00000, 60.00000
842.00000, 59.00000
844.00000, 57.00000
846.00000, 55.00000
848.00000, 53.00000
852.00000, 65.00000
858.00000, 64.00000
859.00000, 62.00000
860.00000, 62.00000
868.00000, 61.00000
occurrence4
828.00000, 67.00000
834.00000, 65.00000
836.00000, 64.00000
838.00000, 62.00000
840.00000, 60.00000
842.00000, 59.00000
844.00000, 57.00000
846.00000, 55.00000
848.00000, 53.00000
852.00000, 65.00000
858.00000, 64.00000
859.00000, 62.00000
860.00000, 62.00000
868.00000, 61.00000
872.00000, 62.00000
pattern18
occurrence1
34.00000, 69.00000
38.00000, 67.00000
39.00000, 65.00000
40.00000, 64.00000
52.00000, 65.00000
58.00000, 64.00000
59.00000, 62.00000
60.00000, 65.00000
63.00000, 64.00000
64.00000, 60.00000
70.00000, 62.00000
74.00000, 60.00000
75.00000, 59.00000
76.00000, 57.00000
82.00000, 57.00000
86.00000, 55.00000
87.00000, 53.00000
88.00000, 57.00000
91.00000, 59.00000
92.00000, 60.00000
98.00000, 62.00000
100.00000, 64.00000
102.00000, 65.00000
106.00000, 64.00000
107.00000, 62.00000
108.00000, 60.00000
116.00000, 62.00000
128.00000, 60.00000
134.00000, 59.00000
135.00000, 57.00000
136.00000, 60.00000
139.00000, 62.00000
140.00000, 64.00000
148.00000, 57.00000
152.00000, 57.00000
156.00000, 57.00000
160.00000, 60.00000
166.00000, 59.00000
167.00000, 57.00000
168.00000, 60.00000
171.00000, 62.00000
172.00000, 64.00000
176.00000, 57.00000
179.00000, 59.00000
180.00000, 60.00000
181.00000, 62.00000
182.00000, 60.00000
186.00000, 59.00000
187.00000, 57.00000
188.00000, 60.00000
191.00000, 62.00000
192.00000, 64.00000
212.00000, 60.00000
224.00000, 62.00000
230.00000, 64.00000
232.00000, 65.00000
256.00000, 64.00000
259.00000, 65.00000
260.00000, 67.00000
261.00000, 69.00000
262.00000, 67.00000
266.00000, 65.00000
267.00000, 64.00000
268.00000, 67.00000
272.00000, 60.00000
276.00000, 67.00000
284.00000, 67.00000
290.00000, 65.00000
291.00000, 64.00000
292.00000, 67.00000
296.00000, 60.00000
300.00000, 67.00000
308.00000, 67.00000
314.00000, 65.00000
315.00000, 64.00000
316.00000, 67.00000
319.00000, 69.00000
320.00000, 71.00000
322.00000, 64.00000
324.00000, 67.00000
330.00000, 65.00000
331.00000, 64.00000
332.00000, 67.00000
335.00000, 69.00000
336.00000, 71.00000
339.00000, 69.00000
340.00000, 71.00000
342.00000, 72.00000
344.00000, 71.00000
346.00000, 67.00000
350.00000, 65.00000
351.00000, 64.00000
352.00000, 65.00000
355.00000, 67.00000
356.00000, 69.00000
357.00000, 70.00000
358.00000, 69.00000
361.00000, 67.00000
362.00000, 67.00000
366.00000, 65.00000
368.00000, 67.00000
371.00000, 69.00000
372.00000, 71.00000
373.00000, 72.00000
374.00000, 71.00000
377.00000, 69.00000
378.00000, 69.00000
382.00000, 68.00000
384.00000, 69.00000
400.00000, 67.00000
406.00000, 67.00000
408.00000, 67.00000
412.00000, 67.00000
416.00000, 67.00000
422.00000, 65.00000
423.00000, 64.00000
424.00000, 64.00000
427.00000, 65.00000
428.00000, 67.00000
430.00000, 69.00000
434.00000, 67.00000
435.00000, 65.00000
436.00000, 70.00000
438.00000, 69.00000
442.00000, 67.00000
443.00000, 65.00000
444.00000, 70.00000
446.00000, 69.00000
450.00000, 67.00000
451.00000, 65.00000
452.00000, 64.00000
454.00000, 72.00000
457.00000, 71.00000
458.00000, 67.00000
460.00000, 69.00000
463.00000, 67.00000
464.00000, 64.00000
512.00000, 72.00000
515.00000, 71.00000
516.00000, 69.00000
517.00000, 67.00000
518.00000, 69.00000
522.00000, 67.00000
523.00000, 65.00000
524.00000, 64.00000
528.00000, 65.00000
531.00000, 67.00000
532.00000, 69.00000
534.00000, 70.00000
537.00000, 69.00000
538.00000, 67.00000
539.00000, 65.00000
540.00000, 64.00000
544.00000, 65.00000
550.00000, 67.00000
552.00000, 69.00000
556.00000, 70.00000
562.00000, 69.00000
564.00000, 67.00000
566.00000, 65.00000
568.00000, 64.00000
570.00000, 60.00000
572.00000, 62.00000
576.00000, 60.00000
598.00000, 60.00000
600.00000, 62.00000
602.00000, 60.00000
604.00000, 65.00000
610.00000, 60.00000
612.00000, 62.00000
614.00000, 60.00000
616.00000, 65.00000
618.00000, 67.00000
620.00000, 69.00000
626.00000, 60.00000
628.00000, 62.00000
630.00000, 60.00000
632.00000, 65.00000
634.00000, 67.00000
636.00000, 69.00000
638.00000, 71.00000
640.00000, 72.00000
646.00000, 60.00000
648.00000, 62.00000
650.00000, 60.00000
652.00000, 65.00000
656.00000, 67.00000
662.00000, 69.00000
664.00000, 70.00000
668.00000, 69.00000
676.00000, 65.00000
680.00000, 67.00000
684.00000, 69.00000
688.00000, 70.00000
694.00000, 69.00000
695.00000, 67.00000
696.00000, 70.00000
700.00000, 69.00000
706.00000, 65.00000
708.00000, 67.00000
710.00000, 70.00000
713.00000, 69.00000
714.00000, 69.00000
718.00000, 67.00000
720.00000, 69.00000
752.00000, 62.00000
760.00000, 64.00000
776.00000, 65.00000
784.00000, 67.00000
808.00000, 60.00000
812.00000, 62.00000
816.00000, 64.00000
824.00000, 65.00000
828.00000, 67.00000
834.00000, 65.00000
836.00000, 64.00000
838.00000, 62.00000
840.00000, 60.00000
842.00000, 59.00000
844.00000, 57.00000
846.00000, 55.00000
848.00000, 53.00000
852.00000, 65.00000
858.00000, 64.00000
859.00000, 62.00000
860.00000, 62.00000
868.00000, 61.00000
872.00000, 62.00000
884.00000, 62.00000
890.00000, 60.00000
891.00000, 59.00000
892.00000, 60.00000
896.00000, 62.00000
900.00000, 60.00000
904.00000, 65.00000
910.00000, 64.00000
912.00000, 62.00000
916.00000, 60.00000
924.00000, 67.00000
928.00000, 69.00000
931.00000, 71.00000
932.00000, 72.00000
933.00000, 74.00000
934.00000, 72.00000
937.00000, 71.00000
938.00000, 69.00000
939.00000, 67.00000
940.00000, 69.00000
942.00000, 65.00000
944.00000, 67.00000
946.00000, 69.00000
949.00000, 67.00000
950.00000, 70.00000
953.00000, 69.00000
954.00000, 67.00000
955.00000, 65.00000
956.00000, 64.00000
959.00000, 62.00000
