pattern1
occurrence1
128.00000, 79.00000
131.00000, 77.00000
132.00000, 76.00000
134.00000, 74.00000
occurrence2
216.00000, 72.00000
219.00000, 71.00000
220.00000, 69.00000
222.00000, 67.00000
occurrence3
784.00000, 72.00000
787.00000, 71.00000
788.00000, 69.00000
790.00000, 67.00000
occurrence4
1052.00000, 77.00000
1055.00000, 76.00000
1056.00000, 74.00000
1057.00000, 72.00000
1058.00000, 72.00000
pattern2
occurrence1
843.00000, 69.00000
844.00000, 71.00000
846.00000, 72.00000
848.00000, 69.00000
850.00000, 71.00000
occurrence2
853.00000, 67.00000
854.00000, 72.00000
856.00000, 71.00000
858.00000, 67.00000
860.00000, 69.00000
occurrence3
875.00000, 76.00000
876.00000, 77.00000
878.00000, 79.00000
880.00000, 76.00000
882.00000, 77.00000
pattern3
occurrence1
238.00000, 79.00000
240.00000, 77.00000
242.00000, 74.00000
244.00000, 77.00000
246.00000, 76.00000
248.00000, 74.00000
occurrence2
854.00000, 72.00000
856.00000, 71.00000
858.00000, 67.00000
860.00000, 69.00000
864.00000, 67.00000
occurrence3
886.00000, 79.00000
888.00000, 77.00000
890.00000, 74.00000
892.00000, 76.00000
896.00000, 74.00000
pattern4
occurrence1
120.00000, 74.00000
124.00000, 76.00000
128.00000, 79.00000
131.00000, 77.00000
132.00000, 76.00000
occurrence2
1044.00000, 72.00000
1050.00000, 74.00000
1051.00000, 76.00000
1052.00000, 77.00000
1055.00000, 76.00000
1056.00000, 74.00000
occurrence3
1064.00000, 72.00000
1066.00000, 79.00000
1068.00000, 76.00000
1070.00000, 79.00000
1072.00000, 77.00000
1075.00000, 76.00000
1076.00000, 74.00000
pattern5
occurrence1
170.00000, 72.00000
172.00000, 71.00000
174.00000, 69.00000
176.00000, 67.00000
200.00000, 67.00000
204.00000, 69.00000
212.00000, 71.00000
216.00000, 72.00000
219.00000, 71.00000
220.00000, 69.00000
222.00000, 67.00000
224.00000, 69.00000
228.00000, 71.00000
231.00000, 72.00000
232.00000, 74.00000
238.00000, 79.00000
240.00000, 77.00000
242.00000, 74.00000
244.00000, 77.00000
246.00000, 76.00000
248.00000, 74.00000
252.00000, 76.00000
260.00000, 72.00000
264.00000, 74.00000
272.00000, 76.00000
276.00000, 77.00000
282.00000, 76.00000
284.00000, 74.00000
occurrence2
958.00000, 76.00000
961.00000, 74.00000
962.00000, 72.00000
963.00000, 71.00000
964.00000, 69.00000
968.00000, 67.00000
1004.00000, 74.00000
1008.00000, 76.00000
1012.00000, 72.00000
1016.00000, 74.00000
1024.00000, 74.00000
1028.00000, 76.00000
1031.00000, 74.00000
1032.00000, 72.00000
1033.00000, 71.00000
1034.00000, 72.00000
1037.00000, 71.00000
1038.00000, 72.00000
1039.00000, 69.00000
1040.00000, 71.00000
1044.00000, 72.00000
1050.00000, 74.00000
1051.00000, 76.00000
1052.00000, 77.00000
1055.00000, 76.00000
1056.00000, 74.00000
1057.00000, 72.00000
1058.00000, 72.00000
1062.00000, 71.00000
1064.00000, 72.00000
1066.00000, 79.00000
1068.00000, 76.00000
1070.00000, 79.00000
1072.00000, 77.00000
occurrence3
961.00000, 74.00000
962.00000, 72.00000
963.00000, 71.00000
964.00000, 69.00000
968.00000, 67.00000
1004.00000, 74.00000
1008.00000, 76.00000
1012.00000, 72.00000
1016.00000, 74.00000
1024.00000, 74.00000
1028.00000, 76.00000
1031.00000, 74.00000
1032.00000, 72.00000
1033.00000, 71.00000
1034.00000, 72.00000
1037.00000, 71.00000
1038.00000, 72.00000
1039.00000, 69.00000
1040.00000, 71.00000
1044.00000, 72.00000
1050.00000, 74.00000
1051.00000, 76.00000
1052.00000, 77.00000
1055.00000, 76.00000
1056.00000, 74.00000
1057.00000, 72.00000
1058.00000, 72.00000
1062.00000, 71.00000
1064.00000, 72.00000
1066.00000, 79.00000
1068.00000, 76.00000
1070.00000, 79.00000
1072.00000, 77.00000
1075.00000, 76.00000
occurrence4
962.00000, 72.00000
963.00000, 71.00000
964.00000, 69.00000
968.00000, 67.00000
1004.00000, 74.00000
1008.00000, 76.00000
1012.00000, 72.00000
1016.00000, 74.00000
1024.00000, 74.00000
1028.00000, 76.00000
1031.00000, 74.00000
1032.00000, 72.00000
1033.00000, 71.00000
1034.00000, 72.00000
1037.00000, 71.00000
1038.00000, 72.00000
1039.00000, 69.00000
1040.00000, 71.00000
1044.00000, 72.00000
1050.00000, 74.00000
1051.00000, 76.00000
1052.00000, 77.00000
1055.00000, 76.00000
1056.00000, 74.00000
1057.00000, 72.00000
1058.00000, 72.00000
1062.00000, 71.00000
1064.00000, 72.00000
1066.00000, 79.00000
1068.00000, 76.00000
1070.00000, 79.00000
1072.00000, 77.00000
1075.00000, 76.00000
1076.00000, 74.00000
pattern6
occurrence1
116.00000, 72.00000
120.00000, 74.00000
124.00000, 76.00000
128.00000, 79.00000
131.00000, 77.00000
132.00000, 76.00000
134.00000, 74.00000
136.00000, 72.00000
occurrence2
128.00000, 79.00000
131.00000, 77.00000
132.00000, 76.00000
134.00000, 74.00000
136.00000, 72.00000
138.00000, 71.00000
140.00000, 69.00000
144.00000, 67.00000
148.00000, 79.00000
occurrence3
131.00000, 77.00000
132.00000, 76.00000
134.00000, 74.00000
136.00000, 72.00000
138.00000, 71.00000
140.00000, 69.00000
144.00000, 67.00000
148.00000, 79.00000
151.00000, 77.00000
occurrence4
132.00000, 76.00000
134.00000, 74.00000
136.00000, 72.00000
138.00000, 71.00000
140.00000, 69.00000
144.00000, 67.00000
148.00000, 79.00000
151.00000, 77.00000
152.00000, 76.00000
occurrence5
204.00000, 69.00000
212.00000, 71.00000
216.00000, 72.00000
219.00000, 71.00000
220.00000, 69.00000
222.00000, 67.00000
224.00000, 69.00000
occurrence6
252.00000, 76.00000
260.00000, 72.00000
264.00000, 74.00000
272.00000, 76.00000
occurrence7
264.00000, 74.00000
272.00000, 76.00000
276.00000, 77.00000
282.00000, 76.00000
284.00000, 74.00000
occurrence8
1004.00000, 74.00000
1008.00000, 76.00000
1012.00000, 72.00000
1016.00000, 74.00000
1024.00000, 74.00000
occurrence9
1008.00000, 76.00000
1012.00000, 72.00000
1016.00000, 74.00000
1024.00000, 74.00000
1028.00000, 76.00000
occurrence10
1012.00000, 72.00000
1016.00000, 74.00000
1024.00000, 74.00000
1028.00000, 76.00000
1031.00000, 74.00000
1032.00000, 72.00000
occurrence11
1038.00000, 72.00000
1039.00000, 69.00000
1040.00000, 71.00000
1044.00000, 72.00000
1050.00000, 74.00000
1051.00000, 76.00000
1052.00000, 77.00000
1055.00000, 76.00000
1056.00000, 74.00000
1057.00000, 72.00000
1058.00000, 72.00000
occurrence12
1044.00000, 72.00000
1050.00000, 74.00000
1051.00000, 76.00000
1052.00000, 77.00000
1055.00000, 76.00000
1056.00000, 74.00000
1057.00000, 72.00000
1058.00000, 72.00000
1062.00000, 71.00000
1064.00000, 72.00000
occurrence13
1052.00000, 77.00000
1055.00000, 76.00000
1056.00000, 74.00000
1057.00000, 72.00000
1058.00000, 72.00000
1062.00000, 71.00000
1064.00000, 72.00000
1066.00000, 79.00000
1068.00000, 76.00000
1070.00000, 79.00000
1072.00000, 77.00000
occurrence14
1055.00000, 76.00000
1056.00000, 74.00000
1057.00000, 72.00000
1058.00000, 72.00000
1062.00000, 71.00000
1064.00000, 72.00000
1066.00000, 79.00000
1068.00000, 76.00000
1070.00000, 79.00000
1072.00000, 77.00000
1075.00000, 76.00000
occurrence15
1056.00000, 74.00000
1057.00000, 72.00000
1058.00000, 72.00000
1062.00000, 71.00000
1064.00000, 72.00000
1066.00000, 79.00000
1068.00000, 76.00000
1070.00000, 79.00000
1072.00000, 77.00000
1075.00000, 76.00000
1076.00000, 74.00000
occurrence16
1080.00000, 72.00000
1088.00000, 72.00000
1094.00000, 72.00000
1096.00000, 72.00000
1098.00000, 72.00000
1100.00000, 72.00000
pattern7
occurrence1
220.00000, 69.00000
222.00000, 67.00000
224.00000, 69.00000
occurrence2
240.00000, 77.00000
242.00000, 74.00000
244.00000, 77.00000
occurrence3
296.00000, 72.00000
300.00000, 72.00000
occurrence4
840.00000, 71.00000
843.00000, 69.00000
844.00000, 71.00000
occurrence5
1033.00000, 71.00000
1034.00000, 72.00000
1037.00000, 71.00000
occurrence6
1034.00000, 72.00000
1037.00000, 71.00000
1038.00000, 72.00000
occurrence7
1051.00000, 76.00000
1052.00000, 77.00000
1055.00000, 76.00000
occurrence8
1066.00000, 79.00000
1068.00000, 76.00000
1070.00000, 79.00000
occurrence9
1094.00000, 72.00000
1096.00000, 72.00000
1098.00000, 72.00000
occurrence10
1096.00000, 72.00000
1098.00000, 72.00000
1100.00000, 72.00000
pattern8
occurrence1
138.00000, 71.00000
140.00000, 69.00000
144.00000, 67.00000
148.00000, 79.00000
151.00000, 77.00000
152.00000, 76.00000
153.00000, 74.00000
154.00000, 76.00000
158.00000, 72.00000
160.00000, 71.00000
162.00000, 67.00000
164.00000, 74.00000
170.00000, 72.00000
172.00000, 71.00000
174.00000, 69.00000
176.00000, 67.00000
200.00000, 67.00000
204.00000, 69.00000
212.00000, 71.00000
216.00000, 72.00000
219.00000, 71.00000
220.00000, 69.00000
222.00000, 67.00000
224.00000, 69.00000
228.00000, 71.00000
231.00000, 72.00000
232.00000, 74.00000
238.00000, 79.00000
240.00000, 77.00000
242.00000, 74.00000
244.00000, 77.00000
246.00000, 76.00000
248.00000, 74.00000
252.00000, 76.00000
260.00000, 72.00000
264.00000, 74.00000
272.00000, 76.00000
276.00000, 77.00000
282.00000, 76.00000
284.00000, 74.00000
288.00000, 76.00000
296.00000, 72.00000
300.00000, 72.00000
occurrence2
854.00000, 72.00000
856.00000, 71.00000
858.00000, 67.00000
860.00000, 69.00000
864.00000, 67.00000
870.00000, 79.00000
874.00000, 77.00000
875.00000, 76.00000
876.00000, 77.00000
878.00000, 79.00000
880.00000, 76.00000
882.00000, 77.00000
884.00000, 74.00000
886.00000, 79.00000
888.00000, 77.00000
890.00000, 74.00000
892.00000, 76.00000
896.00000, 74.00000
944.00000, 72.00000
947.00000, 74.00000
948.00000, 76.00000
949.00000, 77.00000
950.00000, 79.00000
954.00000, 77.00000
956.00000, 79.00000
958.00000, 76.00000
961.00000, 74.00000
962.00000, 72.00000
963.00000, 71.00000
964.00000, 69.00000
968.00000, 67.00000
1004.00000, 74.00000
1008.00000, 76.00000
1012.00000, 72.00000
1016.00000, 74.00000
pattern9
occurrence1
158.00000, 72.00000
160.00000, 71.00000
162.00000, 67.00000
164.00000, 74.00000
170.00000, 72.00000
172.00000, 71.00000
174.00000, 69.00000
176.00000, 67.00000
200.00000, 67.00000
204.00000, 69.00000
212.00000, 71.00000
216.00000, 72.00000
219.00000, 71.00000
220.00000, 69.00000
222.00000, 67.00000
224.00000, 69.00000
228.00000, 71.00000
231.00000, 72.00000
232.00000, 74.00000
occurrence2
800.00000, 76.00000
828.00000, 72.00000
832.00000, 71.00000
834.00000, 67.00000
836.00000, 72.00000
840.00000, 71.00000
843.00000, 69.00000
844.00000, 71.00000
846.00000, 72.00000
848.00000, 69.00000
850.00000, 71.00000
853.00000, 67.00000
854.00000, 72.00000
856.00000, 71.00000
858.00000, 67.00000
860.00000, 69.00000
864.00000, 67.00000
870.00000, 79.00000
874.00000, 77.00000
occurrence3
875.00000, 76.00000
876.00000, 77.00000
878.00000, 79.00000
880.00000, 76.00000
882.00000, 77.00000
884.00000, 74.00000
886.00000, 79.00000
888.00000, 77.00000
890.00000, 74.00000
892.00000, 76.00000
896.00000, 74.00000
944.00000, 72.00000
947.00000, 74.00000
948.00000, 76.00000
949.00000, 77.00000
occurrence4
876.00000, 77.00000
878.00000, 79.00000
880.00000, 76.00000
882.00000, 77.00000
884.00000, 74.00000
886.00000, 79.00000
888.00000, 77.00000
890.00000, 74.00000
892.00000, 76.00000
896.00000, 74.00000
944.00000, 72.00000
947.00000, 74.00000
948.00000, 76.00000
949.00000, 77.00000
950.00000, 79.00000
occurrence5
880.00000, 76.00000
882.00000, 77.00000
884.00000, 74.00000
886.00000, 79.00000
888.00000, 77.00000
890.00000, 74.00000
892.00000, 76.00000
896.00000, 74.00000
944.00000, 72.00000
947.00000, 74.00000
948.00000, 76.00000
949.00000, 77.00000
950.00000, 79.00000
954.00000, 77.00000
occurrence6
882.00000, 77.00000
884.00000, 74.00000
886.00000, 79.00000
888.00000, 77.00000
890.00000, 74.00000
892.00000, 76.00000
896.00000, 74.00000
944.00000, 72.00000
947.00000, 74.00000
948.00000, 76.00000
949.00000, 77.00000
950.00000, 79.00000
954.00000, 77.00000
956.00000, 79.00000
occurrence7
884.00000, 74.00000
886.00000, 79.00000
888.00000, 77.00000
890.00000, 74.00000
892.00000, 76.00000
896.00000, 74.00000
944.00000, 72.00000
947.00000, 74.00000
948.00000, 76.00000
949.00000, 77.00000
950.00000, 79.00000
954.00000, 77.00000
956.00000, 79.00000
958.00000, 76.00000
pattern10
occurrence1
124.00000, 76.00000
128.00000, 79.00000
131.00000, 77.00000
132.00000, 76.00000
134.00000, 74.00000
136.00000, 72.00000
138.00000, 71.00000
140.00000, 69.00000
144.00000, 67.00000
148.00000, 79.00000
151.00000, 77.00000
152.00000, 76.00000
153.00000, 74.00000
154.00000, 76.00000
158.00000, 72.00000
160.00000, 71.00000
162.00000, 67.00000
164.00000, 74.00000
170.00000, 72.00000
172.00000, 71.00000
174.00000, 69.00000
176.00000, 67.00000
200.00000, 67.00000
204.00000, 69.00000
212.00000, 71.00000
216.00000, 72.00000
219.00000, 71.00000
220.00000, 69.00000
222.00000, 67.00000
224.00000, 69.00000
228.00000, 71.00000
231.00000, 72.00000
232.00000, 74.00000
238.00000, 79.00000
240.00000, 77.00000
242.00000, 74.00000
244.00000, 77.00000
246.00000, 76.00000
248.00000, 74.00000
252.00000, 76.00000
260.00000, 72.00000
occurrence2
828.00000, 72.00000
832.00000, 71.00000
834.00000, 67.00000
836.00000, 72.00000
840.00000, 71.00000
843.00000, 69.00000
844.00000, 71.00000
846.00000, 72.00000
848.00000, 69.00000
850.00000, 71.00000
853.00000, 67.00000
854.00000, 72.00000
856.00000, 71.00000
858.00000, 67.00000
860.00000, 69.00000
864.00000, 67.00000
870.00000, 79.00000
874.00000, 77.00000
875.00000, 76.00000
876.00000, 77.00000
878.00000, 79.00000
880.00000, 76.00000
882.00000, 77.00000
884.00000, 74.00000
886.00000, 79.00000
888.00000, 77.00000
890.00000, 74.00000
892.00000, 76.00000
896.00000, 74.00000
944.00000, 72.00000
947.00000, 74.00000
948.00000, 76.00000
949.00000, 77.00000
950.00000, 79.00000
954.00000, 77.00000
956.00000, 79.00000
958.00000, 76.00000
961.00000, 74.00000
962.00000, 72.00000
963.00000, 71.00000
964.00000, 69.00000
occurrence3
832.00000, 71.00000
834.00000, 67.00000
836.00000, 72.00000
840.00000, 71.00000
843.00000, 69.00000
844.00000, 71.00000
846.00000, 72.00000
848.00000, 69.00000
850.00000, 71.00000
853.00000, 67.00000
854.00000, 72.00000
856.00000, 71.00000
858.00000, 67.00000
860.00000, 69.00000
864.00000, 67.00000
870.00000, 79.00000
874.00000, 77.00000
875.00000, 76.00000
876.00000, 77.00000
878.00000, 79.00000
880.00000, 76.00000
882.00000, 77.00000
884.00000, 74.00000
886.00000, 79.00000
888.00000, 77.00000
890.00000, 74.00000
892.00000, 76.00000
896.00000, 74.00000
944.00000, 72.00000
947.00000, 74.00000
948.00000, 76.00000
949.00000, 77.00000
950.00000, 79.00000
954.00000, 77.00000
956.00000, 79.00000
958.00000, 76.00000
961.00000, 74.00000
962.00000, 72.00000
963.00000, 71.00000
964.00000, 69.00000
968.00000, 67.00000
occurrence4
888.00000, 77.00000
890.00000, 74.00000
892.00000, 76.00000
896.00000, 74.00000
944.00000, 72.00000
947.00000, 74.00000
948.00000, 76.00000
949.00000, 77.00000
950.00000, 79.00000
954.00000, 77.00000
956.00000, 79.00000
958.00000, 76.00000
961.00000, 74.00000
962.00000, 72.00000
963.00000, 71.00000
964.00000, 69.00000
968.00000, 67.00000
1004.00000, 74.00000
1008.00000, 76.00000
1012.00000, 72.00000
1016.00000, 74.00000
1024.00000, 74.00000
occurrence5
958.00000, 76.00000
961.00000, 74.00000
962.00000, 72.00000
963.00000, 71.00000
964.00000, 69.00000
968.00000, 67.00000
1004.00000, 74.00000
1008.00000, 76.00000
1012.00000, 72.00000
1016.00000, 74.00000
1024.00000, 74.00000
1028.00000, 76.00000
1031.00000, 74.00000
1032.00000, 72.00000
1033.00000, 71.00000
1034.00000, 72.00000
1037.00000, 71.00000
1038.00000, 72.00000
1039.00000, 69.00000
1040.00000, 71.00000
1044.00000, 72.00000
1050.00000, 74.00000
1051.00000, 76.00000
1052.00000, 77.00000
1055.00000, 76.00000
1056.00000, 74.00000
1057.00000, 72.00000
1058.00000, 72.00000
1062.00000, 71.00000
1064.00000, 72.00000
1066.00000, 79.00000
1068.00000, 76.00000
1070.00000, 79.00000
1072.00000, 77.00000
1075.00000, 76.00000
1076.00000, 74.00000
1080.00000, 72.00000
1088.00000, 72.00000
1094.00000, 72.00000
pattern11
occurrence1
153.00000, 74.00000
154.00000, 76.00000
158.00000, 72.00000
160.00000, 71.00000
162.00000, 67.00000
164.00000, 74.00000
170.00000, 72.00000
172.00000, 71.00000
174.00000, 69.00000
176.00000, 67.00000
200.00000, 67.00000
204.00000, 69.00000
212.00000, 71.00000
216.00000, 72.00000
219.00000, 71.00000
220.00000, 69.00000
222.00000, 67.00000
224.00000, 69.00000
228.00000, 71.00000
231.00000, 72.00000
232.00000, 74.00000
238.00000, 79.00000
240.00000, 77.00000
242.00000, 74.00000
244.00000, 77.00000
246.00000, 76.00000
248.00000, 74.00000
252.00000, 76.00000
260.00000, 72.00000
264.00000, 74.00000
272.00000, 76.00000
276.00000, 77.00000
282.00000, 76.00000
284.00000, 74.00000
288.00000, 76.00000
296.00000, 72.00000
300.00000, 72.00000
784.00000, 72.00000
787.00000, 71.00000
788.00000, 69.00000
790.00000, 67.00000
792.00000, 71.00000
794.00000, 72.00000
796.00000, 74.00000
800.00000, 76.00000
828.00000, 72.00000
832.00000, 71.00000
834.00000, 67.00000
836.00000, 72.00000
840.00000, 71.00000
843.00000, 69.00000
844.00000, 71.00000
846.00000, 72.00000
848.00000, 69.00000
850.00000, 71.00000
853.00000, 67.00000
854.00000, 72.00000
856.00000, 71.00000
858.00000, 67.00000
860.00000, 69.00000
864.00000, 67.00000
870.00000, 79.00000
874.00000, 77.00000
875.00000, 76.00000
876.00000, 77.00000
878.00000, 79.00000
880.00000, 76.00000
882.00000, 77.00000
884.00000, 74.00000
886.00000, 79.00000
888.00000, 77.00000
890.00000, 74.00000
892.00000, 76.00000
896.00000, 74.00000
944.00000, 72.00000
947.00000, 74.00000
948.00000, 76.00000
949.00000, 77.00000
950.00000, 79.00000
954.00000, 77.00000
956.00000, 79.00000
958.00000, 76.00000
961.00000, 74.00000
962.00000, 72.00000
963.00000, 71.00000
964.00000, 69.00000
968.00000, 67.00000
1004.00000, 74.00000
1008.00000, 76.00000
1012.00000, 72.00000
1016.00000, 74.00000
1024.00000, 74.00000
1028.00000, 76.00000
1031.00000, 74.00000
1032.00000, 72.00000
1033.00000, 71.00000
1034.00000, 72.00000
1037.00000, 71.00000
1038.00000, 72.00000
1039.00000, 69.00000
1040.00000, 71.00000
1044.00000, 72.00000
1050.00000, 74.00000
1051.00000, 76.00000
1052.00000, 77.00000
1055.00000, 76.00000
1056.00000, 74.00000
1057.00000, 72.00000
1058.00000, 72.00000
1062.00000, 71.00000
1064.00000, 72.00000
1066.00000, 79.00000
1068.00000, 76.00000
1070.00000, 79.00000
1072.00000, 77.00000
1075.00000, 76.00000
1076.00000, 74.00000
1080.00000, 72.00000
1088.00000, 72.00000
1094.00000, 72.00000
1096.00000, 72.00000
1098.00000, 72.00000
1100.00000, 72.00000
1103.00000, 74.00000
1104.00000, 76.00000
