pattern1
occurrence1
0.00000, 72.00000
2.00000, 72.00000
4.00000, 72.00000
8.00000, 71.00000
10.00000, 69.00000
occurrence2
72.00000, 72.00000
74.00000, 72.00000
76.00000, 72.00000
80.00000, 71.00000
82.00000, 69.00000
occurrence3
220.00000, 72.00000
222.00000, 72.00000
224.00000, 72.00000
228.00000, 71.00000
230.00000, 69.00000
occurrence4
260.00000, 72.00000
262.00000, 72.00000
264.00000, 72.00000
268.00000, 71.00000
270.00000, 69.00000
occurrence5
344.00000, 72.00000
346.00000, 72.00000
348.00000, 72.00000
352.00000, 71.00000
354.00000, 69.00000
occurrence6
500.00000, 72.00000
502.00000, 72.00000
504.00000, 72.00000
508.00000, 71.00000
510.00000, 69.00000
pattern2
occurrence1
12.00000, 71.00000
14.00000, 72.00000
18.00000, 71.00000
19.00000, 69.00000
20.00000, 67.00000
22.00000, 69.00000
occurrence2
20.00000, 67.00000
22.00000, 69.00000
26.00000, 67.00000
30.00000, 66.00000
occurrence3
128.00000, 72.00000
130.00000, 74.00000
134.00000, 72.00000
138.00000, 71.00000
occurrence4
196.00000, 72.00000
198.00000, 74.00000
202.00000, 72.00000
206.00000, 71.00000
occurrence5
284.00000, 72.00000
286.00000, 74.00000
290.00000, 72.00000
294.00000, 71.00000
occurrence6
356.00000, 67.00000
358.00000, 69.00000
362.00000, 67.00000
366.00000, 66.00000
occurrence7
400.00000, 72.00000
402.00000, 74.00000
406.00000, 72.00000
410.00000, 71.00000
occurrence8
428.00000, 67.00000
430.00000, 69.00000
434.00000, 67.00000
438.00000, 66.00000
occurrence9
512.00000, 67.00000
514.00000, 69.00000
518.00000, 67.00000
522.00000, 66.00000
pattern3
occurrence1
0.00000, 72.00000
2.00000, 72.00000
4.00000, 72.00000
8.00000, 71.00000
10.00000, 69.00000
12.00000, 71.00000
14.00000, 72.00000
18.00000, 71.00000
19.00000, 69.00000
20.00000, 67.00000
22.00000, 69.00000
26.00000, 67.00000
30.00000, 66.00000
32.00000, 67.00000
40.00000, 72.00000
44.00000, 72.00000
46.00000, 72.00000
48.00000, 72.00000
occurrence2
14.00000, 72.00000
18.00000, 71.00000
19.00000, 69.00000
20.00000, 67.00000
22.00000, 69.00000
26.00000, 67.00000
30.00000, 66.00000
32.00000, 67.00000
40.00000, 72.00000
44.00000, 72.00000
46.00000, 72.00000
48.00000, 72.00000
52.00000, 72.00000
56.00000, 72.00000
58.00000, 72.00000
60.00000, 72.00000
62.00000, 72.00000
occurrence3
64.00000, 72.00000
72.00000, 72.00000
74.00000, 72.00000
76.00000, 72.00000
80.00000, 71.00000
82.00000, 69.00000
84.00000, 67.00000
86.00000, 69.00000
89.00000, 67.00000
90.00000, 66.00000
91.00000, 64.00000
92.00000, 66.00000
96.00000, 67.00000
104.00000, 72.00000
108.00000, 72.00000
110.00000, 72.00000
112.00000, 72.00000
occurrence4
176.00000, 72.00000
180.00000, 72.00000
182.00000, 72.00000
184.00000, 72.00000
188.00000, 72.00000
192.00000, 71.00000
196.00000, 72.00000
198.00000, 74.00000
202.00000, 72.00000
206.00000, 71.00000
208.00000, 72.00000
216.00000, 72.00000
218.00000, 72.00000
220.00000, 72.00000
222.00000, 72.00000
224.00000, 72.00000
occurrence5
216.00000, 72.00000
218.00000, 72.00000
220.00000, 72.00000
222.00000, 72.00000
224.00000, 72.00000
228.00000, 71.00000
230.00000, 69.00000
234.00000, 67.00000
238.00000, 66.00000
240.00000, 67.00000
248.00000, 72.00000
250.00000, 72.00000
252.00000, 72.00000
256.00000, 72.00000
260.00000, 72.00000
262.00000, 72.00000
264.00000, 72.00000
occurrence6
344.00000, 72.00000
346.00000, 72.00000
348.00000, 72.00000
352.00000, 71.00000
354.00000, 69.00000
356.00000, 67.00000
358.00000, 69.00000
362.00000, 67.00000
366.00000, 66.00000
368.00000, 67.00000
376.00000, 72.00000
378.00000, 72.00000
380.00000, 72.00000
384.00000, 72.00000
388.00000, 72.00000
390.00000, 72.00000
392.00000, 72.00000
occurrence7
420.00000, 72.00000
424.00000, 71.00000
426.00000, 69.00000
428.00000, 67.00000
430.00000, 69.00000
434.00000, 67.00000
438.00000, 66.00000
440.00000, 67.00000
448.00000, 72.00000
452.00000, 72.00000
454.00000, 72.00000
456.00000, 72.00000
460.00000, 72.00000
464.00000, 72.00000
466.00000, 72.00000
468.00000, 72.00000
occurrence8
456.00000, 72.00000
460.00000, 72.00000
464.00000, 72.00000
466.00000, 72.00000
468.00000, 72.00000
470.00000, 72.00000
472.00000, 72.00000
476.00000, 71.00000
480.00000, 72.00000
482.00000, 74.00000
485.00000, 72.00000
486.00000, 71.00000
487.00000, 69.00000
488.00000, 71.00000
492.00000, 72.00000
500.00000, 72.00000
502.00000, 72.00000
504.00000, 72.00000
pattern4
occurrence1
0.00000, 72.00000
2.00000, 72.00000
4.00000, 72.00000
8.00000, 71.00000
10.00000, 69.00000
12.00000, 71.00000
14.00000, 72.00000
18.00000, 71.00000
19.00000, 69.00000
20.00000, 67.00000
22.00000, 69.00000
26.00000, 67.00000
30.00000, 66.00000
32.00000, 67.00000
40.00000, 72.00000
44.00000, 72.00000
46.00000, 72.00000
48.00000, 72.00000
52.00000, 72.00000
56.00000, 72.00000
58.00000, 72.00000
60.00000, 72.00000
62.00000, 72.00000
64.00000, 72.00000
72.00000, 72.00000
74.00000, 72.00000
76.00000, 72.00000
80.00000, 71.00000
occurrence2
112.00000, 72.00000
116.00000, 71.00000
118.00000, 71.00000
120.00000, 69.00000
124.00000, 71.00000
128.00000, 72.00000
130.00000, 74.00000
134.00000, 72.00000
138.00000, 71.00000
140.00000, 72.00000
148.00000, 72.00000
152.00000, 71.00000
154.00000, 67.00000
156.00000, 69.00000
158.00000, 71.00000
162.00000, 67.00000
166.00000, 66.00000
168.00000, 67.00000
176.00000, 72.00000
180.00000, 72.00000
182.00000, 72.00000
184.00000, 72.00000
188.00000, 72.00000
192.00000, 71.00000
occurrence3
148.00000, 72.00000
152.00000, 71.00000
154.00000, 67.00000
156.00000, 69.00000
158.00000, 71.00000
162.00000, 67.00000
166.00000, 66.00000
168.00000, 67.00000
176.00000, 72.00000
180.00000, 72.00000
182.00000, 72.00000
184.00000, 72.00000
188.00000, 72.00000
192.00000, 71.00000
196.00000, 72.00000
198.00000, 74.00000
202.00000, 72.00000
206.00000, 71.00000
208.00000, 72.00000
216.00000, 72.00000
218.00000, 72.00000
220.00000, 72.00000
222.00000, 72.00000
224.00000, 72.00000
228.00000, 71.00000
occurrence4
188.00000, 72.00000
192.00000, 71.00000
196.00000, 72.00000
198.00000, 74.00000
202.00000, 72.00000
206.00000, 71.00000
208.00000, 72.00000
216.00000, 72.00000
218.00000, 72.00000
220.00000, 72.00000
222.00000, 72.00000
224.00000, 72.00000
228.00000, 71.00000
230.00000, 69.00000
234.00000, 67.00000
238.00000, 66.00000
240.00000, 67.00000
248.00000, 72.00000
250.00000, 72.00000
252.00000, 72.00000
256.00000, 72.00000
260.00000, 72.00000
262.00000, 72.00000
264.00000, 72.00000
268.00000, 71.00000
occurrence5
252.00000, 72.00000
256.00000, 72.00000
260.00000, 72.00000
262.00000, 72.00000
264.00000, 72.00000
268.00000, 71.00000
270.00000, 69.00000
274.00000, 67.00000
276.00000, 69.00000
280.00000, 71.00000
284.00000, 72.00000
286.00000, 74.00000
290.00000, 72.00000
294.00000, 71.00000
296.00000, 72.00000
304.00000, 72.00000
308.00000, 71.00000
310.00000, 69.00000
312.00000, 71.00000
316.00000, 72.00000
320.00000, 72.00000
322.00000, 72.00000
324.00000, 72.00000
326.00000, 72.00000
328.00000, 72.00000
332.00000, 71.00000
occurrence6
316.00000, 72.00000
320.00000, 72.00000
322.00000, 72.00000
324.00000, 72.00000
326.00000, 72.00000
328.00000, 72.00000
332.00000, 71.00000
334.00000, 71.00000
336.00000, 72.00000
342.00000, 72.00000
344.00000, 72.00000
346.00000, 72.00000
348.00000, 72.00000
352.00000, 71.00000
354.00000, 69.00000
356.00000, 67.00000
358.00000, 69.00000
362.00000, 67.00000
366.00000, 66.00000
368.00000, 67.00000
376.00000, 72.00000
378.00000, 72.00000
380.00000, 72.00000
384.00000, 72.00000
388.00000, 72.00000
390.00000, 72.00000
392.00000, 72.00000
396.00000, 71.00000
occurrence7
354.00000, 69.00000
356.00000, 67.00000
358.00000, 69.00000
362.00000, 67.00000
366.00000, 66.00000
368.00000, 67.00000
376.00000, 72.00000
378.00000, 72.00000
380.00000, 72.00000
384.00000, 72.00000
388.00000, 72.00000
390.00000, 72.00000
392.00000, 72.00000
396.00000, 71.00000
400.00000, 72.00000
402.00000, 74.00000
406.00000, 72.00000
410.00000, 71.00000
412.00000, 72.00000
420.00000, 72.00000
424.00000, 71.00000
426.00000, 69.00000
428.00000, 67.00000
430.00000, 69.00000
434.00000, 67.00000
pattern5
occurrence1
0.00000, 72.00000
2.00000, 72.00000
4.00000, 72.00000
8.00000, 71.00000
10.00000, 69.00000
12.00000, 71.00000
14.00000, 72.00000
occurrence2
44.00000, 72.00000
46.00000, 72.00000
48.00000, 72.00000
52.00000, 72.00000
56.00000, 72.00000
58.00000, 72.00000
occurrence3
58.00000, 72.00000
60.00000, 72.00000
62.00000, 72.00000
64.00000, 72.00000
72.00000, 72.00000
occurrence4
60.00000, 72.00000
62.00000, 72.00000
64.00000, 72.00000
72.00000, 72.00000
74.00000, 72.00000
occurrence5
248.00000, 72.00000
250.00000, 72.00000
252.00000, 72.00000
256.00000, 72.00000
260.00000, 72.00000
262.00000, 72.00000
occurrence6
322.00000, 72.00000
324.00000, 72.00000
326.00000, 72.00000
328.00000, 72.00000
332.00000, 71.00000
334.00000, 71.00000
336.00000, 72.00000
occurrence7
376.00000, 72.00000
378.00000, 72.00000
380.00000, 72.00000
384.00000, 72.00000
388.00000, 72.00000
390.00000, 72.00000
occurrence8
452.00000, 72.00000
454.00000, 72.00000
456.00000, 72.00000
460.00000, 72.00000
464.00000, 72.00000
466.00000, 72.00000
occurrence9
466.00000, 72.00000
468.00000, 72.00000
470.00000, 72.00000
472.00000, 72.00000
476.00000, 71.00000
480.00000, 72.00000
pattern6
occurrence1
26.00000, 67.00000
30.00000, 66.00000
32.00000, 67.00000
40.00000, 72.00000
44.00000, 72.00000
46.00000, 72.00000
48.00000, 72.00000
52.00000, 72.00000
56.00000, 72.00000
58.00000, 72.00000
60.00000, 72.00000
62.00000, 72.00000
64.00000, 72.00000
72.00000, 72.00000
74.00000, 72.00000
76.00000, 72.00000
80.00000, 71.00000
82.00000, 69.00000
84.00000, 67.00000
86.00000, 69.00000
89.00000, 67.00000
90.00000, 66.00000
91.00000, 64.00000
92.00000, 66.00000
96.00000, 67.00000
104.00000, 72.00000
108.00000, 72.00000
110.00000, 72.00000
112.00000, 72.00000
116.00000, 71.00000
118.00000, 71.00000
120.00000, 69.00000
124.00000, 71.00000
128.00000, 72.00000
130.00000, 74.00000
134.00000, 72.00000
138.00000, 71.00000
140.00000, 72.00000
148.00000, 72.00000
152.00000, 71.00000
154.00000, 67.00000
156.00000, 69.00000
158.00000, 71.00000
162.00000, 67.00000
166.00000, 66.00000
168.00000, 67.00000
176.00000, 72.00000
180.00000, 72.00000
182.00000, 72.00000
184.00000, 72.00000
188.00000, 72.00000
192.00000, 71.00000
196.00000, 72.00000
198.00000, 74.00000
202.00000, 72.00000
206.00000, 71.00000
208.00000, 72.00000
216.00000, 72.00000
218.00000, 72.00000
220.00000, 72.00000
222.00000, 72.00000
224.00000, 72.00000
228.00000, 71.00000
230.00000, 69.00000
234.00000, 67.00000
occurrence2
52.00000, 72.00000
56.00000, 72.00000
58.00000, 72.00000
60.00000, 72.00000
62.00000, 72.00000
64.00000, 72.00000
72.00000, 72.00000
74.00000, 72.00000
76.00000, 72.00000
80.00000, 71.00000
82.00000, 69.00000
84.00000, 67.00000
86.00000, 69.00000
89.00000, 67.00000
90.00000, 66.00000
91.00000, 64.00000
92.00000, 66.00000
96.00000, 67.00000
104.00000, 72.00000
108.00000, 72.00000
110.00000, 72.00000
112.00000, 72.00000
116.00000, 71.00000
118.00000, 71.00000
120.00000, 69.00000
124.00000, 71.00000
128.00000, 72.00000
130.00000, 74.00000
134.00000, 72.00000
138.00000, 71.00000
140.00000, 72.00000
148.00000, 72.00000
152.00000, 71.00000
154.00000, 67.00000
156.00000, 69.00000
158.00000, 71.00000
162.00000, 67.00000
166.00000, 66.00000
168.00000, 67.00000
176.00000, 72.00000
180.00000, 72.00000
182.00000, 72.00000
184.00000, 72.00000
188.00000, 72.00000
192.00000, 71.00000
196.00000, 72.00000
198.00000, 74.00000
202.00000, 72.00000
206.00000, 71.00000
208.00000, 72.00000
216.00000, 72.00000
218.00000, 72.00000
220.00000, 72.00000
222.00000, 72.00000
224.00000, 72.00000
228.00000, 71.00000
230.00000, 69.00000
234.00000, 67.00000
238.00000, 66.00000
240.00000, 67.00000
248.00000, 72.00000
250.00000, 72.00000
252.00000, 72.00000
256.00000, 72.00000
260.00000, 72.00000
occurrence3
284.00000, 72.00000
286.00000, 74.00000
290.00000, 72.00000
294.00000, 71.00000
296.00000, 72.00000
304.00000, 72.00000
308.00000, 71.00000
310.00000, 69.00000
312.00000, 71.00000
316.00000, 72.00000
320.00000, 72.00000
322.00000, 72.00000
324.00000, 72.00000
326.00000, 72.00000
328.00000, 72.00000
332.00000, 71.00000
334.00000, 71.00000
336.00000, 72.00000
342.00000, 72.00000
344.00000, 72.00000
346.00000, 72.00000
348.00000, 72.00000
352.00000, 71.00000
354.00000, 69.00000
356.00000, 67.00000
358.00000, 69.00000
362.00000, 67.00000
366.00000, 66.00000
368.00000, 67.00000
376.00000, 72.00000
378.00000, 72.00000
380.00000, 72.00000
384.00000, 72.00000
388.00000, 72.00000
390.00000, 72.00000
392.00000, 72.00000
396.00000, 71.00000
400.00000, 72.00000
402.00000, 74.00000
406.00000, 72.00000
410.00000, 71.00000
412.00000, 72.00000
420.00000, 72.00000
424.00000, 71.00000
426.00000, 69.00000
428.00000, 67.00000
430.00000, 69.00000
434.00000, 67.00000
438.00000, 66.00000
440.00000, 67.00000
448.00000, 72.00000
452.00000, 72.00000
454.00000, 72.00000
456.00000, 72.00000
460.00000, 72.00000
464.00000, 72.00000
466.00000, 72.00000
468.00000, 72.00000
470.00000, 72.00000
472.00000, 72.00000
476.00000, 71.00000
480.00000, 72.00000
482.00000, 74.00000
485.00000, 72.00000
486.00000, 71.00000
487.00000, 69.00000
488.00000, 71.00000
492.00000, 72.00000
pattern7
occurrence1
80.00000, 71.00000
82.00000, 69.00000
84.00000, 67.00000
86.00000, 69.00000
89.00000, 67.00000
90.00000, 66.00000
91.00000, 64.00000
92.00000, 66.00000
96.00000, 67.00000
occurrence2
104.00000, 72.00000
108.00000, 72.00000
110.00000, 72.00000
112.00000, 72.00000
116.00000, 71.00000
118.00000, 71.00000
120.00000, 69.00000
occurrence3
138.00000, 71.00000
140.00000, 72.00000
148.00000, 72.00000
152.00000, 71.00000
154.00000, 67.00000
occurrence4
140.00000, 72.00000
148.00000, 72.00000
152.00000, 71.00000
154.00000, 67.00000
156.00000, 69.00000
occurrence5
152.00000, 71.00000
154.00000, 67.00000
156.00000, 69.00000
158.00000, 71.00000
162.00000, 67.00000
166.00000, 66.00000
168.00000, 67.00000
occurrence6
260.00000, 72.00000
262.00000, 72.00000
264.00000, 72.00000
268.00000, 71.00000
270.00000, 69.00000
274.00000, 67.00000
276.00000, 69.00000
occurrence7
342.00000, 72.00000
344.00000, 72.00000
346.00000, 72.00000
348.00000, 72.00000
352.00000, 71.00000
354.00000, 69.00000
356.00000, 67.00000
358.00000, 69.00000
occurrence8
352.00000, 71.00000
354.00000, 69.00000
356.00000, 67.00000
358.00000, 69.00000
362.00000, 67.00000
366.00000, 66.00000
368.00000, 67.00000
occurrence9
424.00000, 71.00000
426.00000, 69.00000
428.00000, 67.00000
430.00000, 69.00000
434.00000, 67.00000
438.00000, 66.00000
440.00000, 67.00000
occurrence10
508.00000, 71.00000
510.00000, 69.00000
512.00000, 67.00000
514.00000, 69.00000
518.00000, 67.00000
522.00000, 66.00000
524.00000, 67.00000
pattern8
occurrence1
84.00000, 67.00000
86.00000, 69.00000
89.00000, 67.00000
90.00000, 66.00000
91.00000, 64.00000
92.00000, 66.00000
96.00000, 67.00000
occurrence2
480.00000, 72.00000
482.00000, 74.00000
485.00000, 72.00000
486.00000, 71.00000
487.00000, 69.00000
488.00000, 71.00000
492.00000, 72.00000
pattern9
occurrence1
19.00000, 69.00000
20.00000, 67.00000
22.00000, 69.00000
26.00000, 67.00000
30.00000, 66.00000
32.00000, 67.00000
40.00000, 72.00000
44.00000, 72.00000
46.00000, 72.00000
48.00000, 72.00000
52.00000, 72.00000
56.00000, 72.00000
58.00000, 72.00000
60.00000, 72.00000
62.00000, 72.00000
64.00000, 72.00000
72.00000, 72.00000
74.00000, 72.00000
76.00000, 72.00000
80.00000, 71.00000
82.00000, 69.00000
84.00000, 67.00000
86.00000, 69.00000
89.00000, 67.00000
90.00000, 66.00000
91.00000, 64.00000
92.00000, 66.00000
96.00000, 67.00000
104.00000, 72.00000
108.00000, 72.00000
110.00000, 72.00000
112.00000, 72.00000
116.00000, 71.00000
118.00000, 71.00000
120.00000, 69.00000
124.00000, 71.00000
128.00000, 72.00000
130.00000, 74.00000
134.00000, 72.00000
138.00000, 71.00000
140.00000, 72.00000
148.00000, 72.00000
152.00000, 71.00000
154.00000, 67.00000
156.00000, 69.00000
158.00000, 71.00000
162.00000, 67.00000
166.00000, 66.00000
168.00000, 67.00000
176.00000, 72.00000
180.00000, 72.00000
182.00000, 72.00000
184.00000, 72.00000
188.00000, 72.00000
192.00000, 71.00000
196.00000, 72.00000
198.00000, 74.00000
202.00000, 72.00000
206.00000, 71.00000
208.00000, 72.00000
216.00000, 72.00000
218.00000, 72.00000
220.00000, 72.00000
222.00000, 72.00000
224.00000, 72.00000
228.00000, 71.00000
230.00000, 69.00000
234.00000, 67.00000
238.00000, 66.00000
240.00000, 67.00000
248.00000, 72.00000
250.00000, 72.00000
252.00000, 72.00000
256.00000, 72.00000
260.00000, 72.00000
262.00000, 72.00000
264.00000, 72.00000
268.00000, 71.00000
270.00000, 69.00000
274.00000, 67.00000
276.00000, 69.00000
280.00000, 71.00000
284.00000, 72.00000
286.00000, 74.00000
290.00000, 72.00000
294.00000, 71.00000
296.00000, 72.00000
304.00000, 72.00000
308.00000, 71.00000
310.00000, 69.00000
312.00000, 71.00000
316.00000, 72.00000
320.00000, 72.00000
322.00000, 72.00000
324.00000, 72.00000
326.00000, 72.00000
328.00000, 72.00000
332.00000, 71.00000
334.00000, 71.00000
336.00000, 72.00000
342.00000, 72.00000
344.00000, 72.00000
346.00000, 72.00000
348.00000, 72.00000
352.00000, 71.00000
354.00000, 69.00000
356.00000, 67.00000
358.00000, 69.00000
362.00000, 67.00000
366.00000, 66.00000
368.00000, 67.00000
376.00000, 72.00000
378.00000, 72.00000
380.00000, 72.00000
384.00000, 72.00000
388.00000, 72.00000
390.00000, 72.00000
392.00000, 72.00000
396.00000, 71.00000
400.00000, 72.00000
402.00000, 74.00000
406.00000, 72.00000
410.00000, 71.00000
412.00000, 72.00000
420.00000, 72.00000
424.00000, 71.00000
426.00000, 69.00000
428.00000, 67.00000
430.00000, 69.00000
434.00000, 67.00000
438.00000, 66.00000
440.00000, 67.00000
448.00000, 72.00000
452.00000, 72.00000
454.00000, 72.00000
456.00000, 72.00000
460.00000, 72.00000
464.00000, 72.00000
466.00000, 72.00000
468.00000, 72.00000
470.00000, 72.00000
472.00000, 72.00000
476.00000, 71.00000
