pattern1
occurrence1
206.00000, 69.00000
209.00000, 67.00000
210.00000, 67.00000
214.00000, 66.00000
216.00000, 67.00000
occurrence2
342.00000, 67.00000
345.00000, 65.00000
346.00000, 65.00000
350.00000, 64.00000
352.00000, 65.00000
occurrence3
382.00000, 69.00000
385.00000, 67.00000
386.00000, 67.00000
390.00000, 66.00000
392.00000, 67.00000
occurrence4
470.00000, 69.00000
473.00000, 67.00000
474.00000, 67.00000
478.00000, 66.00000
480.00000, 67.00000
occurrence5
534.00000, 69.00000
537.00000, 67.00000
538.00000, 67.00000
542.00000, 66.00000
544.00000, 67.00000
occurrence6
614.00000, 69.00000
617.00000, 67.00000
618.00000, 67.00000
622.00000, 66.00000
624.00000, 67.00000
occurrence7
670.00000, 69.00000
673.00000, 67.00000
674.00000, 67.00000
678.00000, 66.00000
680.00000, 67.00000
occurrence8
838.00000, 69.00000
841.00000, 67.00000
842.00000, 67.00000
846.00000, 66.00000
848.00000, 67.00000
occurrence9
1030.00000, 69.00000
1033.00000, 67.00000
1034.00000, 67.00000
1038.00000, 66.00000
1040.00000, 67.00000
occurrence10
1182.00000, 69.00000
1185.00000, 67.00000
1186.00000, 67.00000
1190.00000, 66.00000
1192.00000, 67.00000
occurrence11
1294.00000, 69.00000
1297.00000, 67.00000
1298.00000, 67.00000
1302.00000, 66.00000
1304.00000, 67.00000
occurrence12
1570.00000, 69.00000
1573.00000, 67.00000
1574.00000, 67.00000
1578.00000, 66.00000
1580.00000, 67.00000
pattern2
occurrence1
414.00000, 70.00000
417.00000, 69.00000
418.00000, 67.00000
419.00000, 65.00000
occurrence2
439.00000, 70.00000
440.00000, 72.00000
441.00000, 70.00000
442.00000, 69.00000
443.00000, 67.00000
444.00000, 65.00000
occurrence3
490.00000, 67.00000
493.00000, 65.00000
494.00000, 64.00000
495.00000, 62.00000
occurrence4
874.00000, 72.00000
877.00000, 70.00000
878.00000, 69.00000
879.00000, 67.00000
occurrence5
1234.00000, 70.00000
1237.00000, 69.00000
1238.00000, 67.00000
1239.00000, 65.00000
occurrence6
1550.00000, 74.00000
1553.00000, 72.00000
1554.00000, 70.00000
1555.00000, 69.00000
pattern3
occurrence1
340.00000, 69.00000
342.00000, 67.00000
345.00000, 65.00000
346.00000, 65.00000
occurrence2
612.00000, 70.00000
614.00000, 69.00000
617.00000, 67.00000
618.00000, 67.00000
occurrence3
836.00000, 70.00000
838.00000, 69.00000
841.00000, 67.00000
842.00000, 67.00000
occurrence4
1292.00000, 70.00000
1294.00000, 69.00000
1297.00000, 67.00000
1298.00000, 67.00000
occurrence5
1556.00000, 70.00000
1558.00000, 69.00000
1561.00000, 67.00000
1562.00000, 67.00000
pattern4
occurrence1
326.00000, 67.00000
328.00000, 69.00000
330.00000, 72.00000
333.00000, 70.00000
occurrence2
374.00000, 65.00000
376.00000, 67.00000
378.00000, 70.00000
381.00000, 69.00000
occurrence3
486.00000, 62.00000
488.00000, 64.00000
490.00000, 67.00000
493.00000, 65.00000
occurrence4
1522.00000, 65.00000
1524.00000, 67.00000
1526.00000, 70.00000
1529.00000, 69.00000
occurrence5
1534.00000, 69.00000
1536.00000, 70.00000
1538.00000, 74.00000
1541.00000, 72.00000
pattern5
occurrence1
466.00000, 69.00000
467.00000, 70.00000
468.00000, 72.00000
470.00000, 69.00000
473.00000, 67.00000
474.00000, 67.00000
478.00000, 66.00000
480.00000, 67.00000
occurrence2
490.00000, 67.00000
493.00000, 65.00000
494.00000, 64.00000
495.00000, 62.00000
496.00000, 60.00000
498.00000, 65.00000
502.00000, 64.00000
504.00000, 65.00000
occurrence3
950.00000, 74.00000
954.00000, 72.00000
956.00000, 69.00000
958.00000, 72.00000
961.00000, 69.00000
962.00000, 70.00000
964.00000, 72.00000
occurrence4
1178.00000, 69.00000
1180.00000, 62.00000
1182.00000, 69.00000
1185.00000, 67.00000
1186.00000, 67.00000
1190.00000, 66.00000
1192.00000, 67.00000
pattern6
occurrence1
128.00000, 72.00000
132.00000, 70.00000
136.00000, 69.00000
138.00000, 67.00000
140.00000, 69.00000
144.00000, 67.00000
occurrence2
194.00000, 72.00000
198.00000, 70.00000
200.00000, 67.00000
202.00000, 70.00000
205.00000, 69.00000
206.00000, 69.00000
209.00000, 67.00000
210.00000, 67.00000
occurrence3
950.00000, 74.00000
954.00000, 72.00000
956.00000, 69.00000
958.00000, 72.00000
961.00000, 69.00000
962.00000, 70.00000
964.00000, 72.00000
965.00000, 70.00000
966.00000, 69.00000
occurrence4
1484.00000, 70.00000
1488.00000, 69.00000
1494.00000, 67.00000
1496.00000, 67.00000
1500.00000, 65.00000
pattern7
occurrence1
496.00000, 60.00000
498.00000, 65.00000
502.00000, 64.00000
504.00000, 65.00000
512.00000, 69.00000
516.00000, 70.00000
518.00000, 67.00000
520.00000, 69.00000
524.00000, 62.00000
526.00000, 70.00000
528.00000, 69.00000
530.00000, 72.00000
533.00000, 70.00000
534.00000, 69.00000
537.00000, 67.00000
538.00000, 67.00000
542.00000, 66.00000
544.00000, 67.00000
600.00000, 62.00000
604.00000, 65.00000
608.00000, 67.00000
611.00000, 69.00000
612.00000, 70.00000
614.00000, 69.00000
617.00000, 67.00000
618.00000, 67.00000
622.00000, 66.00000
624.00000, 67.00000
630.00000, 65.00000
632.00000, 70.00000
634.00000, 67.00000
636.00000, 69.00000
658.00000, 65.00000
660.00000, 70.00000
662.00000, 67.00000
664.00000, 69.00000
666.00000, 62.00000
667.00000, 64.00000
668.00000, 65.00000
669.00000, 67.00000
670.00000, 69.00000
673.00000, 67.00000
674.00000, 67.00000
678.00000, 66.00000
680.00000, 67.00000
808.00000, 62.00000
occurrence2
630.00000, 65.00000
632.00000, 70.00000
634.00000, 67.00000
636.00000, 69.00000
658.00000, 65.00000
660.00000, 70.00000
662.00000, 67.00000
664.00000, 69.00000
666.00000, 62.00000
667.00000, 64.00000
668.00000, 65.00000
669.00000, 67.00000
670.00000, 69.00000
673.00000, 67.00000
674.00000, 67.00000
678.00000, 66.00000
680.00000, 67.00000
808.00000, 62.00000
816.00000, 65.00000
820.00000, 67.00000
824.00000, 70.00000
832.00000, 72.00000
836.00000, 70.00000
838.00000, 69.00000
841.00000, 67.00000
842.00000, 67.00000
846.00000, 66.00000
848.00000, 67.00000
866.00000, 65.00000
868.00000, 70.00000
871.00000, 69.00000
872.00000, 67.00000
874.00000, 72.00000
877.00000, 70.00000
878.00000, 69.00000
879.00000, 67.00000
880.00000, 69.00000
882.00000, 67.00000
886.00000, 66.00000
888.00000, 67.00000
942.00000, 67.00000
occurrence3
948.00000, 69.00000
950.00000, 74.00000
954.00000, 72.00000
956.00000, 69.00000
958.00000, 72.00000
961.00000, 69.00000
962.00000, 70.00000
964.00000, 72.00000
965.00000, 70.00000
966.00000, 69.00000
967.00000, 67.00000
968.00000, 65.00000
1014.00000, 69.00000
1016.00000, 65.00000
1018.00000, 70.00000
1021.00000, 69.00000
1022.00000, 69.00000
1025.00000, 67.00000
1026.00000, 67.00000
1027.00000, 65.00000
1027.50000, 64.00000
1028.00000, 65.00000
1030.00000, 69.00000
1033.00000, 67.00000
1034.00000, 67.00000
1038.00000, 66.00000
1040.00000, 67.00000
1082.00000, 69.00000
1084.00000, 70.00000
1086.00000, 72.00000
1088.00000, 65.00000
1092.00000, 64.00000
1096.00000, 62.00000
1098.00000, 74.00000
1101.00000, 72.00000
1102.00000, 69.00000
1105.00000, 70.00000
1106.00000, 72.00000
1107.00000, 69.00000
1108.00000, 70.00000
1110.00000, 69.00000
1112.00000, 65.00000
1114.00000, 70.00000
1117.00000, 69.00000
1117.50000, 67.00000
1118.00000, 69.00000
1120.00000, 62.00000
1122.00000, 67.00000
1126.00000, 66.00000
1128.00000, 67.00000
1170.00000, 70.00000
1173.00000, 69.00000
1174.00000, 65.00000
1176.00000, 67.00000
1178.00000, 69.00000
1180.00000, 62.00000
1182.00000, 69.00000
1185.00000, 67.00000
1186.00000, 67.00000
1190.00000, 66.00000
1192.00000, 67.00000
1198.00000, 67.00000
1200.00000, 70.00000
1204.00000, 69.00000
1206.00000, 74.00000
1209.00000, 72.00000
1210.00000, 69.00000
1212.00000, 70.00000
1215.00000, 72.00000
1216.00000, 74.00000
1218.00000, 67.00000
1234.00000, 70.00000
1237.00000, 69.00000
1238.00000, 67.00000
1239.00000, 65.00000
1240.00000, 67.00000
1242.00000, 65.00000
1246.00000, 64.00000
1247.00000, 62.00000
1248.00000, 64.00000
1252.00000, 62.00000
1258.00000, 69.00000
1260.00000, 70.00000
occurrence4
1112.00000, 65.00000
1114.00000, 70.00000
1117.00000, 69.00000
1117.50000, 67.00000
1118.00000, 69.00000
1120.00000, 62.00000
1122.00000, 67.00000
1126.00000, 66.00000
1128.00000, 67.00000
1170.00000, 70.00000
1173.00000, 69.00000
1174.00000, 65.00000
1176.00000, 67.00000
1178.00000, 69.00000
1180.00000, 62.00000
1182.00000, 69.00000
1185.00000, 67.00000
1186.00000, 67.00000
1190.00000, 66.00000
1192.00000, 67.00000
1198.00000, 67.00000
1200.00000, 70.00000
1204.00000, 69.00000
1206.00000, 74.00000
1209.00000, 72.00000
1210.00000, 69.00000
1212.00000, 70.00000
1215.00000, 72.00000
1216.00000, 74.00000
1218.00000, 67.00000
1234.00000, 70.00000
1237.00000, 69.00000
1238.00000, 67.00000
1239.00000, 65.00000
1240.00000, 67.00000
1242.00000, 65.00000
1246.00000, 64.00000
1247.00000, 62.00000
1248.00000, 64.00000
1252.00000, 62.00000
1258.00000, 69.00000
1260.00000, 70.00000
1263.00000, 69.00000
1264.00000, 67.00000
1266.00000, 65.00000
1268.00000, 67.00000
1271.00000, 69.00000
1272.00000, 70.00000
1273.00000, 67.00000
1274.00000, 69.00000
1276.00000, 62.00000
1286.00000, 67.00000
1288.00000, 74.00000
1291.00000, 72.00000
1292.00000, 70.00000
1294.00000, 69.00000
1297.00000, 67.00000
1298.00000, 67.00000
1302.00000, 66.00000
1304.00000, 67.00000
1388.00000, 74.00000
1394.00000, 72.00000
1396.00000, 69.00000
1400.00000, 70.00000
1404.00000, 69.00000
1410.00000, 67.00000
1412.00000, 67.00000
1420.00000, 66.00000
1424.00000, 67.00000
pattern8
occurrence1
292.00000, 72.00000
296.00000, 74.00000
302.00000, 72.00000
304.00000, 70.00000
308.00000, 69.00000
312.00000, 67.00000
326.00000, 67.00000
328.00000, 69.00000
330.00000, 72.00000
333.00000, 70.00000
334.00000, 67.00000
336.00000, 70.00000
340.00000, 69.00000
342.00000, 67.00000
345.00000, 65.00000
346.00000, 65.00000
350.00000, 64.00000
352.00000, 65.00000
374.00000, 65.00000
376.00000, 67.00000
378.00000, 70.00000
381.00000, 69.00000
382.00000, 69.00000
385.00000, 67.00000
386.00000, 67.00000
390.00000, 66.00000
392.00000, 67.00000
398.00000, 74.00000
401.00000, 72.00000
402.00000, 69.00000
404.00000, 70.00000
408.00000, 69.00000
410.00000, 74.00000
413.00000, 72.00000
414.00000, 70.00000
417.00000, 69.00000
418.00000, 67.00000
419.00000, 65.00000
420.00000, 72.00000
424.00000, 70.00000
428.00000, 69.00000
431.00000, 67.00000
432.00000, 69.00000
434.00000, 70.00000
occurrence2
378.00000, 70.00000
381.00000, 69.00000
382.00000, 69.00000
385.00000, 67.00000
386.00000, 67.00000
390.00000, 66.00000
392.00000, 67.00000
398.00000, 74.00000
401.00000, 72.00000
402.00000, 69.00000
404.00000, 70.00000
408.00000, 69.00000
410.00000, 74.00000
413.00000, 72.00000
414.00000, 70.00000
417.00000, 69.00000
418.00000, 67.00000
419.00000, 65.00000
420.00000, 72.00000
424.00000, 70.00000
428.00000, 69.00000
431.00000, 67.00000
432.00000, 69.00000
434.00000, 70.00000
437.00000, 67.00000
438.00000, 69.00000
439.00000, 70.00000
440.00000, 72.00000
441.00000, 70.00000
442.00000, 69.00000
443.00000, 67.00000
444.00000, 65.00000
450.00000, 70.00000
452.00000, 69.00000
454.00000, 65.00000
456.00000, 67.00000
460.00000, 65.00000
462.00000, 62.00000
463.00000, 64.00000
464.00000, 65.00000
465.00000, 67.00000
466.00000, 69.00000
467.00000, 70.00000
468.00000, 72.00000
470.00000, 69.00000
473.00000, 67.00000
474.00000, 67.00000
478.00000, 66.00000
480.00000, 67.00000
486.00000, 62.00000
488.00000, 64.00000
490.00000, 67.00000
493.00000, 65.00000
494.00000, 64.00000
495.00000, 62.00000
496.00000, 60.00000
498.00000, 65.00000
502.00000, 64.00000
504.00000, 65.00000
512.00000, 69.00000
516.00000, 70.00000
518.00000, 67.00000
520.00000, 69.00000
occurrence3
402.00000, 69.00000
404.00000, 70.00000
408.00000, 69.00000
410.00000, 74.00000
413.00000, 72.00000
414.00000, 70.00000
417.00000, 69.00000
418.00000, 67.00000
419.00000, 65.00000
420.00000, 72.00000
424.00000, 70.00000
428.00000, 69.00000
431.00000, 67.00000
432.00000, 69.00000
434.00000, 70.00000
437.00000, 67.00000
438.00000, 69.00000
439.00000, 70.00000
440.00000, 72.00000
441.00000, 70.00000
442.00000, 69.00000
443.00000, 67.00000
444.00000, 65.00000
450.00000, 70.00000
452.00000, 69.00000
454.00000, 65.00000
456.00000, 67.00000
460.00000, 65.00000
462.00000, 62.00000
463.00000, 64.00000
464.00000, 65.00000
465.00000, 67.00000
466.00000, 69.00000
467.00000, 70.00000
468.00000, 72.00000
470.00000, 69.00000
473.00000, 67.00000
474.00000, 67.00000
478.00000, 66.00000
480.00000, 67.00000
486.00000, 62.00000
488.00000, 64.00000
490.00000, 67.00000
493.00000, 65.00000
494.00000, 64.00000
495.00000, 62.00000
496.00000, 60.00000
498.00000, 65.00000
502.00000, 64.00000
504.00000, 65.00000
512.00000, 69.00000
516.00000, 70.00000
518.00000, 67.00000
520.00000, 69.00000
524.00000, 62.00000
526.00000, 70.00000
528.00000, 69.00000
530.00000, 72.00000
533.00000, 70.00000
534.00000, 69.00000
537.00000, 67.00000
538.00000, 67.00000
542.00000, 66.00000
544.00000, 67.00000
occurrence4
1394.00000, 72.00000
1396.00000, 69.00000
1400.00000, 70.00000
1404.00000, 69.00000
1410.00000, 67.00000
1412.00000, 67.00000
1420.00000, 66.00000
1424.00000, 67.00000
1472.00000, 74.00000
1478.00000, 72.00000
1480.00000, 69.00000
1484.00000, 70.00000
1488.00000, 69.00000
1494.00000, 67.00000
1496.00000, 67.00000
1500.00000, 65.00000
1508.00000, 67.00000
1522.00000, 65.00000
1524.00000, 67.00000
1526.00000, 70.00000
1529.00000, 69.00000
1529.50000, 67.00000
1530.00000, 69.00000
1532.00000, 62.00000
1534.00000, 69.00000
1536.00000, 70.00000
pattern9
occurrence1
463.00000, 64.00000
464.00000, 65.00000
465.00000, 67.00000
466.00000, 69.00000
467.00000, 70.00000
468.00000, 72.00000
470.00000, 69.00000
occurrence2
666.00000, 62.00000
667.00000, 64.00000
668.00000, 65.00000
669.00000, 67.00000
670.00000, 69.00000
673.00000, 67.00000
occurrence3
1566.00000, 62.00000
1567.00000, 64.00000
1568.00000, 65.00000
1569.00000, 67.00000
1570.00000, 69.00000
1573.00000, 67.00000
pattern10
occurrence1
420.00000, 72.00000
424.00000, 70.00000
428.00000, 69.00000
431.00000, 67.00000
432.00000, 69.00000
434.00000, 70.00000
437.00000, 67.00000
438.00000, 69.00000
439.00000, 70.00000
440.00000, 72.00000
441.00000, 70.00000
442.00000, 69.00000
443.00000, 67.00000
444.00000, 65.00000
450.00000, 70.00000
452.00000, 69.00000
454.00000, 65.00000
456.00000, 67.00000
460.00000, 65.00000
462.00000, 62.00000
463.00000, 64.00000
464.00000, 65.00000
465.00000, 67.00000
466.00000, 69.00000
467.00000, 70.00000
468.00000, 72.00000
470.00000, 69.00000
473.00000, 67.00000
474.00000, 67.00000
478.00000, 66.00000
480.00000, 67.00000
486.00000, 62.00000
488.00000, 64.00000
490.00000, 67.00000
493.00000, 65.00000
494.00000, 64.00000
495.00000, 62.00000
496.00000, 60.00000
498.00000, 65.00000
502.00000, 64.00000
504.00000, 65.00000
512.00000, 69.00000
516.00000, 70.00000
518.00000, 67.00000
520.00000, 69.00000
524.00000, 62.00000
526.00000, 70.00000
528.00000, 69.00000
530.00000, 72.00000
533.00000, 70.00000
534.00000, 69.00000
537.00000, 67.00000
538.00000, 67.00000
542.00000, 66.00000
544.00000, 67.00000
600.00000, 62.00000
604.00000, 65.00000
608.00000, 67.00000
611.00000, 69.00000
612.00000, 70.00000
614.00000, 69.00000
617.00000, 67.00000
618.00000, 67.00000
622.00000, 66.00000
624.00000, 67.00000
630.00000, 65.00000
632.00000, 70.00000
634.00000, 67.00000
636.00000, 69.00000
658.00000, 65.00000
660.00000, 70.00000
662.00000, 67.00000
664.00000, 69.00000
666.00000, 62.00000
667.00000, 64.00000
668.00000, 65.00000
669.00000, 67.00000
670.00000, 69.00000
673.00000, 67.00000
674.00000, 67.00000
occurrence2
424.00000, 70.00000
428.00000, 69.00000
431.00000, 67.00000
432.00000, 69.00000
434.00000, 70.00000
437.00000, 67.00000
438.00000, 69.00000
439.00000, 70.00000
440.00000, 72.00000
441.00000, 70.00000
442.00000, 69.00000
443.00000, 67.00000
444.00000, 65.00000
450.00000, 70.00000
452.00000, 69.00000
454.00000, 65.00000
456.00000, 67.00000
460.00000, 65.00000
462.00000, 62.00000
463.00000, 64.00000
464.00000, 65.00000
465.00000, 67.00000
466.00000, 69.00000
467.00000, 70.00000
468.00000, 72.00000
470.00000, 69.00000
473.00000, 67.00000
474.00000, 67.00000
478.00000, 66.00000
480.00000, 67.00000
486.00000, 62.00000
488.00000, 64.00000
490.00000, 67.00000
493.00000, 65.00000
494.00000, 64.00000
495.00000, 62.00000
496.00000, 60.00000
498.00000, 65.00000
502.00000, 64.00000
504.00000, 65.00000
512.00000, 69.00000
516.00000, 70.00000
518.00000, 67.00000
520.00000, 69.00000
524.00000, 62.00000
526.00000, 70.00000
528.00000, 69.00000
530.00000, 72.00000
533.00000, 70.00000
534.00000, 69.00000
537.00000, 67.00000
538.00000, 67.00000
542.00000, 66.00000
544.00000, 67.00000
600.00000, 62.00000
604.00000, 65.00000
608.00000, 67.00000
611.00000, 69.00000
612.00000, 70.00000
614.00000, 69.00000
617.00000, 67.00000
618.00000, 67.00000
622.00000, 66.00000
624.00000, 67.00000
630.00000, 65.00000
632.00000, 70.00000
634.00000, 67.00000
636.00000, 69.00000
658.00000, 65.00000
660.00000, 70.00000
662.00000, 67.00000
664.00000, 69.00000
666.00000, 62.00000
667.00000, 64.00000
668.00000, 65.00000
669.00000, 67.00000
670.00000, 69.00000
673.00000, 67.00000
674.00000, 67.00000
678.00000, 66.00000
occurrence3
632.00000, 70.00000
634.00000, 67.00000
636.00000, 69.00000
658.00000, 65.00000
660.00000, 70.00000
662.00000, 67.00000
664.00000, 69.00000
666.00000, 62.00000
667.00000, 64.00000
668.00000, 65.00000
669.00000, 67.00000
670.00000, 69.00000
673.00000, 67.00000
674.00000, 67.00000
678.00000, 66.00000
680.00000, 67.00000
808.00000, 62.00000
816.00000, 65.00000
820.00000, 67.00000
824.00000, 70.00000
832.00000, 72.00000
836.00000, 70.00000
838.00000, 69.00000
841.00000, 67.00000
842.00000, 67.00000
846.00000, 66.00000
848.00000, 67.00000
866.00000, 65.00000
868.00000, 70.00000
871.00000, 69.00000
872.00000, 67.00000
874.00000, 72.00000
877.00000, 70.00000
878.00000, 69.00000
879.00000, 67.00000
880.00000, 69.00000
882.00000, 67.00000
886.00000, 66.00000
occurrence4
838.00000, 69.00000
841.00000, 67.00000
842.00000, 67.00000
846.00000, 66.00000
848.00000, 67.00000
866.00000, 65.00000
868.00000, 70.00000
871.00000, 69.00000
872.00000, 67.00000
874.00000, 72.00000
877.00000, 70.00000
878.00000, 69.00000
879.00000, 67.00000
880.00000, 69.00000
882.00000, 67.00000
886.00000, 66.00000
888.00000, 67.00000
942.00000, 67.00000
944.00000, 72.00000
948.00000, 69.00000
950.00000, 74.00000
954.00000, 72.00000
956.00000, 69.00000
958.00000, 72.00000
961.00000, 69.00000
962.00000, 70.00000
964.00000, 72.00000
965.00000, 70.00000
966.00000, 69.00000
967.00000, 67.00000
968.00000, 65.00000
1014.00000, 69.00000
1016.00000, 65.00000
1018.00000, 70.00000
1021.00000, 69.00000
1022.00000, 69.00000
1025.00000, 67.00000
1026.00000, 67.00000
1027.00000, 65.00000
1027.50000, 64.00000
1028.00000, 65.00000
1030.00000, 69.00000
1033.00000, 67.00000
1034.00000, 67.00000
1038.00000, 66.00000
1040.00000, 67.00000
1082.00000, 69.00000
1084.00000, 70.00000
1086.00000, 72.00000
1088.00000, 65.00000
1092.00000, 64.00000
occurrence5
842.00000, 67.00000
846.00000, 66.00000
848.00000, 67.00000
866.00000, 65.00000
868.00000, 70.00000
871.00000, 69.00000
872.00000, 67.00000
874.00000, 72.00000
877.00000, 70.00000
878.00000, 69.00000
879.00000, 67.00000
880.00000, 69.00000
882.00000, 67.00000
886.00000, 66.00000
888.00000, 67.00000
942.00000, 67.00000
944.00000, 72.00000
948.00000, 69.00000
950.00000, 74.00000
954.00000, 72.00000
956.00000, 69.00000
958.00000, 72.00000
961.00000, 69.00000
962.00000, 70.00000
964.00000, 72.00000
965.00000, 70.00000
966.00000, 69.00000
967.00000, 67.00000
968.00000, 65.00000
1014.00000, 69.00000
1016.00000, 65.00000
1018.00000, 70.00000
1021.00000, 69.00000
1022.00000, 69.00000
1025.00000, 67.00000
1026.00000, 67.00000
1027.00000, 65.00000
1027.50000, 64.00000
1028.00000, 65.00000
1030.00000, 69.00000
1033.00000, 67.00000
1034.00000, 67.00000
1038.00000, 66.00000
1040.00000, 67.00000
1082.00000, 69.00000
1084.00000, 70.00000
1086.00000, 72.00000
1088.00000, 65.00000
1092.00000, 64.00000
1096.00000, 62.00000
occurrence6
950.00000, 74.00000
954.00000, 72.00000
956.00000, 69.00000
958.00000, 72.00000
961.00000, 69.00000
962.00000, 70.00000
964.00000, 72.00000
965.00000, 70.00000
966.00000, 69.00000
967.00000, 67.00000
968.00000, 65.00000
1014.00000, 69.00000
1016.00000, 65.00000
1018.00000, 70.00000
1021.00000, 69.00000
1022.00000, 69.00000
1025.00000, 67.00000
1026.00000, 67.00000
1027.00000, 65.00000
1027.50000, 64.00000
1028.00000, 65.00000
1030.00000, 69.00000
1033.00000, 67.00000
1034.00000, 67.00000
1038.00000, 66.00000
1040.00000, 67.00000
1082.00000, 69.00000
1084.00000, 70.00000
1086.00000, 72.00000
1088.00000, 65.00000
1092.00000, 64.00000
1096.00000, 62.00000
1098.00000, 74.00000
1101.00000, 72.00000
1102.00000, 69.00000
1105.00000, 70.00000
1106.00000, 72.00000
1107.00000, 69.00000
1108.00000, 70.00000
1110.00000, 69.00000
1112.00000, 65.00000
1114.00000, 70.00000
1117.00000, 69.00000
1117.50000, 67.00000
1118.00000, 69.00000
1120.00000, 62.00000
1122.00000, 67.00000
1126.00000, 66.00000
1128.00000, 67.00000
1170.00000, 70.00000
1173.00000, 69.00000
1174.00000, 65.00000
1176.00000, 67.00000
1178.00000, 69.00000
1180.00000, 62.00000
1182.00000, 69.00000
1185.00000, 67.00000
1186.00000, 67.00000
1190.00000, 66.00000
1192.00000, 67.00000
1198.00000, 67.00000
1200.00000, 70.00000
1204.00000, 69.00000
pattern11
occurrence1
186.00000, 74.00000
190.00000, 72.00000
192.00000, 69.00000
194.00000, 72.00000
occurrence2
194.00000, 72.00000
198.00000, 70.00000
200.00000, 67.00000
202.00000, 70.00000
occurrence3
456.00000, 67.00000
460.00000, 65.00000
462.00000, 62.00000
463.00000, 64.00000
464.00000, 65.00000
occurrence4
950.00000, 74.00000
954.00000, 72.00000
956.00000, 69.00000
958.00000, 72.00000
pattern12
occurrence1
346.00000, 65.00000
350.00000, 64.00000
352.00000, 65.00000
374.00000, 65.00000
376.00000, 67.00000
378.00000, 70.00000
381.00000, 69.00000
382.00000, 69.00000
385.00000, 67.00000
386.00000, 67.00000
390.00000, 66.00000
392.00000, 67.00000
398.00000, 74.00000
401.00000, 72.00000
402.00000, 69.00000
404.00000, 70.00000
408.00000, 69.00000
410.00000, 74.00000
413.00000, 72.00000
414.00000, 70.00000
417.00000, 69.00000
418.00000, 67.00000
419.00000, 65.00000
420.00000, 72.00000
424.00000, 70.00000
428.00000, 69.00000
431.00000, 67.00000
432.00000, 69.00000
434.00000, 70.00000
437.00000, 67.00000
438.00000, 69.00000
439.00000, 70.00000
440.00000, 72.00000
441.00000, 70.00000
442.00000, 69.00000
443.00000, 67.00000
444.00000, 65.00000
450.00000, 70.00000
452.00000, 69.00000
454.00000, 65.00000
456.00000, 67.00000
460.00000, 65.00000
462.00000, 62.00000
463.00000, 64.00000
464.00000, 65.00000
465.00000, 67.00000
466.00000, 69.00000
467.00000, 70.00000
468.00000, 72.00000
470.00000, 69.00000
473.00000, 67.00000
474.00000, 67.00000
478.00000, 66.00000
480.00000, 67.00000
486.00000, 62.00000
488.00000, 64.00000
490.00000, 67.00000
493.00000, 65.00000
494.00000, 64.00000
495.00000, 62.00000
496.00000, 60.00000
498.00000, 65.00000
502.00000, 64.00000
504.00000, 65.00000
512.00000, 69.00000
516.00000, 70.00000
518.00000, 67.00000
520.00000, 69.00000
524.00000, 62.00000
526.00000, 70.00000
528.00000, 69.00000
530.00000, 72.00000
533.00000, 70.00000
534.00000, 69.00000
537.00000, 67.00000
538.00000, 67.00000
542.00000, 66.00000
544.00000, 67.00000
600.00000, 62.00000
604.00000, 65.00000
608.00000, 67.00000
611.00000, 69.00000
612.00000, 70.00000
614.00000, 69.00000
617.00000, 67.00000
618.00000, 67.00000
622.00000, 66.00000
624.00000, 67.00000
630.00000, 65.00000
632.00000, 70.00000
634.00000, 67.00000
636.00000, 69.00000
658.00000, 65.00000
660.00000, 70.00000
662.00000, 67.00000
664.00000, 69.00000
666.00000, 62.00000
667.00000, 64.00000
668.00000, 65.00000
669.00000, 67.00000
670.00000, 69.00000
673.00000, 67.00000
674.00000, 67.00000
678.00000, 66.00000
680.00000, 67.00000
808.00000, 62.00000
816.00000, 65.00000
820.00000, 67.00000
824.00000, 70.00000
832.00000, 72.00000
836.00000, 70.00000
838.00000, 69.00000
841.00000, 67.00000
842.00000, 67.00000
846.00000, 66.00000
848.00000, 67.00000
866.00000, 65.00000
868.00000, 70.00000
871.00000, 69.00000
872.00000, 67.00000
874.00000, 72.00000
877.00000, 70.00000
878.00000, 69.00000
occurrence2
1018.00000, 70.00000
1021.00000, 69.00000
1022.00000, 69.00000
1025.00000, 67.00000
1026.00000, 67.00000
1027.00000, 65.00000
1027.50000, 64.00000
1028.00000, 65.00000
1030.00000, 69.00000
1033.00000, 67.00000
1034.00000, 67.00000
1038.00000, 66.00000
1040.00000, 67.00000
1082.00000, 69.00000
1084.00000, 70.00000
1086.00000, 72.00000
1088.00000, 65.00000
1092.00000, 64.00000
1096.00000, 62.00000
1098.00000, 74.00000
1101.00000, 72.00000
1102.00000, 69.00000
1105.00000, 70.00000
1106.00000, 72.00000
1107.00000, 69.00000
1108.00000, 70.00000
1110.00000, 69.00000
1112.00000, 65.00000
1114.00000, 70.00000
1117.00000, 69.00000
1117.50000, 67.00000
1118.00000, 69.00000
1120.00000, 62.00000
1122.00000, 67.00000
1126.00000, 66.00000
1128.00000, 67.00000
1170.00000, 70.00000
1173.00000, 69.00000
1174.00000, 65.00000
1176.00000, 67.00000
1178.00000, 69.00000
1180.00000, 62.00000
1182.00000, 69.00000
1185.00000, 67.00000
1186.00000, 67.00000
1190.00000, 66.00000
1192.00000, 67.00000
1198.00000, 67.00000
1200.00000, 70.00000
1204.00000, 69.00000
1206.00000, 74.00000
1209.00000, 72.00000
1210.00000, 69.00000
1212.00000, 70.00000
1215.00000, 72.00000
1216.00000, 74.00000
1218.00000, 67.00000
1234.00000, 70.00000
1237.00000, 69.00000
1238.00000, 67.00000
1239.00000, 65.00000
1240.00000, 67.00000
1242.00000, 65.00000
1246.00000, 64.00000
1247.00000, 62.00000
1248.00000, 64.00000
1252.00000, 62.00000
1258.00000, 69.00000
1260.00000, 70.00000
1263.00000, 69.00000
1264.00000, 67.00000
1266.00000, 65.00000
1268.00000, 67.00000
1271.00000, 69.00000
1272.00000, 70.00000
1273.00000, 67.00000
1274.00000, 69.00000
1276.00000, 62.00000
1286.00000, 67.00000
1288.00000, 74.00000
1291.00000, 72.00000
1292.00000, 70.00000
1294.00000, 69.00000
1297.00000, 67.00000
1298.00000, 67.00000
1302.00000, 66.00000
1304.00000, 67.00000
1388.00000, 74.00000
1394.00000, 72.00000
1396.00000, 69.00000
1400.00000, 70.00000
1404.00000, 69.00000
1410.00000, 67.00000
1412.00000, 67.00000
1420.00000, 66.00000
1424.00000, 67.00000
1472.00000, 74.00000
1478.00000, 72.00000
1480.00000, 69.00000
1484.00000, 70.00000
1488.00000, 69.00000
1494.00000, 67.00000
1496.00000, 67.00000
1500.00000, 65.00000
1508.00000, 67.00000
1522.00000, 65.00000
1524.00000, 67.00000
1526.00000, 70.00000
1529.00000, 69.00000
1529.50000, 67.00000
1530.00000, 69.00000
1532.00000, 62.00000
1534.00000, 69.00000
1536.00000, 70.00000
1538.00000, 74.00000
1541.00000, 72.00000
1541.50000, 70.00000
1542.00000, 72.00000
1544.00000, 65.00000
1547.00000, 67.00000
1548.00000, 69.00000
1550.00000, 74.00000
occurrence3
1021.00000, 69.00000
1022.00000, 69.00000
1025.00000, 67.00000
1026.00000, 67.00000
1027.00000, 65.00000
1027.50000, 64.00000
1028.00000, 65.00000
1030.00000, 69.00000
1033.00000, 67.00000
1034.00000, 67.00000
1038.00000, 66.00000
1040.00000, 67.00000
1082.00000, 69.00000
1084.00000, 70.00000
1086.00000, 72.00000
1088.00000, 65.00000
1092.00000, 64.00000
1096.00000, 62.00000
1098.00000, 74.00000
1101.00000, 72.00000
1102.00000, 69.00000
1105.00000, 70.00000
1106.00000, 72.00000
1107.00000, 69.00000
1108.00000, 70.00000
1110.00000, 69.00000
1112.00000, 65.00000
1114.00000, 70.00000
1117.00000, 69.00000
1117.50000, 67.00000
1118.00000, 69.00000
1120.00000, 62.00000
1122.00000, 67.00000
1126.00000, 66.00000
1128.00000, 67.00000
1170.00000, 70.00000
1173.00000, 69.00000
1174.00000, 65.00000
1176.00000, 67.00000
1178.00000, 69.00000
1180.00000, 62.00000
1182.00000, 69.00000
1185.00000, 67.00000
1186.00000, 67.00000
1190.00000, 66.00000
1192.00000, 67.00000
1198.00000, 67.00000
1200.00000, 70.00000
1204.00000, 69.00000
1206.00000, 74.00000
1209.00000, 72.00000
1210.00000, 69.00000
1212.00000, 70.00000
1215.00000, 72.00000
1216.00000, 74.00000
1218.00000, 67.00000
1234.00000, 70.00000
1237.00000, 69.00000
1238.00000, 67.00000
1239.00000, 65.00000
1240.00000, 67.00000
1242.00000, 65.00000
1246.00000, 64.00000
1247.00000, 62.00000
1248.00000, 64.00000
1252.00000, 62.00000
1258.00000, 69.00000
1260.00000, 70.00000
1263.00000, 69.00000
1264.00000, 67.00000
1266.00000, 65.00000
1268.00000, 67.00000
1271.00000, 69.00000
1272.00000, 70.00000
1273.00000, 67.00000
1274.00000, 69.00000
1276.00000, 62.00000
1286.00000, 67.00000
1288.00000, 74.00000
1291.00000, 72.00000
1292.00000, 70.00000
1294.00000, 69.00000
1297.00000, 67.00000
1298.00000, 67.00000
1302.00000, 66.00000
1304.00000, 67.00000
1388.00000, 74.00000
1394.00000, 72.00000
1396.00000, 69.00000
1400.00000, 70.00000
1404.00000, 69.00000
1410.00000, 67.00000
1412.00000, 67.00000
1420.00000, 66.00000
1424.00000, 67.00000
1472.00000, 74.00000
1478.00000, 72.00000
1480.00000, 69.00000
1484.00000, 70.00000
1488.00000, 69.00000
1494.00000, 67.00000
1496.00000, 67.00000
1500.00000, 65.00000
1508.00000, 67.00000
1522.00000, 65.00000
1524.00000, 67.00000
1526.00000, 70.00000
1529.00000, 69.00000
1529.50000, 67.00000
1530.00000, 69.00000
1532.00000, 62.00000
1534.00000, 69.00000
1536.00000, 70.00000
1538.00000, 74.00000
1541.00000, 72.00000
1541.50000, 70.00000
1542.00000, 72.00000
1544.00000, 65.00000
1547.00000, 67.00000
1548.00000, 69.00000
1550.00000, 74.00000
1553.00000, 72.00000
pattern13
occurrence1
328.00000, 69.00000
330.00000, 72.00000
333.00000, 70.00000
334.00000, 67.00000
336.00000, 70.00000
340.00000, 69.00000
342.00000, 67.00000
345.00000, 65.00000
346.00000, 65.00000
350.00000, 64.00000
352.00000, 65.00000
374.00000, 65.00000
376.00000, 67.00000
378.00000, 70.00000
381.00000, 69.00000
382.00000, 69.00000
385.00000, 67.00000
386.00000, 67.00000
390.00000, 66.00000
392.00000, 67.00000
398.00000, 74.00000
401.00000, 72.00000
402.00000, 69.00000
404.00000, 70.00000
408.00000, 69.00000
410.00000, 74.00000
413.00000, 72.00000
414.00000, 70.00000
417.00000, 69.00000
418.00000, 67.00000
419.00000, 65.00000
420.00000, 72.00000
424.00000, 70.00000
428.00000, 69.00000
431.00000, 67.00000
432.00000, 69.00000
434.00000, 70.00000
437.00000, 67.00000
438.00000, 69.00000
439.00000, 70.00000
440.00000, 72.00000
441.00000, 70.00000
442.00000, 69.00000
443.00000, 67.00000
444.00000, 65.00000
450.00000, 70.00000
452.00000, 69.00000
occurrence2
538.00000, 67.00000
542.00000, 66.00000
544.00000, 67.00000
600.00000, 62.00000
604.00000, 65.00000
608.00000, 67.00000
611.00000, 69.00000
612.00000, 70.00000
614.00000, 69.00000
617.00000, 67.00000
618.00000, 67.00000
622.00000, 66.00000
624.00000, 67.00000
630.00000, 65.00000
632.00000, 70.00000
634.00000, 67.00000
636.00000, 69.00000
658.00000, 65.00000
660.00000, 70.00000
662.00000, 67.00000
occurrence3
1420.00000, 66.00000
1424.00000, 67.00000
1472.00000, 74.00000
1478.00000, 72.00000
1480.00000, 69.00000
1484.00000, 70.00000
1488.00000, 69.00000
1494.00000, 67.00000
1496.00000, 67.00000
1500.00000, 65.00000
1508.00000, 67.00000
1522.00000, 65.00000
1524.00000, 67.00000
1526.00000, 70.00000
1529.00000, 69.00000
1529.50000, 67.00000
1530.00000, 69.00000
1532.00000, 62.00000
1534.00000, 69.00000
1536.00000, 70.00000
1538.00000, 74.00000
1541.00000, 72.00000
1541.50000, 70.00000
1542.00000, 72.00000
1544.00000, 65.00000
pattern14
occurrence1
444.00000, 65.00000
450.00000, 70.00000
452.00000, 69.00000
454.00000, 65.00000
456.00000, 67.00000
460.00000, 65.00000
462.00000, 62.00000
463.00000, 64.00000
464.00000, 65.00000
465.00000, 67.00000
466.00000, 69.00000
467.00000, 70.00000
468.00000, 72.00000
470.00000, 69.00000
473.00000, 67.00000
474.00000, 67.00000
478.00000, 66.00000
480.00000, 67.00000
486.00000, 62.00000
488.00000, 64.00000
490.00000, 67.00000
493.00000, 65.00000
494.00000, 64.00000
495.00000, 62.00000
496.00000, 60.00000
498.00000, 65.00000
502.00000, 64.00000
504.00000, 65.00000
512.00000, 69.00000
516.00000, 70.00000
518.00000, 67.00000
520.00000, 69.00000
524.00000, 62.00000
526.00000, 70.00000
528.00000, 69.00000
530.00000, 72.00000
533.00000, 70.00000
534.00000, 69.00000
537.00000, 67.00000
538.00000, 67.00000
542.00000, 66.00000
544.00000, 67.00000
600.00000, 62.00000
604.00000, 65.00000
608.00000, 67.00000
611.00000, 69.00000
612.00000, 70.00000
614.00000, 69.00000
617.00000, 67.00000
618.00000, 67.00000
622.00000, 66.00000
624.00000, 67.00000
630.00000, 65.00000
632.00000, 70.00000
634.00000, 67.00000
636.00000, 69.00000
658.00000, 65.00000
660.00000, 70.00000
662.00000, 67.00000
664.00000, 69.00000
666.00000, 62.00000
667.00000, 64.00000
668.00000, 65.00000
669.00000, 67.00000
670.00000, 69.00000
673.00000, 67.00000
674.00000, 67.00000
678.00000, 66.00000
680.00000, 67.00000
808.00000, 62.00000
816.00000, 65.00000
820.00000, 67.00000
824.00000, 70.00000
832.00000, 72.00000
836.00000, 70.00000
838.00000, 69.00000
841.00000, 67.00000
842.00000, 67.00000
846.00000, 66.00000
848.00000, 67.00000
866.00000, 65.00000
868.00000, 70.00000
871.00000, 69.00000
872.00000, 67.00000
874.00000, 72.00000
877.00000, 70.00000
878.00000, 69.00000
879.00000, 67.00000
880.00000, 69.00000
882.00000, 67.00000
886.00000, 66.00000
888.00000, 67.00000
942.00000, 67.00000
944.00000, 72.00000
948.00000, 69.00000
950.00000, 74.00000
954.00000, 72.00000
956.00000, 69.00000
958.00000, 72.00000
961.00000, 69.00000
962.00000, 70.00000
964.00000, 72.00000
965.00000, 70.00000
966.00000, 69.00000
967.00000, 67.00000
968.00000, 65.00000
1014.00000, 69.00000
1016.00000, 65.00000
1018.00000, 70.00000
1021.00000, 69.00000
1022.00000, 69.00000
1025.00000, 67.00000
1026.00000, 67.00000
1027.00000, 65.00000
1027.50000, 64.00000
1028.00000, 65.00000
occurrence2
534.00000, 69.00000
537.00000, 67.00000
538.00000, 67.00000
542.00000, 66.00000
544.00000, 67.00000
600.00000, 62.00000
604.00000, 65.00000
608.00000, 67.00000
611.00000, 69.00000
612.00000, 70.00000
614.00000, 69.00000
617.00000, 67.00000
618.00000, 67.00000
622.00000, 66.00000
624.00000, 67.00000
630.00000, 65.00000
632.00000, 70.00000
634.00000, 67.00000
636.00000, 69.00000
658.00000, 65.00000
660.00000, 70.00000
662.00000, 67.00000
664.00000, 69.00000
666.00000, 62.00000
667.00000, 64.00000
668.00000, 65.00000
669.00000, 67.00000
670.00000, 69.00000
673.00000, 67.00000
674.00000, 67.00000
678.00000, 66.00000
680.00000, 67.00000
808.00000, 62.00000
816.00000, 65.00000
820.00000, 67.00000
824.00000, 70.00000
832.00000, 72.00000
836.00000, 70.00000
838.00000, 69.00000
841.00000, 67.00000
842.00000, 67.00000
846.00000, 66.00000
848.00000, 67.00000
866.00000, 65.00000
868.00000, 70.00000
871.00000, 69.00000
872.00000, 67.00000
874.00000, 72.00000
877.00000, 70.00000
878.00000, 69.00000
879.00000, 67.00000
880.00000, 69.00000
882.00000, 67.00000
886.00000, 66.00000
888.00000, 67.00000
942.00000, 67.00000
944.00000, 72.00000
948.00000, 69.00000
950.00000, 74.00000
954.00000, 72.00000
956.00000, 69.00000
958.00000, 72.00000
961.00000, 69.00000
962.00000, 70.00000
964.00000, 72.00000
965.00000, 70.00000
966.00000, 69.00000
967.00000, 67.00000
968.00000, 65.00000
1014.00000, 69.00000
1016.00000, 65.00000
1018.00000, 70.00000
1021.00000, 69.00000
1022.00000, 69.00000
1025.00000, 67.00000
1026.00000, 67.00000
1027.00000, 65.00000
1027.50000, 64.00000
1028.00000, 65.00000
1030.00000, 69.00000
1033.00000, 67.00000
1034.00000, 67.00000
1038.00000, 66.00000
1040.00000, 67.00000
1082.00000, 69.00000
1084.00000, 70.00000
1086.00000, 72.00000
1088.00000, 65.00000
1092.00000, 64.00000
1096.00000, 62.00000
1098.00000, 74.00000
1101.00000, 72.00000
1102.00000, 69.00000
1105.00000, 70.00000
1106.00000, 72.00000
1107.00000, 69.00000
1108.00000, 70.00000
1110.00000, 69.00000
1112.00000, 65.00000
1114.00000, 70.00000
1117.00000, 69.00000
1117.50000, 67.00000
1118.00000, 69.00000
occurrence3
958.00000, 72.00000
961.00000, 69.00000
962.00000, 70.00000
964.00000, 72.00000
965.00000, 70.00000
966.00000, 69.00000
967.00000, 67.00000
968.00000, 65.00000
1014.00000, 69.00000
1016.00000, 65.00000
1018.00000, 70.00000
1021.00000, 69.00000
1022.00000, 69.00000
1025.00000, 67.00000
1026.00000, 67.00000
1027.00000, 65.00000
1027.50000, 64.00000
1028.00000, 65.00000
1030.00000, 69.00000
1033.00000, 67.00000
1034.00000, 67.00000
1038.00000, 66.00000
1040.00000, 67.00000
1082.00000, 69.00000
1084.00000, 70.00000
1086.00000, 72.00000
1088.00000, 65.00000
1092.00000, 64.00000
1096.00000, 62.00000
1098.00000, 74.00000
1101.00000, 72.00000
1102.00000, 69.00000
1105.00000, 70.00000
1106.00000, 72.00000
1107.00000, 69.00000
1108.00000, 70.00000
1110.00000, 69.00000
1112.00000, 65.00000
1114.00000, 70.00000
1117.00000, 69.00000
1117.50000, 67.00000
1118.00000, 69.00000
1120.00000, 62.00000
1122.00000, 67.00000
1126.00000, 66.00000
1128.00000, 67.00000
1170.00000, 70.00000
1173.00000, 69.00000
1174.00000, 65.00000
1176.00000, 67.00000
1178.00000, 69.00000
1180.00000, 62.00000
1182.00000, 69.00000
1185.00000, 67.00000
1186.00000, 67.00000
1190.00000, 66.00000
1192.00000, 67.00000
1198.00000, 67.00000
1200.00000, 70.00000
1204.00000, 69.00000
1206.00000, 74.00000
1209.00000, 72.00000
1210.00000, 69.00000
1212.00000, 70.00000
1215.00000, 72.00000
1216.00000, 74.00000
1218.00000, 67.00000
1234.00000, 70.00000
1237.00000, 69.00000
1238.00000, 67.00000
1239.00000, 65.00000
1240.00000, 67.00000
1242.00000, 65.00000
1246.00000, 64.00000
1247.00000, 62.00000
1248.00000, 64.00000
1252.00000, 62.00000
1258.00000, 69.00000
1260.00000, 70.00000
1263.00000, 69.00000
1264.00000, 67.00000
1266.00000, 65.00000
1268.00000, 67.00000
1271.00000, 69.00000
1272.00000, 70.00000
1273.00000, 67.00000
1274.00000, 69.00000
1276.00000, 62.00000
1286.00000, 67.00000
1288.00000, 74.00000
1291.00000, 72.00000
1292.00000, 70.00000
1294.00000, 69.00000
1297.00000, 67.00000
1298.00000, 67.00000
1302.00000, 66.00000
1304.00000, 67.00000
1388.00000, 74.00000
1394.00000, 72.00000
1396.00000, 69.00000
1400.00000, 70.00000
1404.00000, 69.00000
1410.00000, 67.00000
1412.00000, 67.00000
1420.00000, 66.00000
1424.00000, 67.00000
1472.00000, 74.00000
1478.00000, 72.00000
1480.00000, 69.00000
1484.00000, 70.00000
1488.00000, 69.00000
1494.00000, 67.00000
1496.00000, 67.00000
1500.00000, 65.00000
1508.00000, 67.00000
1522.00000, 65.00000
1524.00000, 67.00000
1526.00000, 70.00000
1529.00000, 69.00000
1529.50000, 67.00000
1530.00000, 69.00000
1532.00000, 62.00000
1534.00000, 69.00000
1536.00000, 70.00000
1538.00000, 74.00000
1541.00000, 72.00000
1541.50000, 70.00000
1542.00000, 72.00000
pattern15
occurrence1
80.00000, 65.00000
88.00000, 67.00000
120.00000, 70.00000
128.00000, 72.00000
132.00000, 70.00000
136.00000, 69.00000
138.00000, 67.00000
140.00000, 69.00000
144.00000, 67.00000
186.00000, 74.00000
190.00000, 72.00000
192.00000, 69.00000
194.00000, 72.00000
198.00000, 70.00000
200.00000, 67.00000
202.00000, 70.00000
205.00000, 69.00000
206.00000, 69.00000
209.00000, 67.00000
210.00000, 67.00000
214.00000, 66.00000
216.00000, 67.00000
288.00000, 74.00000
292.00000, 72.00000
296.00000, 74.00000
302.00000, 72.00000
304.00000, 70.00000
308.00000, 69.00000
312.00000, 67.00000
326.00000, 67.00000
328.00000, 69.00000
330.00000, 72.00000
333.00000, 70.00000
334.00000, 67.00000
336.00000, 70.00000
340.00000, 69.00000
342.00000, 67.00000
345.00000, 65.00000
346.00000, 65.00000
350.00000, 64.00000
352.00000, 65.00000
374.00000, 65.00000
376.00000, 67.00000
378.00000, 70.00000
381.00000, 69.00000
382.00000, 69.00000
385.00000, 67.00000
386.00000, 67.00000
390.00000, 66.00000
392.00000, 67.00000
398.00000, 74.00000
401.00000, 72.00000
402.00000, 69.00000
404.00000, 70.00000
408.00000, 69.00000
410.00000, 74.00000
413.00000, 72.00000
414.00000, 70.00000
417.00000, 69.00000
418.00000, 67.00000
419.00000, 65.00000
420.00000, 72.00000
424.00000, 70.00000
428.00000, 69.00000
431.00000, 67.00000
432.00000, 69.00000
434.00000, 70.00000
437.00000, 67.00000
438.00000, 69.00000
439.00000, 70.00000
440.00000, 72.00000
441.00000, 70.00000
442.00000, 69.00000
443.00000, 67.00000
444.00000, 65.00000
450.00000, 70.00000
452.00000, 69.00000
454.00000, 65.00000
456.00000, 67.00000
460.00000, 65.00000
462.00000, 62.00000
463.00000, 64.00000
464.00000, 65.00000
465.00000, 67.00000
466.00000, 69.00000
467.00000, 70.00000
468.00000, 72.00000
470.00000, 69.00000
473.00000, 67.00000
474.00000, 67.00000
478.00000, 66.00000
480.00000, 67.00000
486.00000, 62.00000
488.00000, 64.00000
490.00000, 67.00000
493.00000, 65.00000
494.00000, 64.00000
495.00000, 62.00000
496.00000, 60.00000
498.00000, 65.00000
502.00000, 64.00000
504.00000, 65.00000
512.00000, 69.00000
516.00000, 70.00000
518.00000, 67.00000
520.00000, 69.00000
524.00000, 62.00000
occurrence2
824.00000, 70.00000
832.00000, 72.00000
836.00000, 70.00000
838.00000, 69.00000
841.00000, 67.00000
842.00000, 67.00000
846.00000, 66.00000
848.00000, 67.00000
866.00000, 65.00000
868.00000, 70.00000
871.00000, 69.00000
872.00000, 67.00000
874.00000, 72.00000
877.00000, 70.00000
878.00000, 69.00000
879.00000, 67.00000
880.00000, 69.00000
882.00000, 67.00000
886.00000, 66.00000
888.00000, 67.00000
942.00000, 67.00000
944.00000, 72.00000
948.00000, 69.00000
950.00000, 74.00000
954.00000, 72.00000
956.00000, 69.00000
958.00000, 72.00000
961.00000, 69.00000
962.00000, 70.00000
964.00000, 72.00000
965.00000, 70.00000
966.00000, 69.00000
967.00000, 67.00000
968.00000, 65.00000
1014.00000, 69.00000
1016.00000, 65.00000
1018.00000, 70.00000
1021.00000, 69.00000
1022.00000, 69.00000
1025.00000, 67.00000
1026.00000, 67.00000
1027.00000, 65.00000
1027.50000, 64.00000
1028.00000, 65.00000
1030.00000, 69.00000
1033.00000, 67.00000
1034.00000, 67.00000
1038.00000, 66.00000
1040.00000, 67.00000
1082.00000, 69.00000
1084.00000, 70.00000
1086.00000, 72.00000
1088.00000, 65.00000
1092.00000, 64.00000
1096.00000, 62.00000
1098.00000, 74.00000
1101.00000, 72.00000
1102.00000, 69.00000
1105.00000, 70.00000
1106.00000, 72.00000
1107.00000, 69.00000
1108.00000, 70.00000
1110.00000, 69.00000
1112.00000, 65.00000
1114.00000, 70.00000
1117.00000, 69.00000
1117.50000, 67.00000
1118.00000, 69.00000
1120.00000, 62.00000
1122.00000, 67.00000
1126.00000, 66.00000
1128.00000, 67.00000
1170.00000, 70.00000
1173.00000, 69.00000
1174.00000, 65.00000
1176.00000, 67.00000
1178.00000, 69.00000
1180.00000, 62.00000
1182.00000, 69.00000
1185.00000, 67.00000
1186.00000, 67.00000
1190.00000, 66.00000
1192.00000, 67.00000
1198.00000, 67.00000
1200.00000, 70.00000
1204.00000, 69.00000
1206.00000, 74.00000
1209.00000, 72.00000
1210.00000, 69.00000
1212.00000, 70.00000
1215.00000, 72.00000
1216.00000, 74.00000
1218.00000, 67.00000
1234.00000, 70.00000
1237.00000, 69.00000
1238.00000, 67.00000
1239.00000, 65.00000
1240.00000, 67.00000
1242.00000, 65.00000
1246.00000, 64.00000
1247.00000, 62.00000
1248.00000, 64.00000
1252.00000, 62.00000
1258.00000, 69.00000
1260.00000, 70.00000
1263.00000, 69.00000
1264.00000, 67.00000
1266.00000, 65.00000
1268.00000, 67.00000
occurrence3
1086.00000, 72.00000
1088.00000, 65.00000
1092.00000, 64.00000
1096.00000, 62.00000
1098.00000, 74.00000
1101.00000, 72.00000
1102.00000, 69.00000
1105.00000, 70.00000
1106.00000, 72.00000
1107.00000, 69.00000
1108.00000, 70.00000
1110.00000, 69.00000
1112.00000, 65.00000
1114.00000, 70.00000
1117.00000, 69.00000
1117.50000, 67.00000
1118.00000, 69.00000
1120.00000, 62.00000
1122.00000, 67.00000
1126.00000, 66.00000
1128.00000, 67.00000
1170.00000, 70.00000
1173.00000, 69.00000
1174.00000, 65.00000
1176.00000, 67.00000
1178.00000, 69.00000
1180.00000, 62.00000
1182.00000, 69.00000
1185.00000, 67.00000
1186.00000, 67.00000
1190.00000, 66.00000
1192.00000, 67.00000
1198.00000, 67.00000
1200.00000, 70.00000
1204.00000, 69.00000
1206.00000, 74.00000
1209.00000, 72.00000
1210.00000, 69.00000
1212.00000, 70.00000
1215.00000, 72.00000
1216.00000, 74.00000
1218.00000, 67.00000
1234.00000, 70.00000
1237.00000, 69.00000
1238.00000, 67.00000
1239.00000, 65.00000
1240.00000, 67.00000
1242.00000, 65.00000
1246.00000, 64.00000
1247.00000, 62.00000
1248.00000, 64.00000
1252.00000, 62.00000
1258.00000, 69.00000
1260.00000, 70.00000
1263.00000, 69.00000
1264.00000, 67.00000
1266.00000, 65.00000
1268.00000, 67.00000
1271.00000, 69.00000
1272.00000, 70.00000
1273.00000, 67.00000
1274.00000, 69.00000
1276.00000, 62.00000
1286.00000, 67.00000
1288.00000, 74.00000
1291.00000, 72.00000
1292.00000, 70.00000
1294.00000, 69.00000
1297.00000, 67.00000
1298.00000, 67.00000
1302.00000, 66.00000
1304.00000, 67.00000
1388.00000, 74.00000
1394.00000, 72.00000
1396.00000, 69.00000
1400.00000, 70.00000
1404.00000, 69.00000
1410.00000, 67.00000
1412.00000, 67.00000
1420.00000, 66.00000
1424.00000, 67.00000
1472.00000, 74.00000
1478.00000, 72.00000
1480.00000, 69.00000
1484.00000, 70.00000
1488.00000, 69.00000
1494.00000, 67.00000
1496.00000, 67.00000
1500.00000, 65.00000
1508.00000, 67.00000
1522.00000, 65.00000
1524.00000, 67.00000
1526.00000, 70.00000
1529.00000, 69.00000
1529.50000, 67.00000
1530.00000, 69.00000
occurrence4
1088.00000, 65.00000
1092.00000, 64.00000
1096.00000, 62.00000
1098.00000, 74.00000
1101.00000, 72.00000
1102.00000, 69.00000
1105.00000, 70.00000
1106.00000, 72.00000
1107.00000, 69.00000
1108.00000, 70.00000
1110.00000, 69.00000
1112.00000, 65.00000
1114.00000, 70.00000
1117.00000, 69.00000
1117.50000, 67.00000
1118.00000, 69.00000
1120.00000, 62.00000
1122.00000, 67.00000
1126.00000, 66.00000
1128.00000, 67.00000
1170.00000, 70.00000
1173.00000, 69.00000
1174.00000, 65.00000
1176.00000, 67.00000
1178.00000, 69.00000
1180.00000, 62.00000
1182.00000, 69.00000
1185.00000, 67.00000
1186.00000, 67.00000
1190.00000, 66.00000
1192.00000, 67.00000
1198.00000, 67.00000
1200.00000, 70.00000
1204.00000, 69.00000
1206.00000, 74.00000
1209.00000, 72.00000
1210.00000, 69.00000
1212.00000, 70.00000
1215.00000, 72.00000
1216.00000, 74.00000
1218.00000, 67.00000
1234.00000, 70.00000
1237.00000, 69.00000
1238.00000, 67.00000
1239.00000, 65.00000
1240.00000, 67.00000
1242.00000, 65.00000
1246.00000, 64.00000
1247.00000, 62.00000
1248.00000, 64.00000
1252.00000, 62.00000
1258.00000, 69.00000
1260.00000, 70.00000
1263.00000, 69.00000
1264.00000, 67.00000
1266.00000, 65.00000
1268.00000, 67.00000
1271.00000, 69.00000
1272.00000, 70.00000
1273.00000, 67.00000
1274.00000, 69.00000
1276.00000, 62.00000
1286.00000, 67.00000
1288.00000, 74.00000
1291.00000, 72.00000
1292.00000, 70.00000
1294.00000, 69.00000
1297.00000, 67.00000
1298.00000, 67.00000
1302.00000, 66.00000
1304.00000, 67.00000
1388.00000, 74.00000
1394.00000, 72.00000
1396.00000, 69.00000
1400.00000, 70.00000
1404.00000, 69.00000
1410.00000, 67.00000
1412.00000, 67.00000
1420.00000, 66.00000
1424.00000, 67.00000
1472.00000, 74.00000
1478.00000, 72.00000
1480.00000, 69.00000
1484.00000, 70.00000
1488.00000, 69.00000
1494.00000, 67.00000
1496.00000, 67.00000
1500.00000, 65.00000
1508.00000, 67.00000
1522.00000, 65.00000
1524.00000, 67.00000
1526.00000, 70.00000
1529.00000, 69.00000
1529.50000, 67.00000
1530.00000, 69.00000
1532.00000, 62.00000
pattern16
occurrence1
202.00000, 70.00000
205.00000, 69.00000
206.00000, 69.00000
209.00000, 67.00000
210.00000, 67.00000
214.00000, 66.00000
216.00000, 67.00000
288.00000, 74.00000
292.00000, 72.00000
296.00000, 74.00000
302.00000, 72.00000
304.00000, 70.00000
308.00000, 69.00000
312.00000, 67.00000
326.00000, 67.00000
328.00000, 69.00000
330.00000, 72.00000
333.00000, 70.00000
334.00000, 67.00000
336.00000, 70.00000
340.00000, 69.00000
342.00000, 67.00000
345.00000, 65.00000
346.00000, 65.00000
350.00000, 64.00000
352.00000, 65.00000
374.00000, 65.00000
376.00000, 67.00000
378.00000, 70.00000
381.00000, 69.00000
382.00000, 69.00000
385.00000, 67.00000
386.00000, 67.00000
390.00000, 66.00000
392.00000, 67.00000
398.00000, 74.00000
401.00000, 72.00000
402.00000, 69.00000
404.00000, 70.00000
408.00000, 69.00000
410.00000, 74.00000
413.00000, 72.00000
414.00000, 70.00000
417.00000, 69.00000
418.00000, 67.00000
419.00000, 65.00000
420.00000, 72.00000
424.00000, 70.00000
occurrence2
206.00000, 69.00000
209.00000, 67.00000
210.00000, 67.00000
214.00000, 66.00000
216.00000, 67.00000
288.00000, 74.00000
292.00000, 72.00000
296.00000, 74.00000
302.00000, 72.00000
304.00000, 70.00000
308.00000, 69.00000
312.00000, 67.00000
326.00000, 67.00000
328.00000, 69.00000
330.00000, 72.00000
333.00000, 70.00000
334.00000, 67.00000
336.00000, 70.00000
340.00000, 69.00000
342.00000, 67.00000
345.00000, 65.00000
346.00000, 65.00000
350.00000, 64.00000
352.00000, 65.00000
374.00000, 65.00000
376.00000, 67.00000
378.00000, 70.00000
381.00000, 69.00000
382.00000, 69.00000
385.00000, 67.00000
386.00000, 67.00000
390.00000, 66.00000
392.00000, 67.00000
398.00000, 74.00000
401.00000, 72.00000
402.00000, 69.00000
404.00000, 70.00000
408.00000, 69.00000
410.00000, 74.00000
413.00000, 72.00000
414.00000, 70.00000
417.00000, 69.00000
418.00000, 67.00000
419.00000, 65.00000
420.00000, 72.00000
424.00000, 70.00000
428.00000, 69.00000
occurrence3
209.00000, 67.00000
210.00000, 67.00000
214.00000, 66.00000
216.00000, 67.00000
288.00000, 74.00000
292.00000, 72.00000
296.00000, 74.00000
302.00000, 72.00000
304.00000, 70.00000
308.00000, 69.00000
312.00000, 67.00000
326.00000, 67.00000
328.00000, 69.00000
330.00000, 72.00000
333.00000, 70.00000
334.00000, 67.00000
336.00000, 70.00000
340.00000, 69.00000
342.00000, 67.00000
345.00000, 65.00000
346.00000, 65.00000
350.00000, 64.00000
352.00000, 65.00000
374.00000, 65.00000
376.00000, 67.00000
378.00000, 70.00000
381.00000, 69.00000
382.00000, 69.00000
385.00000, 67.00000
386.00000, 67.00000
390.00000, 66.00000
392.00000, 67.00000
398.00000, 74.00000
401.00000, 72.00000
402.00000, 69.00000
404.00000, 70.00000
408.00000, 69.00000
410.00000, 74.00000
413.00000, 72.00000
414.00000, 70.00000
417.00000, 69.00000
418.00000, 67.00000
419.00000, 65.00000
420.00000, 72.00000
424.00000, 70.00000
428.00000, 69.00000
431.00000, 67.00000
occurrence4
304.00000, 70.00000
308.00000, 69.00000
312.00000, 67.00000
326.00000, 67.00000
328.00000, 69.00000
330.00000, 72.00000
333.00000, 70.00000
334.00000, 67.00000
336.00000, 70.00000
340.00000, 69.00000
342.00000, 67.00000
345.00000, 65.00000
346.00000, 65.00000
350.00000, 64.00000
352.00000, 65.00000
374.00000, 65.00000
376.00000, 67.00000
378.00000, 70.00000
381.00000, 69.00000
382.00000, 69.00000
385.00000, 67.00000
386.00000, 67.00000
390.00000, 66.00000
392.00000, 67.00000
398.00000, 74.00000
401.00000, 72.00000
402.00000, 69.00000
404.00000, 70.00000
408.00000, 69.00000
410.00000, 74.00000
413.00000, 72.00000
414.00000, 70.00000
417.00000, 69.00000
418.00000, 67.00000
419.00000, 65.00000
420.00000, 72.00000
424.00000, 70.00000
428.00000, 69.00000
431.00000, 67.00000
432.00000, 69.00000
434.00000, 70.00000
437.00000, 67.00000
438.00000, 69.00000
439.00000, 70.00000
440.00000, 72.00000
441.00000, 70.00000
442.00000, 69.00000
443.00000, 67.00000
444.00000, 65.00000
450.00000, 70.00000
452.00000, 69.00000
454.00000, 65.00000
456.00000, 67.00000
460.00000, 65.00000
462.00000, 62.00000
463.00000, 64.00000
464.00000, 65.00000
465.00000, 67.00000
466.00000, 69.00000
467.00000, 70.00000
468.00000, 72.00000
470.00000, 69.00000
473.00000, 67.00000
474.00000, 67.00000
478.00000, 66.00000
480.00000, 67.00000
486.00000, 62.00000
488.00000, 64.00000
490.00000, 67.00000
493.00000, 65.00000
494.00000, 64.00000
495.00000, 62.00000
496.00000, 60.00000
498.00000, 65.00000
502.00000, 64.00000
504.00000, 65.00000
512.00000, 69.00000
516.00000, 70.00000
518.00000, 67.00000
520.00000, 69.00000
524.00000, 62.00000
526.00000, 70.00000
occurrence5
386.00000, 67.00000
390.00000, 66.00000
392.00000, 67.00000
398.00000, 74.00000
401.00000, 72.00000
402.00000, 69.00000
404.00000, 70.00000
408.00000, 69.00000
410.00000, 74.00000
413.00000, 72.00000
414.00000, 70.00000
417.00000, 69.00000
418.00000, 67.00000
419.00000, 65.00000
420.00000, 72.00000
424.00000, 70.00000
428.00000, 69.00000
431.00000, 67.00000
432.00000, 69.00000
434.00000, 70.00000
437.00000, 67.00000
438.00000, 69.00000
439.00000, 70.00000
440.00000, 72.00000
441.00000, 70.00000
442.00000, 69.00000
443.00000, 67.00000
444.00000, 65.00000
450.00000, 70.00000
452.00000, 69.00000
454.00000, 65.00000
456.00000, 67.00000
460.00000, 65.00000
462.00000, 62.00000
463.00000, 64.00000
464.00000, 65.00000
465.00000, 67.00000
466.00000, 69.00000
467.00000, 70.00000
468.00000, 72.00000
470.00000, 69.00000
473.00000, 67.00000
474.00000, 67.00000
478.00000, 66.00000
480.00000, 67.00000
486.00000, 62.00000
488.00000, 64.00000
490.00000, 67.00000
493.00000, 65.00000
494.00000, 64.00000
495.00000, 62.00000
496.00000, 60.00000
498.00000, 65.00000
502.00000, 64.00000
504.00000, 65.00000
512.00000, 69.00000
516.00000, 70.00000
518.00000, 67.00000
520.00000, 69.00000
524.00000, 62.00000
526.00000, 70.00000
528.00000, 69.00000
530.00000, 72.00000
533.00000, 70.00000
534.00000, 69.00000
537.00000, 67.00000
538.00000, 67.00000
542.00000, 66.00000
544.00000, 67.00000
600.00000, 62.00000
604.00000, 65.00000
608.00000, 67.00000
occurrence6
442.00000, 69.00000
443.00000, 67.00000
444.00000, 65.00000
450.00000, 70.00000
452.00000, 69.00000
454.00000, 65.00000
456.00000, 67.00000
460.00000, 65.00000
462.00000, 62.00000
463.00000, 64.00000
464.00000, 65.00000
465.00000, 67.00000
466.00000, 69.00000
467.00000, 70.00000
468.00000, 72.00000
470.00000, 69.00000
473.00000, 67.00000
474.00000, 67.00000
478.00000, 66.00000
480.00000, 67.00000
486.00000, 62.00000
488.00000, 64.00000
490.00000, 67.00000
493.00000, 65.00000
494.00000, 64.00000
495.00000, 62.00000
496.00000, 60.00000
498.00000, 65.00000
502.00000, 64.00000
504.00000, 65.00000
512.00000, 69.00000
516.00000, 70.00000
518.00000, 67.00000
520.00000, 69.00000
524.00000, 62.00000
526.00000, 70.00000
528.00000, 69.00000
530.00000, 72.00000
533.00000, 70.00000
534.00000, 69.00000
537.00000, 67.00000
538.00000, 67.00000
542.00000, 66.00000
544.00000, 67.00000
600.00000, 62.00000
604.00000, 65.00000
608.00000, 67.00000
611.00000, 69.00000
612.00000, 70.00000
614.00000, 69.00000
617.00000, 67.00000
618.00000, 67.00000
622.00000, 66.00000
624.00000, 67.00000
630.00000, 65.00000
632.00000, 70.00000
634.00000, 67.00000
636.00000, 69.00000
658.00000, 65.00000
660.00000, 70.00000
662.00000, 67.00000
664.00000, 69.00000
occurrence7
816.00000, 65.00000
820.00000, 67.00000
824.00000, 70.00000
832.00000, 72.00000
836.00000, 70.00000
838.00000, 69.00000
841.00000, 67.00000
842.00000, 67.00000
846.00000, 66.00000
848.00000, 67.00000
866.00000, 65.00000
868.00000, 70.00000
871.00000, 69.00000
872.00000, 67.00000
874.00000, 72.00000
877.00000, 70.00000
878.00000, 69.00000
879.00000, 67.00000
880.00000, 69.00000
882.00000, 67.00000
886.00000, 66.00000
888.00000, 67.00000
942.00000, 67.00000
944.00000, 72.00000
948.00000, 69.00000
950.00000, 74.00000
954.00000, 72.00000
956.00000, 69.00000
958.00000, 72.00000
961.00000, 69.00000
962.00000, 70.00000
964.00000, 72.00000
965.00000, 70.00000
966.00000, 69.00000
967.00000, 67.00000
968.00000, 65.00000
1014.00000, 69.00000
1016.00000, 65.00000
1018.00000, 70.00000
1021.00000, 69.00000
1022.00000, 69.00000
1025.00000, 67.00000
1026.00000, 67.00000
1027.00000, 65.00000
1027.50000, 64.00000
1028.00000, 65.00000
1030.00000, 69.00000
1033.00000, 67.00000
1034.00000, 67.00000
1038.00000, 66.00000
occurrence8
866.00000, 65.00000
868.00000, 70.00000
871.00000, 69.00000
872.00000, 67.00000
874.00000, 72.00000
877.00000, 70.00000
878.00000, 69.00000
879.00000, 67.00000
880.00000, 69.00000
882.00000, 67.00000
886.00000, 66.00000
888.00000, 67.00000
942.00000, 67.00000
944.00000, 72.00000
948.00000, 69.00000
950.00000, 74.00000
954.00000, 72.00000
956.00000, 69.00000
958.00000, 72.00000
961.00000, 69.00000
962.00000, 70.00000
964.00000, 72.00000
965.00000, 70.00000
966.00000, 69.00000
967.00000, 67.00000
968.00000, 65.00000
1014.00000, 69.00000
1016.00000, 65.00000
1018.00000, 70.00000
1021.00000, 69.00000
1022.00000, 69.00000
1025.00000, 67.00000
1026.00000, 67.00000
1027.00000, 65.00000
1027.50000, 64.00000
1028.00000, 65.00000
1030.00000, 69.00000
1033.00000, 67.00000
1034.00000, 67.00000
1038.00000, 66.00000
1040.00000, 67.00000
1082.00000, 69.00000
1084.00000, 70.00000
1086.00000, 72.00000
1088.00000, 65.00000
occurrence9
880.00000, 69.00000
882.00000, 67.00000
886.00000, 66.00000
888.00000, 67.00000
942.00000, 67.00000
944.00000, 72.00000
948.00000, 69.00000
950.00000, 74.00000
954.00000, 72.00000
956.00000, 69.00000
958.00000, 72.00000
961.00000, 69.00000
962.00000, 70.00000
964.00000, 72.00000
965.00000, 70.00000
966.00000, 69.00000
967.00000, 67.00000
968.00000, 65.00000
1014.00000, 69.00000
1016.00000, 65.00000
1018.00000, 70.00000
1021.00000, 69.00000
1022.00000, 69.00000
1025.00000, 67.00000
1026.00000, 67.00000
1027.00000, 65.00000
1027.50000, 64.00000
1028.00000, 65.00000
1030.00000, 69.00000
1033.00000, 67.00000
1034.00000, 67.00000
1038.00000, 66.00000
1040.00000, 67.00000
1082.00000, 69.00000
1084.00000, 70.00000
1086.00000, 72.00000
1088.00000, 65.00000
1092.00000, 64.00000
1096.00000, 62.00000
1098.00000, 74.00000
1101.00000, 72.00000
1102.00000, 69.00000
occurrence10
956.00000, 69.00000
958.00000, 72.00000
961.00000, 69.00000
962.00000, 70.00000
964.00000, 72.00000
965.00000, 70.00000
966.00000, 69.00000
967.00000, 67.00000
968.00000, 65.00000
1014.00000, 69.00000
1016.00000, 65.00000
1018.00000, 70.00000
1021.00000, 69.00000
1022.00000, 69.00000
1025.00000, 67.00000
1026.00000, 67.00000
1027.00000, 65.00000
1027.50000, 64.00000
1028.00000, 65.00000
1030.00000, 69.00000
1033.00000, 67.00000
1034.00000, 67.00000
1038.00000, 66.00000
1040.00000, 67.00000
1082.00000, 69.00000
1084.00000, 70.00000
1086.00000, 72.00000
1088.00000, 65.00000
1092.00000, 64.00000
1096.00000, 62.00000
1098.00000, 74.00000
1101.00000, 72.00000
1102.00000, 69.00000
1105.00000, 70.00000
1106.00000, 72.00000
1107.00000, 69.00000
1108.00000, 70.00000
1110.00000, 69.00000
1112.00000, 65.00000
1114.00000, 70.00000
1117.00000, 69.00000
1117.50000, 67.00000
1118.00000, 69.00000
1120.00000, 62.00000
1122.00000, 67.00000
1126.00000, 66.00000
1128.00000, 67.00000
1170.00000, 70.00000
1173.00000, 69.00000
1174.00000, 65.00000
1176.00000, 67.00000
1178.00000, 69.00000
occurrence11
968.00000, 65.00000
1014.00000, 69.00000
1016.00000, 65.00000
1018.00000, 70.00000
1021.00000, 69.00000
1022.00000, 69.00000
1025.00000, 67.00000
1026.00000, 67.00000
1027.00000, 65.00000
1027.50000, 64.00000
1028.00000, 65.00000
1030.00000, 69.00000
1033.00000, 67.00000
1034.00000, 67.00000
1038.00000, 66.00000
1040.00000, 67.00000
1082.00000, 69.00000
1084.00000, 70.00000
1086.00000, 72.00000
1088.00000, 65.00000
1092.00000, 64.00000
1096.00000, 62.00000
1098.00000, 74.00000
1101.00000, 72.00000
1102.00000, 69.00000
1105.00000, 70.00000
1106.00000, 72.00000
1107.00000, 69.00000
1108.00000, 70.00000
1110.00000, 69.00000
1112.00000, 65.00000
1114.00000, 70.00000
1117.00000, 69.00000
1117.50000, 67.00000
1118.00000, 69.00000
1120.00000, 62.00000
1122.00000, 67.00000
1126.00000, 66.00000
1128.00000, 67.00000
1170.00000, 70.00000
1173.00000, 69.00000
1174.00000, 65.00000
1176.00000, 67.00000
1178.00000, 69.00000
1180.00000, 62.00000
1182.00000, 69.00000
1185.00000, 67.00000
1186.00000, 67.00000
1190.00000, 66.00000
occurrence12
1182.00000, 69.00000
1185.00000, 67.00000
1186.00000, 67.00000
1190.00000, 66.00000
1192.00000, 67.00000
1198.00000, 67.00000
1200.00000, 70.00000
1204.00000, 69.00000
1206.00000, 74.00000
1209.00000, 72.00000
1210.00000, 69.00000
1212.00000, 70.00000
1215.00000, 72.00000
1216.00000, 74.00000
1218.00000, 67.00000
1234.00000, 70.00000
1237.00000, 69.00000
1238.00000, 67.00000
1239.00000, 65.00000
1240.00000, 67.00000
1242.00000, 65.00000
1246.00000, 64.00000
1247.00000, 62.00000
1248.00000, 64.00000
1252.00000, 62.00000
1258.00000, 69.00000
1260.00000, 70.00000
1263.00000, 69.00000
1264.00000, 67.00000
1266.00000, 65.00000
1268.00000, 67.00000
1271.00000, 69.00000
1272.00000, 70.00000
1273.00000, 67.00000
1274.00000, 69.00000
1276.00000, 62.00000
1286.00000, 67.00000
1288.00000, 74.00000
1291.00000, 72.00000
1292.00000, 70.00000
1294.00000, 69.00000
1297.00000, 67.00000
1298.00000, 67.00000
1302.00000, 66.00000
1304.00000, 67.00000
1388.00000, 74.00000
1394.00000, 72.00000
1396.00000, 69.00000
1400.00000, 70.00000
1404.00000, 69.00000
occurrence13
1258.00000, 69.00000
1260.00000, 70.00000
1263.00000, 69.00000
1264.00000, 67.00000
1266.00000, 65.00000
1268.00000, 67.00000
1271.00000, 69.00000
1272.00000, 70.00000
1273.00000, 67.00000
1274.00000, 69.00000
1276.00000, 62.00000
1286.00000, 67.00000
1288.00000, 74.00000
1291.00000, 72.00000
1292.00000, 70.00000
1294.00000, 69.00000
1297.00000, 67.00000
1298.00000, 67.00000
1302.00000, 66.00000
1304.00000, 67.00000
1388.00000, 74.00000
1394.00000, 72.00000
1396.00000, 69.00000
1400.00000, 70.00000
1404.00000, 69.00000
1410.00000, 67.00000
1412.00000, 67.00000
1420.00000, 66.00000
1424.00000, 67.00000
1472.00000, 74.00000
1478.00000, 72.00000
1480.00000, 69.00000
occurrence14
1286.00000, 67.00000
1288.00000, 74.00000
1291.00000, 72.00000
1292.00000, 70.00000
1294.00000, 69.00000
1297.00000, 67.00000
1298.00000, 67.00000
1302.00000, 66.00000
1304.00000, 67.00000
1388.00000, 74.00000
1394.00000, 72.00000
1396.00000, 69.00000
1400.00000, 70.00000
1404.00000, 69.00000
1410.00000, 67.00000
1412.00000, 67.00000
1420.00000, 66.00000
1424.00000, 67.00000
1472.00000, 74.00000
1478.00000, 72.00000
1480.00000, 69.00000
1484.00000, 70.00000
1488.00000, 69.00000
1494.00000, 67.00000
1496.00000, 67.00000
1500.00000, 65.00000
1508.00000, 67.00000
pattern17
occurrence1
205.00000, 69.00000
206.00000, 69.00000
209.00000, 67.00000
210.00000, 67.00000
214.00000, 66.00000
216.00000, 67.00000
288.00000, 74.00000
292.00000, 72.00000
296.00000, 74.00000
302.00000, 72.00000
304.00000, 70.00000
308.00000, 69.00000
occurrence2
209.00000, 67.00000
210.00000, 67.00000
214.00000, 66.00000
216.00000, 67.00000
288.00000, 74.00000
292.00000, 72.00000
296.00000, 74.00000
302.00000, 72.00000
304.00000, 70.00000
308.00000, 69.00000
312.00000, 67.00000
occurrence3
334.00000, 67.00000
336.00000, 70.00000
340.00000, 69.00000
342.00000, 67.00000
345.00000, 65.00000
346.00000, 65.00000
350.00000, 64.00000
352.00000, 65.00000
374.00000, 65.00000
376.00000, 67.00000
378.00000, 70.00000
381.00000, 69.00000
382.00000, 69.00000
385.00000, 67.00000
386.00000, 67.00000
390.00000, 66.00000
392.00000, 67.00000
398.00000, 74.00000
401.00000, 72.00000
402.00000, 69.00000
404.00000, 70.00000
408.00000, 69.00000
410.00000, 74.00000
413.00000, 72.00000
414.00000, 70.00000
417.00000, 69.00000
418.00000, 67.00000
419.00000, 65.00000
420.00000, 72.00000
424.00000, 70.00000
428.00000, 69.00000
431.00000, 67.00000
432.00000, 69.00000
434.00000, 70.00000
437.00000, 67.00000
occurrence4
336.00000, 70.00000
340.00000, 69.00000
342.00000, 67.00000
345.00000, 65.00000
346.00000, 65.00000
350.00000, 64.00000
352.00000, 65.00000
374.00000, 65.00000
376.00000, 67.00000
378.00000, 70.00000
381.00000, 69.00000
382.00000, 69.00000
385.00000, 67.00000
386.00000, 67.00000
390.00000, 66.00000
392.00000, 67.00000
398.00000, 74.00000
401.00000, 72.00000
402.00000, 69.00000
404.00000, 70.00000
408.00000, 69.00000
410.00000, 74.00000
413.00000, 72.00000
414.00000, 70.00000
417.00000, 69.00000
418.00000, 67.00000
419.00000, 65.00000
420.00000, 72.00000
424.00000, 70.00000
428.00000, 69.00000
431.00000, 67.00000
432.00000, 69.00000
434.00000, 70.00000
437.00000, 67.00000
438.00000, 69.00000
439.00000, 70.00000
occurrence5
390.00000, 66.00000
392.00000, 67.00000
398.00000, 74.00000
401.00000, 72.00000
402.00000, 69.00000
404.00000, 70.00000
408.00000, 69.00000
410.00000, 74.00000
413.00000, 72.00000
414.00000, 70.00000
417.00000, 69.00000
418.00000, 67.00000
419.00000, 65.00000
420.00000, 72.00000
424.00000, 70.00000
428.00000, 69.00000
431.00000, 67.00000
432.00000, 69.00000
434.00000, 70.00000
437.00000, 67.00000
438.00000, 69.00000
439.00000, 70.00000
440.00000, 72.00000
441.00000, 70.00000
442.00000, 69.00000
443.00000, 67.00000
444.00000, 65.00000
450.00000, 70.00000
452.00000, 69.00000
454.00000, 65.00000
456.00000, 67.00000
460.00000, 65.00000
462.00000, 62.00000
463.00000, 64.00000
464.00000, 65.00000
465.00000, 67.00000
466.00000, 69.00000
467.00000, 70.00000
468.00000, 72.00000
470.00000, 69.00000
473.00000, 67.00000
474.00000, 67.00000
478.00000, 66.00000
480.00000, 67.00000
486.00000, 62.00000
488.00000, 64.00000
490.00000, 67.00000
493.00000, 65.00000
occurrence6
417.00000, 69.00000
418.00000, 67.00000
419.00000, 65.00000
420.00000, 72.00000
424.00000, 70.00000
428.00000, 69.00000
431.00000, 67.00000
432.00000, 69.00000
434.00000, 70.00000
437.00000, 67.00000
438.00000, 69.00000
439.00000, 70.00000
440.00000, 72.00000
441.00000, 70.00000
442.00000, 69.00000
443.00000, 67.00000
444.00000, 65.00000
450.00000, 70.00000
452.00000, 69.00000
454.00000, 65.00000
456.00000, 67.00000
460.00000, 65.00000
462.00000, 62.00000
463.00000, 64.00000
464.00000, 65.00000
465.00000, 67.00000
466.00000, 69.00000
467.00000, 70.00000
468.00000, 72.00000
470.00000, 69.00000
473.00000, 67.00000
474.00000, 67.00000
478.00000, 66.00000
480.00000, 67.00000
486.00000, 62.00000
488.00000, 64.00000
490.00000, 67.00000
493.00000, 65.00000
494.00000, 64.00000
495.00000, 62.00000
496.00000, 60.00000
498.00000, 65.00000
502.00000, 64.00000
504.00000, 65.00000
512.00000, 69.00000
516.00000, 70.00000
518.00000, 67.00000
520.00000, 69.00000
occurrence7
1014.00000, 69.00000
1016.00000, 65.00000
1018.00000, 70.00000
1021.00000, 69.00000
1022.00000, 69.00000
1025.00000, 67.00000
1026.00000, 67.00000
1027.00000, 65.00000
1027.50000, 64.00000
1028.00000, 65.00000
1030.00000, 69.00000
1033.00000, 67.00000
1034.00000, 67.00000
1038.00000, 66.00000
1040.00000, 67.00000
1082.00000, 69.00000
1084.00000, 70.00000
1086.00000, 72.00000
1088.00000, 65.00000
1092.00000, 64.00000
1096.00000, 62.00000
1098.00000, 74.00000
1101.00000, 72.00000
1102.00000, 69.00000
1105.00000, 70.00000
1106.00000, 72.00000
1107.00000, 69.00000
1108.00000, 70.00000
1110.00000, 69.00000
1112.00000, 65.00000
1114.00000, 70.00000
1117.00000, 69.00000
occurrence8
1025.00000, 67.00000
1026.00000, 67.00000
1027.00000, 65.00000
1027.50000, 64.00000
1028.00000, 65.00000
1030.00000, 69.00000
1033.00000, 67.00000
1034.00000, 67.00000
1038.00000, 66.00000
1040.00000, 67.00000
1082.00000, 69.00000
1084.00000, 70.00000
1086.00000, 72.00000
1088.00000, 65.00000
1092.00000, 64.00000
1096.00000, 62.00000
1098.00000, 74.00000
1101.00000, 72.00000
1102.00000, 69.00000
1105.00000, 70.00000
1106.00000, 72.00000
1107.00000, 69.00000
1108.00000, 70.00000
1110.00000, 69.00000
1112.00000, 65.00000
1114.00000, 70.00000
1117.00000, 69.00000
1117.50000, 67.00000
1118.00000, 69.00000
1120.00000, 62.00000
1122.00000, 67.00000
1126.00000, 66.00000
1128.00000, 67.00000
occurrence9
1106.00000, 72.00000
1107.00000, 69.00000
1108.00000, 70.00000
1110.00000, 69.00000
1112.00000, 65.00000
1114.00000, 70.00000
1117.00000, 69.00000
1117.50000, 67.00000
1118.00000, 69.00000
1120.00000, 62.00000
1122.00000, 67.00000
1126.00000, 66.00000
1128.00000, 67.00000
1170.00000, 70.00000
1173.00000, 69.00000
1174.00000, 65.00000
1176.00000, 67.00000
1178.00000, 69.00000
1180.00000, 62.00000
1182.00000, 69.00000
1185.00000, 67.00000
1186.00000, 67.00000
1190.00000, 66.00000
1192.00000, 67.00000
1198.00000, 67.00000
1200.00000, 70.00000
1204.00000, 69.00000
1206.00000, 74.00000
1209.00000, 72.00000
occurrence10
1107.00000, 69.00000
1108.00000, 70.00000
1110.00000, 69.00000
1112.00000, 65.00000
1114.00000, 70.00000
1117.00000, 69.00000
1117.50000, 67.00000
1118.00000, 69.00000
1120.00000, 62.00000
1122.00000, 67.00000
1126.00000, 66.00000
1128.00000, 67.00000
1170.00000, 70.00000
1173.00000, 69.00000
1174.00000, 65.00000
1176.00000, 67.00000
1178.00000, 69.00000
1180.00000, 62.00000
1182.00000, 69.00000
1185.00000, 67.00000
1186.00000, 67.00000
1190.00000, 66.00000
1192.00000, 67.00000
1198.00000, 67.00000
1200.00000, 70.00000
1204.00000, 69.00000
1206.00000, 74.00000
1209.00000, 72.00000
1210.00000, 69.00000
occurrence11
1291.00000, 72.00000
1292.00000, 70.00000
1294.00000, 69.00000
1297.00000, 67.00000
1298.00000, 67.00000
1302.00000, 66.00000
1304.00000, 67.00000
1388.00000, 74.00000
1394.00000, 72.00000
pattern18
occurrence1
381.00000, 69.00000
382.00000, 69.00000
385.00000, 67.00000
386.00000, 67.00000
390.00000, 66.00000
392.00000, 67.00000
398.00000, 74.00000
occurrence2
600.00000, 62.00000
604.00000, 65.00000
608.00000, 67.00000
611.00000, 69.00000
612.00000, 70.00000
614.00000, 69.00000
617.00000, 67.00000
occurrence3
1088.00000, 65.00000
1092.00000, 64.00000
1096.00000, 62.00000
1098.00000, 74.00000
1101.00000, 72.00000
1102.00000, 69.00000
1105.00000, 70.00000
occurrence4
1192.00000, 67.00000
1198.00000, 67.00000
1200.00000, 70.00000
1204.00000, 69.00000
1206.00000, 74.00000
1209.00000, 72.00000
occurrence5
1198.00000, 67.00000
1200.00000, 70.00000
1204.00000, 69.00000
1206.00000, 74.00000
1209.00000, 72.00000
1210.00000, 69.00000
1212.00000, 70.00000
1215.00000, 72.00000
occurrence6
1246.00000, 64.00000
1247.00000, 62.00000
1248.00000, 64.00000
1252.00000, 62.00000
1258.00000, 69.00000
1260.00000, 70.00000
1263.00000, 69.00000
occurrence7
1247.00000, 62.00000
1248.00000, 64.00000
1252.00000, 62.00000
1258.00000, 69.00000
1260.00000, 70.00000
1263.00000, 69.00000
1264.00000, 67.00000
occurrence8
1271.00000, 69.00000
1272.00000, 70.00000
1273.00000, 67.00000
1274.00000, 69.00000
1276.00000, 62.00000
1286.00000, 67.00000
1288.00000, 74.00000
occurrence9
1524.00000, 67.00000
1526.00000, 70.00000
1529.00000, 69.00000
1529.50000, 67.00000
1530.00000, 69.00000
1532.00000, 62.00000
1534.00000, 69.00000
1536.00000, 70.00000
1538.00000, 74.00000
1541.00000, 72.00000
pattern19
occurrence1
138.00000, 67.00000
140.00000, 69.00000
144.00000, 67.00000
186.00000, 74.00000
190.00000, 72.00000
192.00000, 69.00000
194.00000, 72.00000
occurrence2
460.00000, 65.00000
462.00000, 62.00000
463.00000, 64.00000
464.00000, 65.00000
465.00000, 67.00000
466.00000, 69.00000
467.00000, 70.00000
468.00000, 72.00000
470.00000, 69.00000
473.00000, 67.00000
474.00000, 67.00000
478.00000, 66.00000
480.00000, 67.00000
486.00000, 62.00000
488.00000, 64.00000
490.00000, 67.00000
493.00000, 65.00000
494.00000, 64.00000
495.00000, 62.00000
496.00000, 60.00000
498.00000, 65.00000
502.00000, 64.00000
504.00000, 65.00000
512.00000, 69.00000
516.00000, 70.00000
occurrence3
462.00000, 62.00000
463.00000, 64.00000
464.00000, 65.00000
465.00000, 67.00000
466.00000, 69.00000
467.00000, 70.00000
468.00000, 72.00000
470.00000, 69.00000
473.00000, 67.00000
474.00000, 67.00000
478.00000, 66.00000
480.00000, 67.00000
486.00000, 62.00000
488.00000, 64.00000
490.00000, 67.00000
493.00000, 65.00000
494.00000, 64.00000
495.00000, 62.00000
496.00000, 60.00000
498.00000, 65.00000
502.00000, 64.00000
504.00000, 65.00000
512.00000, 69.00000
516.00000, 70.00000
518.00000, 67.00000
occurrence4
474.00000, 67.00000
478.00000, 66.00000
480.00000, 67.00000
486.00000, 62.00000
488.00000, 64.00000
490.00000, 67.00000
493.00000, 65.00000
494.00000, 64.00000
495.00000, 62.00000
496.00000, 60.00000
498.00000, 65.00000
502.00000, 64.00000
504.00000, 65.00000
512.00000, 69.00000
516.00000, 70.00000
518.00000, 67.00000
520.00000, 69.00000
524.00000, 62.00000
526.00000, 70.00000
528.00000, 69.00000
530.00000, 72.00000
occurrence5
604.00000, 65.00000
608.00000, 67.00000
611.00000, 69.00000
612.00000, 70.00000
614.00000, 69.00000
617.00000, 67.00000
618.00000, 67.00000
622.00000, 66.00000
624.00000, 67.00000
630.00000, 65.00000
632.00000, 70.00000
634.00000, 67.00000
636.00000, 69.00000
658.00000, 65.00000
660.00000, 70.00000
occurrence6
888.00000, 67.00000
942.00000, 67.00000
944.00000, 72.00000
occurrence7
1028.00000, 65.00000
1030.00000, 69.00000
1033.00000, 67.00000
1034.00000, 67.00000
1038.00000, 66.00000
1040.00000, 67.00000
1082.00000, 69.00000
1084.00000, 70.00000
occurrence8
1120.00000, 62.00000
1122.00000, 67.00000
1126.00000, 66.00000
1128.00000, 67.00000
1170.00000, 70.00000
1173.00000, 69.00000
1174.00000, 65.00000
1176.00000, 67.00000
occurrence9
1500.00000, 65.00000
1508.00000, 67.00000
1522.00000, 65.00000
1524.00000, 67.00000
1526.00000, 70.00000
1529.00000, 69.00000
1529.50000, 67.00000
1530.00000, 69.00000
1532.00000, 62.00000
1534.00000, 69.00000
1536.00000, 70.00000
1538.00000, 74.00000
1541.00000, 72.00000
1541.50000, 70.00000
1542.00000, 72.00000
1544.00000, 65.00000
1547.00000, 67.00000
1548.00000, 69.00000
1550.00000, 74.00000
1553.00000, 72.00000
1554.00000, 70.00000
1555.00000, 69.00000
1556.00000, 70.00000
pattern20
occurrence1
302.00000, 72.00000
304.00000, 70.00000
308.00000, 69.00000
312.00000, 67.00000
326.00000, 67.00000
328.00000, 69.00000
330.00000, 72.00000
333.00000, 70.00000
334.00000, 67.00000
336.00000, 70.00000
340.00000, 69.00000
342.00000, 67.00000
345.00000, 65.00000
346.00000, 65.00000
350.00000, 64.00000
352.00000, 65.00000
374.00000, 65.00000
376.00000, 67.00000
378.00000, 70.00000
381.00000, 69.00000
382.00000, 69.00000
385.00000, 67.00000
386.00000, 67.00000
390.00000, 66.00000
392.00000, 67.00000
398.00000, 74.00000
401.00000, 72.00000
402.00000, 69.00000
404.00000, 70.00000
408.00000, 69.00000
410.00000, 74.00000
413.00000, 72.00000
414.00000, 70.00000
417.00000, 69.00000
418.00000, 67.00000
419.00000, 65.00000
420.00000, 72.00000
424.00000, 70.00000
428.00000, 69.00000
431.00000, 67.00000
432.00000, 69.00000
434.00000, 70.00000
437.00000, 67.00000
438.00000, 69.00000
439.00000, 70.00000
440.00000, 72.00000
441.00000, 70.00000
442.00000, 69.00000
443.00000, 67.00000
444.00000, 65.00000
450.00000, 70.00000
452.00000, 69.00000
occurrence2
1126.00000, 66.00000
1128.00000, 67.00000
1170.00000, 70.00000
1173.00000, 69.00000
1174.00000, 65.00000
1176.00000, 67.00000
1178.00000, 69.00000
1180.00000, 62.00000
1182.00000, 69.00000
1185.00000, 67.00000
1186.00000, 67.00000
1190.00000, 66.00000
1192.00000, 67.00000
1198.00000, 67.00000
1200.00000, 70.00000
1204.00000, 69.00000
1206.00000, 74.00000
1209.00000, 72.00000
1210.00000, 69.00000
1212.00000, 70.00000
1215.00000, 72.00000
1216.00000, 74.00000
1218.00000, 67.00000
1234.00000, 70.00000
1237.00000, 69.00000
1238.00000, 67.00000
1239.00000, 65.00000
1240.00000, 67.00000
1242.00000, 65.00000
1246.00000, 64.00000
1247.00000, 62.00000
1248.00000, 64.00000
1252.00000, 62.00000
1258.00000, 69.00000
1260.00000, 70.00000
1263.00000, 69.00000
1264.00000, 67.00000
1266.00000, 65.00000
1268.00000, 67.00000
1271.00000, 69.00000
1272.00000, 70.00000
1273.00000, 67.00000
1274.00000, 69.00000
1276.00000, 62.00000
pattern21
occurrence1
64.00000, 67.00000
80.00000, 65.00000
88.00000, 67.00000
120.00000, 70.00000
128.00000, 72.00000
132.00000, 70.00000
136.00000, 69.00000
138.00000, 67.00000
140.00000, 69.00000
144.00000, 67.00000
186.00000, 74.00000
190.00000, 72.00000
192.00000, 69.00000
194.00000, 72.00000
198.00000, 70.00000
200.00000, 67.00000
202.00000, 70.00000
205.00000, 69.00000
206.00000, 69.00000
209.00000, 67.00000
210.00000, 67.00000
214.00000, 66.00000
216.00000, 67.00000
288.00000, 74.00000
292.00000, 72.00000
296.00000, 74.00000
302.00000, 72.00000
304.00000, 70.00000
308.00000, 69.00000
312.00000, 67.00000
326.00000, 67.00000
328.00000, 69.00000
330.00000, 72.00000
333.00000, 70.00000
334.00000, 67.00000
336.00000, 70.00000
340.00000, 69.00000
342.00000, 67.00000
345.00000, 65.00000
346.00000, 65.00000
350.00000, 64.00000
352.00000, 65.00000
374.00000, 65.00000
376.00000, 67.00000
378.00000, 70.00000
381.00000, 69.00000
382.00000, 69.00000
385.00000, 67.00000
386.00000, 67.00000
390.00000, 66.00000
392.00000, 67.00000
398.00000, 74.00000
401.00000, 72.00000
402.00000, 69.00000
404.00000, 70.00000
408.00000, 69.00000
410.00000, 74.00000
413.00000, 72.00000
414.00000, 70.00000
417.00000, 69.00000
418.00000, 67.00000
419.00000, 65.00000
420.00000, 72.00000
424.00000, 70.00000
428.00000, 69.00000
431.00000, 67.00000
432.00000, 69.00000
434.00000, 70.00000
437.00000, 67.00000
438.00000, 69.00000
439.00000, 70.00000
440.00000, 72.00000
441.00000, 70.00000
442.00000, 69.00000
443.00000, 67.00000
444.00000, 65.00000
450.00000, 70.00000
452.00000, 69.00000
454.00000, 65.00000
456.00000, 67.00000
460.00000, 65.00000
462.00000, 62.00000
463.00000, 64.00000
464.00000, 65.00000
465.00000, 67.00000
466.00000, 69.00000
467.00000, 70.00000
468.00000, 72.00000
470.00000, 69.00000
473.00000, 67.00000
474.00000, 67.00000
478.00000, 66.00000
480.00000, 67.00000
486.00000, 62.00000
488.00000, 64.00000
490.00000, 67.00000
493.00000, 65.00000
494.00000, 64.00000
495.00000, 62.00000
496.00000, 60.00000
498.00000, 65.00000
502.00000, 64.00000
504.00000, 65.00000
512.00000, 69.00000
516.00000, 70.00000
518.00000, 67.00000
520.00000, 69.00000
524.00000, 62.00000
526.00000, 70.00000
528.00000, 69.00000
530.00000, 72.00000
533.00000, 70.00000
534.00000, 69.00000
537.00000, 67.00000
538.00000, 67.00000
542.00000, 66.00000
544.00000, 67.00000
600.00000, 62.00000
604.00000, 65.00000
608.00000, 67.00000
611.00000, 69.00000
612.00000, 70.00000
614.00000, 69.00000
617.00000, 67.00000
618.00000, 67.00000
622.00000, 66.00000
624.00000, 67.00000
630.00000, 65.00000
632.00000, 70.00000
634.00000, 67.00000
636.00000, 69.00000
658.00000, 65.00000
660.00000, 70.00000
662.00000, 67.00000
664.00000, 69.00000
666.00000, 62.00000
667.00000, 64.00000
668.00000, 65.00000
669.00000, 67.00000
670.00000, 69.00000
673.00000, 67.00000
674.00000, 67.00000
678.00000, 66.00000
680.00000, 67.00000
808.00000, 62.00000
816.00000, 65.00000
820.00000, 67.00000
824.00000, 70.00000
832.00000, 72.00000
836.00000, 70.00000
838.00000, 69.00000
841.00000, 67.00000
842.00000, 67.00000
846.00000, 66.00000
848.00000, 67.00000
866.00000, 65.00000
868.00000, 70.00000
871.00000, 69.00000
872.00000, 67.00000
874.00000, 72.00000
877.00000, 70.00000
878.00000, 69.00000
879.00000, 67.00000
880.00000, 69.00000
882.00000, 67.00000
886.00000, 66.00000
888.00000, 67.00000
942.00000, 67.00000
944.00000, 72.00000
948.00000, 69.00000
950.00000, 74.00000
954.00000, 72.00000
956.00000, 69.00000
958.00000, 72.00000
961.00000, 69.00000
962.00000, 70.00000
964.00000, 72.00000
965.00000, 70.00000
966.00000, 69.00000
967.00000, 67.00000
968.00000, 65.00000
1014.00000, 69.00000
1016.00000, 65.00000
1018.00000, 70.00000
1021.00000, 69.00000
1022.00000, 69.00000
1025.00000, 67.00000
1026.00000, 67.00000
1027.00000, 65.00000
1027.50000, 64.00000
1028.00000, 65.00000
1030.00000, 69.00000
1033.00000, 67.00000
1034.00000, 67.00000
1038.00000, 66.00000
1040.00000, 67.00000
1082.00000, 69.00000
1084.00000, 70.00000
1086.00000, 72.00000
1088.00000, 65.00000
1092.00000, 64.00000
1096.00000, 62.00000
1098.00000, 74.00000
1101.00000, 72.00000
1102.00000, 69.00000
1105.00000, 70.00000
1106.00000, 72.00000
1107.00000, 69.00000
1108.00000, 70.00000
1110.00000, 69.00000
1112.00000, 65.00000
1114.00000, 70.00000
1117.00000, 69.00000
1117.50000, 67.00000
1118.00000, 69.00000
1120.00000, 62.00000
1122.00000, 67.00000
1126.00000, 66.00000
1128.00000, 67.00000
1170.00000, 70.00000
1173.00000, 69.00000
1174.00000, 65.00000
1176.00000, 67.00000
1178.00000, 69.00000
1180.00000, 62.00000
1182.00000, 69.00000
1185.00000, 67.00000
1186.00000, 67.00000
1190.00000, 66.00000
1192.00000, 67.00000
1198.00000, 67.00000
1200.00000, 70.00000
1204.00000, 69.00000
1206.00000, 74.00000
1209.00000, 72.00000
1210.00000, 69.00000
1212.00000, 70.00000
1215.00000, 72.00000
1216.00000, 74.00000
1218.00000, 67.00000
1234.00000, 70.00000
1237.00000, 69.00000
1238.00000, 67.00000
1239.00000, 65.00000
1240.00000, 67.00000
1242.00000, 65.00000
1246.00000, 64.00000
1247.00000, 62.00000
1248.00000, 64.00000
1252.00000, 62.00000
1258.00000, 69.00000
1260.00000, 70.00000
1263.00000, 69.00000
1264.00000, 67.00000
1266.00000, 65.00000
1268.00000, 67.00000
1271.00000, 69.00000
1272.00000, 70.00000
1273.00000, 67.00000
1274.00000, 69.00000
1276.00000, 62.00000
1286.00000, 67.00000
1288.00000, 74.00000
1291.00000, 72.00000
1292.00000, 70.00000
1294.00000, 69.00000
1297.00000, 67.00000
1298.00000, 67.00000
1302.00000, 66.00000
1304.00000, 67.00000
1388.00000, 74.00000
1394.00000, 72.00000
1396.00000, 69.00000
1400.00000, 70.00000
1404.00000, 69.00000
1410.00000, 67.00000
1412.00000, 67.00000
1420.00000, 66.00000
1424.00000, 67.00000
1472.00000, 74.00000
1478.00000, 72.00000
1480.00000, 69.00000
1484.00000, 70.00000
1488.00000, 69.00000
1494.00000, 67.00000
1496.00000, 67.00000
1500.00000, 65.00000
1508.00000, 67.00000
1522.00000, 65.00000
1524.00000, 67.00000
1526.00000, 70.00000
1529.00000, 69.00000
1529.50000, 67.00000
1530.00000, 69.00000
1532.00000, 62.00000
1534.00000, 69.00000
1536.00000, 70.00000
1538.00000, 74.00000
1541.00000, 72.00000
1541.50000, 70.00000
1542.00000, 72.00000
1544.00000, 65.00000
1547.00000, 67.00000
1548.00000, 69.00000
1550.00000, 74.00000
1553.00000, 72.00000
1554.00000, 70.00000
1555.00000, 69.00000
1556.00000, 70.00000
1558.00000, 69.00000
1561.00000, 67.00000
1562.00000, 67.00000
1564.00000, 65.00000
