pattern1
occurrence1
6.00000, 69.00000
8.00000, 67.00000
10.00000, 65.00000
11.00000, 64.00000
12.00000, 65.00000
16.00000, 64.00000
18.00000, 64.00000
22.00000, 62.00000
24.00000, 64.00000
occurrence2
42.00000, 67.00000
43.00000, 65.00000
44.00000, 64.00000
46.00000, 62.00000
48.00000, 65.00000
50.00000, 64.00000
54.00000, 62.00000
58.00000, 61.00000
60.00000, 62.00000
occurrence3
76.00000, 74.00000
80.00000, 72.00000
82.00000, 69.00000
84.00000, 70.00000
88.00000, 69.00000
92.00000, 67.00000
94.00000, 69.00000
occurrence4
358.00000, 67.00000
362.00000, 65.00000
364.00000, 62.00000
366.00000, 64.00000
369.00000, 62.00000
370.00000, 62.00000
374.00000, 61.00000
376.00000, 62.00000
pattern2
occurrence1
6.00000, 69.00000
8.00000, 67.00000
10.00000, 65.00000
11.00000, 64.00000
12.00000, 65.00000
16.00000, 64.00000
occurrence2
48.00000, 65.00000
50.00000, 64.00000
54.00000, 62.00000
58.00000, 61.00000
occurrence3
318.00000, 69.00000
320.00000, 67.00000
323.00000, 65.00000
324.00000, 65.00000
328.00000, 64.00000
pattern3
occurrence1
76.00000, 74.00000
80.00000, 72.00000
82.00000, 69.00000
84.00000, 70.00000
88.00000, 69.00000
occurrence2
136.00000, 69.00000
138.00000, 67.00000
142.00000, 64.00000
144.00000, 65.00000
148.00000, 64.00000
occurrence3
358.00000, 67.00000
362.00000, 65.00000
364.00000, 62.00000
366.00000, 64.00000
369.00000, 62.00000
370.00000, 62.00000
pattern4
occurrence1
76.00000, 74.00000
80.00000, 72.00000
82.00000, 69.00000
84.00000, 70.00000
88.00000, 69.00000
92.00000, 67.00000
94.00000, 69.00000
96.00000, 71.00000
98.00000, 72.00000
102.00000, 71.00000
106.00000, 69.00000
occurrence2
144.00000, 65.00000
148.00000, 64.00000
150.00000, 64.00000
154.00000, 60.00000
158.00000, 62.00000
162.00000, 67.00000
166.00000, 67.00000
168.00000, 65.00000
170.00000, 62.00000
174.00000, 60.00000
occurrence3
320.00000, 67.00000
323.00000, 65.00000
324.00000, 65.00000
328.00000, 64.00000
330.00000, 65.00000
336.00000, 67.00000
339.00000, 69.00000
340.00000, 70.00000
342.00000, 69.00000
344.00000, 65.00000
346.00000, 64.00000
350.00000, 62.00000
pattern5
occurrence1
22.00000, 62.00000
24.00000, 64.00000
36.00000, 67.00000
38.00000, 67.00000
40.00000, 69.00000
42.00000, 67.00000
43.00000, 65.00000
44.00000, 64.00000
46.00000, 62.00000
48.00000, 65.00000
50.00000, 64.00000
54.00000, 62.00000
58.00000, 61.00000
60.00000, 62.00000
occurrence2
210.00000, 67.00000
213.00000, 65.00000
214.00000, 64.00000
215.00000, 62.00000
216.00000, 60.00000
232.00000, 69.00000
234.00000, 67.00000
236.00000, 69.00000
238.00000, 67.00000
239.00000, 65.00000
240.00000, 64.00000
244.00000, 64.00000
246.00000, 65.00000
248.00000, 67.00000
occurrence3
320.00000, 67.00000
323.00000, 65.00000
324.00000, 65.00000
328.00000, 64.00000
330.00000, 65.00000
336.00000, 67.00000
339.00000, 69.00000
340.00000, 70.00000
342.00000, 69.00000
344.00000, 65.00000
346.00000, 64.00000
350.00000, 62.00000
352.00000, 60.00000
354.00000, 64.00000
356.00000, 65.00000
358.00000, 67.00000
pattern6
occurrence1
0.00000, 69.00000
6.00000, 69.00000
8.00000, 67.00000
10.00000, 65.00000
11.00000, 64.00000
12.00000, 65.00000
occurrence2
10.00000, 65.00000
11.00000, 64.00000
12.00000, 65.00000
16.00000, 64.00000
18.00000, 64.00000
22.00000, 62.00000
occurrence3
38.00000, 67.00000
40.00000, 69.00000
42.00000, 67.00000
43.00000, 65.00000
44.00000, 64.00000
46.00000, 62.00000
48.00000, 65.00000
50.00000, 64.00000
occurrence4
48.00000, 65.00000
50.00000, 64.00000
54.00000, 62.00000
58.00000, 61.00000
60.00000, 62.00000
occurrence5
98.00000, 72.00000
102.00000, 71.00000
106.00000, 69.00000
110.00000, 68.00000
occurrence6
132.00000, 69.00000
136.00000, 69.00000
138.00000, 67.00000
142.00000, 64.00000
144.00000, 65.00000
occurrence7
138.00000, 67.00000
142.00000, 64.00000
144.00000, 65.00000
148.00000, 64.00000
150.00000, 64.00000
occurrence8
142.00000, 64.00000
144.00000, 65.00000
148.00000, 64.00000
150.00000, 64.00000
154.00000, 60.00000
occurrence9
246.00000, 65.00000
248.00000, 67.00000
250.00000, 65.00000
251.00000, 64.00000
252.00000, 62.00000
254.00000, 65.00000
257.00000, 64.00000
258.00000, 62.00000
occurrence10
282.00000, 64.00000
286.00000, 64.00000
288.00000, 65.00000
291.00000, 64.00000
292.00000, 62.00000
294.00000, 60.00000
occurrence11
300.00000, 69.00000
306.00000, 67.00000
312.00000, 65.00000
occurrence12
318.00000, 69.00000
320.00000, 67.00000
323.00000, 65.00000
324.00000, 65.00000
328.00000, 64.00000
330.00000, 65.00000
pattern7
occurrence1
8.00000, 67.00000
10.00000, 65.00000
11.00000, 64.00000
12.00000, 65.00000
16.00000, 64.00000
18.00000, 64.00000
22.00000, 62.00000
24.00000, 64.00000
36.00000, 67.00000
38.00000, 67.00000
40.00000, 69.00000
42.00000, 67.00000
43.00000, 65.00000
44.00000, 64.00000
46.00000, 62.00000
48.00000, 65.00000
50.00000, 64.00000
54.00000, 62.00000
58.00000, 61.00000
60.00000, 62.00000
76.00000, 74.00000
80.00000, 72.00000
82.00000, 69.00000
occurrence2
36.00000, 67.00000
38.00000, 67.00000
40.00000, 69.00000
42.00000, 67.00000
43.00000, 65.00000
44.00000, 64.00000
46.00000, 62.00000
48.00000, 65.00000
50.00000, 64.00000
54.00000, 62.00000
58.00000, 61.00000
60.00000, 62.00000
76.00000, 74.00000
80.00000, 72.00000
82.00000, 69.00000
84.00000, 70.00000
88.00000, 69.00000
92.00000, 67.00000
94.00000, 69.00000
96.00000, 71.00000
98.00000, 72.00000
102.00000, 71.00000
106.00000, 69.00000
110.00000, 68.00000
occurrence3
38.00000, 67.00000
40.00000, 69.00000
42.00000, 67.00000
43.00000, 65.00000
44.00000, 64.00000
46.00000, 62.00000
48.00000, 65.00000
50.00000, 64.00000
54.00000, 62.00000
58.00000, 61.00000
60.00000, 62.00000
76.00000, 74.00000
80.00000, 72.00000
82.00000, 69.00000
84.00000, 70.00000
88.00000, 69.00000
92.00000, 67.00000
94.00000, 69.00000
96.00000, 71.00000
98.00000, 72.00000
102.00000, 71.00000
106.00000, 69.00000
110.00000, 68.00000
112.00000, 69.00000
occurrence4
162.00000, 67.00000
166.00000, 67.00000
168.00000, 65.00000
170.00000, 62.00000
174.00000, 60.00000
176.00000, 65.00000
180.00000, 64.00000
184.00000, 62.00000
186.00000, 64.00000
200.00000, 67.00000
204.00000, 69.00000
206.00000, 65.00000
208.00000, 64.00000
210.00000, 67.00000
213.00000, 65.00000
214.00000, 64.00000
215.00000, 62.00000
216.00000, 60.00000
232.00000, 69.00000
234.00000, 67.00000
236.00000, 69.00000
occurrence5
170.00000, 62.00000
174.00000, 60.00000
176.00000, 65.00000
180.00000, 64.00000
184.00000, 62.00000
186.00000, 64.00000
200.00000, 67.00000
204.00000, 69.00000
206.00000, 65.00000
208.00000, 64.00000
210.00000, 67.00000
213.00000, 65.00000
214.00000, 64.00000
215.00000, 62.00000
216.00000, 60.00000
232.00000, 69.00000
234.00000, 67.00000
236.00000, 69.00000
238.00000, 67.00000
239.00000, 65.00000
240.00000, 64.00000
244.00000, 64.00000
occurrence6
180.00000, 64.00000
184.00000, 62.00000
186.00000, 64.00000
200.00000, 67.00000
204.00000, 69.00000
206.00000, 65.00000
208.00000, 64.00000
210.00000, 67.00000
213.00000, 65.00000
214.00000, 64.00000
215.00000, 62.00000
216.00000, 60.00000
232.00000, 69.00000
234.00000, 67.00000
236.00000, 69.00000
238.00000, 67.00000
239.00000, 65.00000
240.00000, 64.00000
244.00000, 64.00000
246.00000, 65.00000
248.00000, 67.00000
250.00000, 65.00000
251.00000, 64.00000
252.00000, 62.00000
254.00000, 65.00000
occurrence7
214.00000, 64.00000
215.00000, 62.00000
216.00000, 60.00000
232.00000, 69.00000
234.00000, 67.00000
236.00000, 69.00000
238.00000, 67.00000
239.00000, 65.00000
240.00000, 64.00000
244.00000, 64.00000
246.00000, 65.00000
248.00000, 67.00000
250.00000, 65.00000
251.00000, 64.00000
252.00000, 62.00000
254.00000, 65.00000
257.00000, 64.00000
258.00000, 62.00000
262.00000, 61.00000
264.00000, 62.00000
276.00000, 65.00000
280.00000, 62.00000
282.00000, 64.00000
286.00000, 64.00000
288.00000, 65.00000
occurrence8
246.00000, 65.00000
248.00000, 67.00000
250.00000, 65.00000
251.00000, 64.00000
252.00000, 62.00000
254.00000, 65.00000
257.00000, 64.00000
258.00000, 62.00000
262.00000, 61.00000
264.00000, 62.00000
276.00000, 65.00000
280.00000, 62.00000
282.00000, 64.00000
286.00000, 64.00000
288.00000, 65.00000
291.00000, 64.00000
292.00000, 62.00000
294.00000, 60.00000
300.00000, 69.00000
306.00000, 67.00000
312.00000, 65.00000
316.00000, 70.00000
318.00000, 69.00000
320.00000, 67.00000
occurrence9
280.00000, 62.00000
282.00000, 64.00000
286.00000, 64.00000
288.00000, 65.00000
291.00000, 64.00000
292.00000, 62.00000
294.00000, 60.00000
300.00000, 69.00000
306.00000, 67.00000
312.00000, 65.00000
316.00000, 70.00000
318.00000, 69.00000
320.00000, 67.00000
323.00000, 65.00000
324.00000, 65.00000
328.00000, 64.00000
330.00000, 65.00000
336.00000, 67.00000
339.00000, 69.00000
340.00000, 70.00000
342.00000, 69.00000
344.00000, 65.00000
346.00000, 64.00000
350.00000, 62.00000
352.00000, 60.00000
354.00000, 64.00000
occurrence10
282.00000, 64.00000
286.00000, 64.00000
288.00000, 65.00000
291.00000, 64.00000
292.00000, 62.00000
294.00000, 60.00000
300.00000, 69.00000
306.00000, 67.00000
312.00000, 65.00000
316.00000, 70.00000
318.00000, 69.00000
320.00000, 67.00000
323.00000, 65.00000
324.00000, 65.00000
328.00000, 64.00000
330.00000, 65.00000
336.00000, 67.00000
339.00000, 69.00000
340.00000, 70.00000
342.00000, 69.00000
344.00000, 65.00000
346.00000, 64.00000
350.00000, 62.00000
352.00000, 60.00000
354.00000, 64.00000
356.00000, 65.00000
occurrence11
292.00000, 62.00000
294.00000, 60.00000
300.00000, 69.00000
306.00000, 67.00000
312.00000, 65.00000
316.00000, 70.00000
318.00000, 69.00000
320.00000, 67.00000
323.00000, 65.00000
324.00000, 65.00000
328.00000, 64.00000
330.00000, 65.00000
336.00000, 67.00000
339.00000, 69.00000
340.00000, 70.00000
342.00000, 69.00000
344.00000, 65.00000
346.00000, 64.00000
350.00000, 62.00000
352.00000, 60.00000
354.00000, 64.00000
356.00000, 65.00000
358.00000, 67.00000
362.00000, 65.00000
364.00000, 62.00000
366.00000, 64.00000
pattern8
occurrence1
42.00000, 67.00000
43.00000, 65.00000
44.00000, 64.00000
occurrence2
80.00000, 72.00000
82.00000, 69.00000
occurrence3
168.00000, 65.00000
170.00000, 62.00000
occurrence4
204.00000, 69.00000
206.00000, 65.00000
occurrence5
213.00000, 65.00000
214.00000, 64.00000
215.00000, 62.00000
occurrence6
214.00000, 64.00000
215.00000, 62.00000
216.00000, 60.00000
occurrence7
238.00000, 67.00000
239.00000, 65.00000
240.00000, 64.00000
occurrence8
250.00000, 65.00000
251.00000, 64.00000
252.00000, 62.00000
occurrence9
342.00000, 69.00000
344.00000, 65.00000
occurrence10
362.00000, 65.00000
364.00000, 62.00000
pattern9
occurrence1
184.00000, 62.00000
186.00000, 64.00000
200.00000, 67.00000
204.00000, 69.00000
206.00000, 65.00000
208.00000, 64.00000
210.00000, 67.00000
213.00000, 65.00000
214.00000, 64.00000
215.00000, 62.00000
216.00000, 60.00000
232.00000, 69.00000
234.00000, 67.00000
236.00000, 69.00000
238.00000, 67.00000
239.00000, 65.00000
240.00000, 64.00000
244.00000, 64.00000
occurrence2
186.00000, 64.00000
200.00000, 67.00000
204.00000, 69.00000
206.00000, 65.00000
208.00000, 64.00000
210.00000, 67.00000
213.00000, 65.00000
214.00000, 64.00000
215.00000, 62.00000
216.00000, 60.00000
232.00000, 69.00000
234.00000, 67.00000
236.00000, 69.00000
238.00000, 67.00000
239.00000, 65.00000
240.00000, 64.00000
244.00000, 64.00000
246.00000, 65.00000
occurrence3
246.00000, 65.00000
248.00000, 67.00000
250.00000, 65.00000
251.00000, 64.00000
252.00000, 62.00000
254.00000, 65.00000
257.00000, 64.00000
258.00000, 62.00000
262.00000, 61.00000
264.00000, 62.00000
276.00000, 65.00000
280.00000, 62.00000
282.00000, 64.00000
286.00000, 64.00000
288.00000, 65.00000
291.00000, 64.00000
292.00000, 62.00000
294.00000, 60.00000
300.00000, 69.00000
306.00000, 67.00000
occurrence4
276.00000, 65.00000
280.00000, 62.00000
282.00000, 64.00000
286.00000, 64.00000
288.00000, 65.00000
291.00000, 64.00000
292.00000, 62.00000
294.00000, 60.00000
300.00000, 69.00000
306.00000, 67.00000
312.00000, 65.00000
316.00000, 70.00000
318.00000, 69.00000
320.00000, 67.00000
323.00000, 65.00000
324.00000, 65.00000
328.00000, 64.00000
330.00000, 65.00000
336.00000, 67.00000
pattern10
occurrence1
11.00000, 64.00000
12.00000, 65.00000
16.00000, 64.00000
18.00000, 64.00000
22.00000, 62.00000
24.00000, 64.00000
36.00000, 67.00000
38.00000, 67.00000
40.00000, 69.00000
42.00000, 67.00000
43.00000, 65.00000
44.00000, 64.00000
46.00000, 62.00000
48.00000, 65.00000
50.00000, 64.00000
54.00000, 62.00000
58.00000, 61.00000
60.00000, 62.00000
76.00000, 74.00000
80.00000, 72.00000
82.00000, 69.00000
84.00000, 70.00000
88.00000, 69.00000
92.00000, 67.00000
94.00000, 69.00000
96.00000, 71.00000
98.00000, 72.00000
102.00000, 71.00000
106.00000, 69.00000
110.00000, 68.00000
112.00000, 69.00000
132.00000, 69.00000
136.00000, 69.00000
138.00000, 67.00000
142.00000, 64.00000
144.00000, 65.00000
148.00000, 64.00000
150.00000, 64.00000
154.00000, 60.00000
158.00000, 62.00000
162.00000, 67.00000
166.00000, 67.00000
168.00000, 65.00000
170.00000, 62.00000
174.00000, 60.00000
176.00000, 65.00000
180.00000, 64.00000
184.00000, 62.00000
186.00000, 64.00000
200.00000, 67.00000
204.00000, 69.00000
206.00000, 65.00000
208.00000, 64.00000
210.00000, 67.00000
213.00000, 65.00000
214.00000, 64.00000
215.00000, 62.00000
216.00000, 60.00000
232.00000, 69.00000
234.00000, 67.00000
236.00000, 69.00000
238.00000, 67.00000
239.00000, 65.00000
240.00000, 64.00000
244.00000, 64.00000
246.00000, 65.00000
248.00000, 67.00000
250.00000, 65.00000
251.00000, 64.00000
252.00000, 62.00000
254.00000, 65.00000
257.00000, 64.00000
258.00000, 62.00000
262.00000, 61.00000
264.00000, 62.00000
276.00000, 65.00000
280.00000, 62.00000
282.00000, 64.00000
286.00000, 64.00000
288.00000, 65.00000
291.00000, 64.00000
292.00000, 62.00000
294.00000, 60.00000
300.00000, 69.00000
306.00000, 67.00000
312.00000, 65.00000
316.00000, 70.00000
318.00000, 69.00000
320.00000, 67.00000
323.00000, 65.00000
324.00000, 65.00000
328.00000, 64.00000
330.00000, 65.00000
336.00000, 67.00000
339.00000, 69.00000
340.00000, 70.00000
342.00000, 69.00000
344.00000, 65.00000
346.00000, 64.00000
350.00000, 62.00000
352.00000, 60.00000
354.00000, 64.00000
356.00000, 65.00000
358.00000, 67.00000
362.00000, 65.00000
364.00000, 62.00000
366.00000, 64.00000
369.00000, 62.00000
