pattern1
occurrence1
136.00000, 62.00000
142.00000, 67.00000
144.00000, 69.00000
147.00000, 71.00000
148.00000, 72.00000
152.00000, 71.00000
154.00000, 69.00000
158.00000, 67.00000
162.00000, 66.00000
163.00000, 64.00000
164.00000, 66.00000
168.00000, 67.00000
172.00000, 69.00000
176.00000, 65.00000
184.00000, 72.00000
190.00000, 72.00000
192.00000, 72.00000
196.00000, 72.00000
200.00000, 71.00000
206.00000, 71.00000
208.00000, 69.00000
212.00000, 74.00000
216.00000, 74.00000
218.00000, 74.00000
220.00000, 72.00000
224.00000, 69.00000
228.00000, 72.00000
234.00000, 71.00000
235.00000, 69.00000
236.00000, 67.00000
244.00000, 71.00000
250.00000, 72.00000
252.00000, 74.00000
258.00000, 72.00000
259.00000, 71.00000
260.00000, 69.00000
268.00000, 65.00000
274.00000, 67.00000
276.00000, 69.00000
280.00000, 62.00000
284.00000, 67.00000
290.00000, 69.00000
292.00000, 71.00000
294.00000, 72.00000
296.00000, 74.00000
298.00000, 71.00000
300.00000, 72.00000
308.00000, 71.00000
312.00000, 72.00000
318.00000, 71.00000
319.00000, 69.00000
320.00000, 72.00000
324.00000, 71.00000
330.00000, 69.00000
331.00000, 67.00000
332.00000, 71.00000
334.00000, 72.00000
336.00000, 74.00000
340.00000, 71.00000
342.00000, 72.00000
346.00000, 71.00000
347.00000, 69.00000
348.00000, 67.00000
350.00000, 72.00000
353.00000, 71.00000
354.00000, 69.00000
358.00000, 68.00000
360.00000, 69.00000
372.00000, 69.00000
376.00000, 71.00000
380.00000, 72.00000
386.00000, 71.00000
388.00000, 69.00000
390.00000, 67.00000
391.00000, 65.00000
392.00000, 67.00000
396.00000, 69.00000
400.00000, 67.00000
424.00000, 72.00000
430.00000, 71.00000
432.00000, 69.00000
occurrence2
468.00000, 64.00000
470.00000, 67.00000
472.00000, 65.00000
474.00000, 62.00000
477.00000, 64.00000
478.00000, 65.00000
479.00000, 67.00000
480.00000, 69.00000
484.00000, 67.00000
486.00000, 71.00000
490.00000, 69.00000
494.00000, 68.00000
496.00000, 69.00000
500.00000, 65.00000
506.00000, 64.00000
508.00000, 62.00000
510.00000, 65.00000
514.00000, 64.00000
516.00000, 69.00000
522.00000, 71.00000
524.00000, 72.00000
528.00000, 69.00000
532.00000, 71.00000
536.00000, 69.00000
552.00000, 62.00000
556.00000, 69.00000
560.00000, 71.00000
566.00000, 67.00000
568.00000, 69.00000
570.00000, 72.00000
574.00000, 71.00000
575.00000, 69.00000
576.00000, 67.00000
584.00000, 67.00000
588.00000, 72.00000
592.00000, 71.00000
595.00000, 69.00000
596.00000, 67.00000
600.00000, 69.00000
610.00000, 67.00000
612.00000, 67.00000
614.00000, 67.00000
616.00000, 71.00000
620.00000, 74.00000
626.00000, 74.00000
628.00000, 74.00000
632.00000, 67.00000
638.00000, 69.00000
640.00000, 71.00000
644.00000, 67.00000
648.00000, 69.00000
658.00000, 67.00000
660.00000, 67.00000
662.00000, 67.00000
664.00000, 71.00000
668.00000, 74.00000
674.00000, 74.00000
676.00000, 74.00000
680.00000, 67.00000
686.00000, 69.00000
688.00000, 71.00000
691.00000, 72.00000
692.00000, 74.00000
694.00000, 71.00000
696.00000, 72.00000
700.00000, 69.00000
706.00000, 67.00000
708.00000, 69.00000
712.00000, 65.00000
718.00000, 62.00000
720.00000, 69.00000
724.00000, 71.00000
728.00000, 69.00000
756.00000, 69.00000
760.00000, 72.00000
764.00000, 71.00000
occurrence3
510.00000, 65.00000
514.00000, 64.00000
516.00000, 69.00000
522.00000, 71.00000
524.00000, 72.00000
528.00000, 69.00000
532.00000, 71.00000
536.00000, 69.00000
552.00000, 62.00000
556.00000, 69.00000
560.00000, 71.00000
566.00000, 67.00000
568.00000, 69.00000
570.00000, 72.00000
574.00000, 71.00000
575.00000, 69.00000
576.00000, 67.00000
584.00000, 67.00000
588.00000, 72.00000
592.00000, 71.00000
595.00000, 69.00000
596.00000, 67.00000
600.00000, 69.00000
610.00000, 67.00000
612.00000, 67.00000
614.00000, 67.00000
616.00000, 71.00000
620.00000, 74.00000
626.00000, 74.00000
628.00000, 74.00000
632.00000, 67.00000
638.00000, 69.00000
640.00000, 71.00000
644.00000, 67.00000
648.00000, 69.00000
658.00000, 67.00000
660.00000, 67.00000
662.00000, 67.00000
664.00000, 71.00000
668.00000, 74.00000
674.00000, 74.00000
676.00000, 74.00000
680.00000, 67.00000
686.00000, 69.00000
688.00000, 71.00000
691.00000, 72.00000
692.00000, 74.00000
694.00000, 71.00000
696.00000, 72.00000
700.00000, 69.00000
706.00000, 67.00000
708.00000, 69.00000
712.00000, 65.00000
718.00000, 62.00000
720.00000, 69.00000
724.00000, 71.00000
728.00000, 69.00000
756.00000, 69.00000
760.00000, 72.00000
764.00000, 71.00000
766.00000, 69.00000
770.00000, 67.00000
772.00000, 65.00000
776.00000, 64.00000
784.00000, 64.00000
788.00000, 62.00000
792.00000, 69.00000
798.00000, 69.00000
800.00000, 72.00000
804.00000, 72.00000
806.00000, 72.00000
occurrence4
566.00000, 67.00000
568.00000, 69.00000
570.00000, 72.00000
574.00000, 71.00000
575.00000, 69.00000
576.00000, 67.00000
584.00000, 67.00000
588.00000, 72.00000
592.00000, 71.00000
595.00000, 69.00000
596.00000, 67.00000
600.00000, 69.00000
610.00000, 67.00000
612.00000, 67.00000
614.00000, 67.00000
616.00000, 71.00000
620.00000, 74.00000
626.00000, 74.00000
628.00000, 74.00000
632.00000, 67.00000
638.00000, 69.00000
640.00000, 71.00000
644.00000, 67.00000
648.00000, 69.00000
658.00000, 67.00000
660.00000, 67.00000
662.00000, 67.00000
664.00000, 71.00000
668.00000, 74.00000
674.00000, 74.00000
676.00000, 74.00000
680.00000, 67.00000
686.00000, 69.00000
688.00000, 71.00000
691.00000, 72.00000
692.00000, 74.00000
694.00000, 71.00000
696.00000, 72.00000
700.00000, 69.00000
706.00000, 67.00000
708.00000, 69.00000
712.00000, 65.00000
718.00000, 62.00000
720.00000, 69.00000
724.00000, 71.00000
728.00000, 69.00000
756.00000, 69.00000
760.00000, 72.00000
764.00000, 71.00000
766.00000, 69.00000
770.00000, 67.00000
772.00000, 65.00000
776.00000, 64.00000
784.00000, 64.00000
788.00000, 62.00000
792.00000, 69.00000
798.00000, 69.00000
800.00000, 72.00000
804.00000, 72.00000
806.00000, 72.00000
808.00000, 72.00000
814.00000, 72.00000
816.00000, 74.00000
820.00000, 71.00000
822.00000, 74.00000
826.00000, 72.00000
827.00000, 71.00000
828.00000, 69.00000
836.00000, 69.00000
840.00000, 72.00000
844.00000, 72.00000
846.00000, 72.00000
848.00000, 72.00000
854.00000, 72.00000
856.00000, 74.00000
860.00000, 71.00000
862.00000, 74.00000
pattern2
occurrence1
64.00000, 72.00000
66.00000, 72.00000
68.00000, 71.00000
72.00000, 69.00000
78.00000, 67.00000
80.00000, 65.00000
82.00000, 62.00000
84.00000, 65.00000
86.00000, 67.00000
88.00000, 69.00000
occurrence2
424.00000, 72.00000
430.00000, 71.00000
432.00000, 69.00000
434.00000, 72.00000
436.00000, 71.00000
438.00000, 67.00000
442.00000, 64.00000
445.00000, 65.00000
446.00000, 67.00000
448.00000, 69.00000
occurrence3
860.00000, 71.00000
862.00000, 74.00000
866.00000, 72.00000
867.00000, 71.00000
868.00000, 69.00000
874.00000, 65.00000
878.00000, 67.00000
880.00000, 69.00000
882.00000, 65.00000
884.00000, 67.00000
pattern3
occurrence1
84.00000, 65.00000
86.00000, 67.00000
88.00000, 69.00000
94.00000, 71.00000
96.00000, 72.00000
98.00000, 74.00000
102.00000, 72.00000
104.00000, 71.00000
108.00000, 69.00000
114.00000, 67.00000
115.00000, 65.00000
116.00000, 64.00000
120.00000, 69.00000
126.00000, 67.00000
128.00000, 65.00000
130.00000, 64.00000
occurrence2
294.00000, 72.00000
296.00000, 74.00000
298.00000, 71.00000
300.00000, 72.00000
308.00000, 71.00000
312.00000, 72.00000
318.00000, 71.00000
319.00000, 69.00000
320.00000, 72.00000
324.00000, 71.00000
330.00000, 69.00000
331.00000, 67.00000
332.00000, 71.00000
334.00000, 72.00000
336.00000, 74.00000
340.00000, 71.00000
occurrence3
814.00000, 72.00000
816.00000, 74.00000
820.00000, 71.00000
822.00000, 74.00000
826.00000, 72.00000
827.00000, 71.00000
828.00000, 69.00000
836.00000, 69.00000
840.00000, 72.00000
844.00000, 72.00000
846.00000, 72.00000
848.00000, 72.00000
854.00000, 72.00000
856.00000, 74.00000
860.00000, 71.00000
pattern4
occurrence1
116.00000, 64.00000
120.00000, 69.00000
126.00000, 67.00000
128.00000, 65.00000
130.00000, 64.00000
131.00000, 62.00000
132.00000, 64.00000
136.00000, 62.00000
142.00000, 67.00000
144.00000, 69.00000
147.00000, 71.00000
148.00000, 72.00000
152.00000, 71.00000
154.00000, 69.00000
158.00000, 67.00000
162.00000, 66.00000
163.00000, 64.00000
occurrence2
528.00000, 69.00000
532.00000, 71.00000
536.00000, 69.00000
552.00000, 62.00000
556.00000, 69.00000
560.00000, 71.00000
566.00000, 67.00000
568.00000, 69.00000
570.00000, 72.00000
574.00000, 71.00000
575.00000, 69.00000
occurrence3
820.00000, 71.00000
822.00000, 74.00000
826.00000, 72.00000
827.00000, 71.00000
828.00000, 69.00000
836.00000, 69.00000
840.00000, 72.00000
844.00000, 72.00000
846.00000, 72.00000
848.00000, 72.00000
854.00000, 72.00000
856.00000, 74.00000
860.00000, 71.00000
862.00000, 74.00000
866.00000, 72.00000
867.00000, 71.00000
pattern5
occurrence1
48.00000, 69.00000
54.00000, 71.00000
56.00000, 72.00000
62.00000, 69.00000
64.00000, 72.00000
66.00000, 72.00000
68.00000, 71.00000
72.00000, 69.00000
78.00000, 67.00000
80.00000, 65.00000
82.00000, 62.00000
84.00000, 65.00000
86.00000, 67.00000
88.00000, 69.00000
94.00000, 71.00000
96.00000, 72.00000
98.00000, 74.00000
102.00000, 72.00000
104.00000, 71.00000
108.00000, 69.00000
114.00000, 67.00000
115.00000, 65.00000
116.00000, 64.00000
120.00000, 69.00000
126.00000, 67.00000
128.00000, 65.00000
130.00000, 64.00000
131.00000, 62.00000
132.00000, 64.00000
136.00000, 62.00000
142.00000, 67.00000
144.00000, 69.00000
147.00000, 71.00000
148.00000, 72.00000
152.00000, 71.00000
154.00000, 69.00000
158.00000, 67.00000
162.00000, 66.00000
163.00000, 64.00000
164.00000, 66.00000
168.00000, 67.00000
172.00000, 69.00000
176.00000, 65.00000
occurrence2
212.00000, 74.00000
216.00000, 74.00000
218.00000, 74.00000
220.00000, 72.00000
224.00000, 69.00000
228.00000, 72.00000
234.00000, 71.00000
235.00000, 69.00000
236.00000, 67.00000
244.00000, 71.00000
250.00000, 72.00000
252.00000, 74.00000
258.00000, 72.00000
259.00000, 71.00000
260.00000, 69.00000
268.00000, 65.00000
274.00000, 67.00000
276.00000, 69.00000
280.00000, 62.00000
284.00000, 67.00000
290.00000, 69.00000
292.00000, 71.00000
294.00000, 72.00000
296.00000, 74.00000
298.00000, 71.00000
300.00000, 72.00000
308.00000, 71.00000
312.00000, 72.00000
318.00000, 71.00000
319.00000, 69.00000
320.00000, 72.00000
324.00000, 71.00000
330.00000, 69.00000
331.00000, 67.00000
332.00000, 71.00000
334.00000, 72.00000
336.00000, 74.00000
340.00000, 71.00000
occurrence3
692.00000, 74.00000
694.00000, 71.00000
696.00000, 72.00000
700.00000, 69.00000
706.00000, 67.00000
708.00000, 69.00000
712.00000, 65.00000
718.00000, 62.00000
720.00000, 69.00000
724.00000, 71.00000
728.00000, 69.00000
756.00000, 69.00000
760.00000, 72.00000
764.00000, 71.00000
766.00000, 69.00000
770.00000, 67.00000
772.00000, 65.00000
776.00000, 64.00000
784.00000, 64.00000
788.00000, 62.00000
792.00000, 69.00000
798.00000, 69.00000
800.00000, 72.00000
804.00000, 72.00000
806.00000, 72.00000
808.00000, 72.00000
814.00000, 72.00000
816.00000, 74.00000
820.00000, 71.00000
pattern6
occurrence1
94.00000, 71.00000
96.00000, 72.00000
98.00000, 74.00000
102.00000, 72.00000
104.00000, 71.00000
108.00000, 69.00000
114.00000, 67.00000
115.00000, 65.00000
116.00000, 64.00000
120.00000, 69.00000
126.00000, 67.00000
128.00000, 65.00000
130.00000, 64.00000
131.00000, 62.00000
132.00000, 64.00000
136.00000, 62.00000
142.00000, 67.00000
144.00000, 69.00000
147.00000, 71.00000
148.00000, 72.00000
152.00000, 71.00000
154.00000, 69.00000
158.00000, 67.00000
162.00000, 66.00000
163.00000, 64.00000
164.00000, 66.00000
168.00000, 67.00000
172.00000, 69.00000
176.00000, 65.00000
184.00000, 72.00000
190.00000, 72.00000
192.00000, 72.00000
196.00000, 72.00000
200.00000, 71.00000
206.00000, 71.00000
208.00000, 69.00000
212.00000, 74.00000
216.00000, 74.00000
218.00000, 74.00000
220.00000, 72.00000
224.00000, 69.00000
228.00000, 72.00000
234.00000, 71.00000
235.00000, 69.00000
236.00000, 67.00000
244.00000, 71.00000
250.00000, 72.00000
252.00000, 74.00000
258.00000, 72.00000
259.00000, 71.00000
260.00000, 69.00000
268.00000, 65.00000
274.00000, 67.00000
276.00000, 69.00000
280.00000, 62.00000
284.00000, 67.00000
290.00000, 69.00000
292.00000, 71.00000
294.00000, 72.00000
296.00000, 74.00000
298.00000, 71.00000
occurrence2
96.00000, 72.00000
98.00000, 74.00000
102.00000, 72.00000
104.00000, 71.00000
108.00000, 69.00000
114.00000, 67.00000
115.00000, 65.00000
116.00000, 64.00000
120.00000, 69.00000
126.00000, 67.00000
128.00000, 65.00000
130.00000, 64.00000
131.00000, 62.00000
132.00000, 64.00000
136.00000, 62.00000
142.00000, 67.00000
144.00000, 69.00000
147.00000, 71.00000
148.00000, 72.00000
152.00000, 71.00000
154.00000, 69.00000
158.00000, 67.00000
162.00000, 66.00000
163.00000, 64.00000
164.00000, 66.00000
168.00000, 67.00000
172.00000, 69.00000
176.00000, 65.00000
184.00000, 72.00000
190.00000, 72.00000
192.00000, 72.00000
196.00000, 72.00000
200.00000, 71.00000
206.00000, 71.00000
208.00000, 69.00000
212.00000, 74.00000
216.00000, 74.00000
218.00000, 74.00000
220.00000, 72.00000
224.00000, 69.00000
228.00000, 72.00000
234.00000, 71.00000
235.00000, 69.00000
236.00000, 67.00000
244.00000, 71.00000
250.00000, 72.00000
252.00000, 74.00000
258.00000, 72.00000
259.00000, 71.00000
260.00000, 69.00000
268.00000, 65.00000
274.00000, 67.00000
276.00000, 69.00000
280.00000, 62.00000
284.00000, 67.00000
290.00000, 69.00000
292.00000, 71.00000
294.00000, 72.00000
296.00000, 74.00000
298.00000, 71.00000
300.00000, 72.00000
occurrence3
680.00000, 67.00000
686.00000, 69.00000
688.00000, 71.00000
691.00000, 72.00000
692.00000, 74.00000
694.00000, 71.00000
696.00000, 72.00000
700.00000, 69.00000
706.00000, 67.00000
708.00000, 69.00000
712.00000, 65.00000
718.00000, 62.00000
720.00000, 69.00000
724.00000, 71.00000
728.00000, 69.00000
756.00000, 69.00000
760.00000, 72.00000
764.00000, 71.00000
766.00000, 69.00000
770.00000, 67.00000
772.00000, 65.00000
776.00000, 64.00000
784.00000, 64.00000
788.00000, 62.00000
792.00000, 69.00000
798.00000, 69.00000
800.00000, 72.00000
804.00000, 72.00000
806.00000, 72.00000
808.00000, 72.00000
814.00000, 72.00000
816.00000, 74.00000
820.00000, 71.00000
822.00000, 74.00000
826.00000, 72.00000
827.00000, 71.00000
828.00000, 69.00000
836.00000, 69.00000
840.00000, 72.00000
844.00000, 72.00000
846.00000, 72.00000
848.00000, 72.00000
854.00000, 72.00000
856.00000, 74.00000
860.00000, 71.00000
862.00000, 74.00000
866.00000, 72.00000
867.00000, 71.00000
868.00000, 69.00000
874.00000, 65.00000
878.00000, 67.00000
880.00000, 69.00000
882.00000, 65.00000
884.00000, 67.00000
pattern7
occurrence1
24.00000, 64.00000
32.00000, 64.00000
36.00000, 69.00000
42.00000, 67.00000
44.00000, 67.00000
48.00000, 69.00000
54.00000, 71.00000
56.00000, 72.00000
62.00000, 69.00000
64.00000, 72.00000
66.00000, 72.00000
68.00000, 71.00000
72.00000, 69.00000
78.00000, 67.00000
80.00000, 65.00000
82.00000, 62.00000
84.00000, 65.00000
86.00000, 67.00000
88.00000, 69.00000
occurrence2
268.00000, 65.00000
274.00000, 67.00000
276.00000, 69.00000
280.00000, 62.00000
284.00000, 67.00000
290.00000, 69.00000
292.00000, 71.00000
294.00000, 72.00000
296.00000, 74.00000
298.00000, 71.00000
300.00000, 72.00000
308.00000, 71.00000
312.00000, 72.00000
318.00000, 71.00000
319.00000, 69.00000
320.00000, 72.00000
324.00000, 71.00000
330.00000, 69.00000
331.00000, 67.00000
332.00000, 71.00000
occurrence3
632.00000, 67.00000
638.00000, 69.00000
640.00000, 71.00000
644.00000, 67.00000
648.00000, 69.00000
658.00000, 67.00000
660.00000, 67.00000
662.00000, 67.00000
664.00000, 71.00000
668.00000, 74.00000
674.00000, 74.00000
676.00000, 74.00000
680.00000, 67.00000
686.00000, 69.00000
688.00000, 71.00000
691.00000, 72.00000
692.00000, 74.00000
694.00000, 71.00000
696.00000, 72.00000
pattern8
occurrence1
82.00000, 62.00000
84.00000, 65.00000
86.00000, 67.00000
88.00000, 69.00000
94.00000, 71.00000
96.00000, 72.00000
98.00000, 74.00000
102.00000, 72.00000
104.00000, 71.00000
108.00000, 69.00000
114.00000, 67.00000
115.00000, 65.00000
116.00000, 64.00000
120.00000, 69.00000
126.00000, 67.00000
128.00000, 65.00000
130.00000, 64.00000
131.00000, 62.00000
132.00000, 64.00000
136.00000, 62.00000
142.00000, 67.00000
144.00000, 69.00000
147.00000, 71.00000
148.00000, 72.00000
152.00000, 71.00000
154.00000, 69.00000
158.00000, 67.00000
162.00000, 66.00000
163.00000, 64.00000
164.00000, 66.00000
168.00000, 67.00000
172.00000, 69.00000
176.00000, 65.00000
184.00000, 72.00000
190.00000, 72.00000
192.00000, 72.00000
196.00000, 72.00000
200.00000, 71.00000
206.00000, 71.00000
208.00000, 69.00000
212.00000, 74.00000
216.00000, 74.00000
218.00000, 74.00000
220.00000, 72.00000
224.00000, 69.00000
228.00000, 72.00000
234.00000, 71.00000
235.00000, 69.00000
236.00000, 67.00000
244.00000, 71.00000
250.00000, 72.00000
252.00000, 74.00000
258.00000, 72.00000
259.00000, 71.00000
260.00000, 69.00000
268.00000, 65.00000
274.00000, 67.00000
276.00000, 69.00000
280.00000, 62.00000
284.00000, 67.00000
290.00000, 69.00000
292.00000, 71.00000
294.00000, 72.00000
296.00000, 74.00000
298.00000, 71.00000
300.00000, 72.00000
308.00000, 71.00000
312.00000, 72.00000
318.00000, 71.00000
319.00000, 69.00000
320.00000, 72.00000
324.00000, 71.00000
330.00000, 69.00000
331.00000, 67.00000
332.00000, 71.00000
334.00000, 72.00000
336.00000, 74.00000
340.00000, 71.00000
342.00000, 72.00000
346.00000, 71.00000
347.00000, 69.00000
348.00000, 67.00000
350.00000, 72.00000
353.00000, 71.00000
354.00000, 69.00000
358.00000, 68.00000
360.00000, 69.00000
372.00000, 69.00000
376.00000, 71.00000
380.00000, 72.00000
386.00000, 71.00000
388.00000, 69.00000
390.00000, 67.00000
391.00000, 65.00000
392.00000, 67.00000
396.00000, 69.00000
400.00000, 67.00000
424.00000, 72.00000
430.00000, 71.00000
432.00000, 69.00000
434.00000, 72.00000
436.00000, 71.00000
438.00000, 67.00000
442.00000, 64.00000
445.00000, 65.00000
446.00000, 67.00000
448.00000, 69.00000
452.00000, 62.00000
460.00000, 67.00000
466.00000, 65.00000
occurrence2
244.00000, 71.00000
250.00000, 72.00000
252.00000, 74.00000
258.00000, 72.00000
259.00000, 71.00000
260.00000, 69.00000
268.00000, 65.00000
274.00000, 67.00000
276.00000, 69.00000
280.00000, 62.00000
284.00000, 67.00000
290.00000, 69.00000
292.00000, 71.00000
294.00000, 72.00000
296.00000, 74.00000
298.00000, 71.00000
300.00000, 72.00000
308.00000, 71.00000
312.00000, 72.00000
318.00000, 71.00000
319.00000, 69.00000
320.00000, 72.00000
324.00000, 71.00000
330.00000, 69.00000
331.00000, 67.00000
332.00000, 71.00000
334.00000, 72.00000
336.00000, 74.00000
340.00000, 71.00000
342.00000, 72.00000
346.00000, 71.00000
347.00000, 69.00000
348.00000, 67.00000
350.00000, 72.00000
353.00000, 71.00000
354.00000, 69.00000
358.00000, 68.00000
360.00000, 69.00000
372.00000, 69.00000
376.00000, 71.00000
380.00000, 72.00000
386.00000, 71.00000
388.00000, 69.00000
390.00000, 67.00000
391.00000, 65.00000
392.00000, 67.00000
396.00000, 69.00000
400.00000, 67.00000
424.00000, 72.00000
430.00000, 71.00000
432.00000, 69.00000
434.00000, 72.00000
436.00000, 71.00000
438.00000, 67.00000
442.00000, 64.00000
445.00000, 65.00000
446.00000, 67.00000
448.00000, 69.00000
452.00000, 62.00000
460.00000, 67.00000
466.00000, 65.00000
468.00000, 64.00000
470.00000, 67.00000
472.00000, 65.00000
474.00000, 62.00000
477.00000, 64.00000
478.00000, 65.00000
479.00000, 67.00000
480.00000, 69.00000
484.00000, 67.00000
486.00000, 71.00000
490.00000, 69.00000
494.00000, 68.00000
496.00000, 69.00000
500.00000, 65.00000
506.00000, 64.00000
508.00000, 62.00000
510.00000, 65.00000
514.00000, 64.00000
516.00000, 69.00000
522.00000, 71.00000
524.00000, 72.00000
528.00000, 69.00000
532.00000, 71.00000
536.00000, 69.00000
552.00000, 62.00000
556.00000, 69.00000
560.00000, 71.00000
566.00000, 67.00000
568.00000, 69.00000
570.00000, 72.00000
574.00000, 71.00000
575.00000, 69.00000
576.00000, 67.00000
584.00000, 67.00000
588.00000, 72.00000
592.00000, 71.00000
595.00000, 69.00000
596.00000, 67.00000
600.00000, 69.00000
610.00000, 67.00000
612.00000, 67.00000
614.00000, 67.00000
616.00000, 71.00000
620.00000, 74.00000
626.00000, 74.00000
628.00000, 74.00000
occurrence3
292.00000, 71.00000
294.00000, 72.00000
296.00000, 74.00000
298.00000, 71.00000
300.00000, 72.00000
308.00000, 71.00000
312.00000, 72.00000
318.00000, 71.00000
319.00000, 69.00000
320.00000, 72.00000
324.00000, 71.00000
330.00000, 69.00000
331.00000, 67.00000
332.00000, 71.00000
334.00000, 72.00000
336.00000, 74.00000
340.00000, 71.00000
342.00000, 72.00000
346.00000, 71.00000
347.00000, 69.00000
348.00000, 67.00000
350.00000, 72.00000
353.00000, 71.00000
354.00000, 69.00000
358.00000, 68.00000
360.00000, 69.00000
372.00000, 69.00000
376.00000, 71.00000
380.00000, 72.00000
386.00000, 71.00000
388.00000, 69.00000
390.00000, 67.00000
391.00000, 65.00000
392.00000, 67.00000
396.00000, 69.00000
400.00000, 67.00000
424.00000, 72.00000
430.00000, 71.00000
432.00000, 69.00000
434.00000, 72.00000
436.00000, 71.00000
438.00000, 67.00000
442.00000, 64.00000
445.00000, 65.00000
446.00000, 67.00000
448.00000, 69.00000
452.00000, 62.00000
460.00000, 67.00000
466.00000, 65.00000
468.00000, 64.00000
470.00000, 67.00000
472.00000, 65.00000
474.00000, 62.00000
477.00000, 64.00000
478.00000, 65.00000
479.00000, 67.00000
480.00000, 69.00000
484.00000, 67.00000
486.00000, 71.00000
490.00000, 69.00000
494.00000, 68.00000
496.00000, 69.00000
500.00000, 65.00000
506.00000, 64.00000
508.00000, 62.00000
510.00000, 65.00000
514.00000, 64.00000
516.00000, 69.00000
522.00000, 71.00000
524.00000, 72.00000
528.00000, 69.00000
532.00000, 71.00000
536.00000, 69.00000
552.00000, 62.00000
556.00000, 69.00000
560.00000, 71.00000
566.00000, 67.00000
568.00000, 69.00000
570.00000, 72.00000
574.00000, 71.00000
575.00000, 69.00000
576.00000, 67.00000
584.00000, 67.00000
588.00000, 72.00000
592.00000, 71.00000
595.00000, 69.00000
596.00000, 67.00000
600.00000, 69.00000
610.00000, 67.00000
612.00000, 67.00000
614.00000, 67.00000
616.00000, 71.00000
620.00000, 74.00000
626.00000, 74.00000
628.00000, 74.00000
632.00000, 67.00000
638.00000, 69.00000
640.00000, 71.00000
644.00000, 67.00000
648.00000, 69.00000
658.00000, 67.00000
660.00000, 67.00000
662.00000, 67.00000
664.00000, 71.00000
668.00000, 74.00000
674.00000, 74.00000
676.00000, 74.00000
pattern9
occurrence1
64.00000, 72.00000
66.00000, 72.00000
68.00000, 71.00000
72.00000, 69.00000
78.00000, 67.00000
80.00000, 65.00000
82.00000, 62.00000
84.00000, 65.00000
86.00000, 67.00000
88.00000, 69.00000
94.00000, 71.00000
96.00000, 72.00000
98.00000, 74.00000
102.00000, 72.00000
occurrence2
190.00000, 72.00000
192.00000, 72.00000
196.00000, 72.00000
200.00000, 71.00000
206.00000, 71.00000
208.00000, 69.00000
212.00000, 74.00000
216.00000, 74.00000
218.00000, 74.00000
220.00000, 72.00000
224.00000, 69.00000
228.00000, 72.00000
occurrence3
206.00000, 71.00000
208.00000, 69.00000
212.00000, 74.00000
216.00000, 74.00000
218.00000, 74.00000
220.00000, 72.00000
224.00000, 69.00000
228.00000, 72.00000
234.00000, 71.00000
235.00000, 69.00000
236.00000, 67.00000
244.00000, 71.00000
occurrence4
220.00000, 72.00000
224.00000, 69.00000
228.00000, 72.00000
234.00000, 71.00000
235.00000, 69.00000
236.00000, 67.00000
244.00000, 71.00000
250.00000, 72.00000
252.00000, 74.00000
258.00000, 72.00000
occurrence5
236.00000, 67.00000
244.00000, 71.00000
250.00000, 72.00000
252.00000, 74.00000
258.00000, 72.00000
259.00000, 71.00000
260.00000, 69.00000
268.00000, 65.00000
274.00000, 67.00000
occurrence6
308.00000, 71.00000
312.00000, 72.00000
318.00000, 71.00000
319.00000, 69.00000
320.00000, 72.00000
324.00000, 71.00000
330.00000, 69.00000
331.00000, 67.00000
332.00000, 71.00000
334.00000, 72.00000
336.00000, 74.00000
340.00000, 71.00000
342.00000, 72.00000
346.00000, 71.00000
occurrence7
312.00000, 72.00000
318.00000, 71.00000
319.00000, 69.00000
320.00000, 72.00000
324.00000, 71.00000
330.00000, 69.00000
331.00000, 67.00000
332.00000, 71.00000
334.00000, 72.00000
336.00000, 74.00000
340.00000, 71.00000
342.00000, 72.00000
346.00000, 71.00000
347.00000, 69.00000
348.00000, 67.00000
350.00000, 72.00000
occurrence8
342.00000, 72.00000
346.00000, 71.00000
347.00000, 69.00000
348.00000, 67.00000
350.00000, 72.00000
353.00000, 71.00000
354.00000, 69.00000
358.00000, 68.00000
360.00000, 69.00000
372.00000, 69.00000
376.00000, 71.00000
380.00000, 72.00000
occurrence9
400.00000, 67.00000
424.00000, 72.00000
430.00000, 71.00000
432.00000, 69.00000
434.00000, 72.00000
436.00000, 71.00000
438.00000, 67.00000
occurrence10
446.00000, 67.00000
448.00000, 69.00000
452.00000, 62.00000
460.00000, 67.00000
466.00000, 65.00000
468.00000, 64.00000
470.00000, 67.00000
472.00000, 65.00000
474.00000, 62.00000
477.00000, 64.00000
478.00000, 65.00000
479.00000, 67.00000
480.00000, 69.00000
484.00000, 67.00000
occurrence11
468.00000, 64.00000
470.00000, 67.00000
472.00000, 65.00000
474.00000, 62.00000
477.00000, 64.00000
478.00000, 65.00000
479.00000, 67.00000
480.00000, 69.00000
484.00000, 67.00000
486.00000, 71.00000
490.00000, 69.00000
494.00000, 68.00000
496.00000, 69.00000
500.00000, 65.00000
506.00000, 64.00000
occurrence12
472.00000, 65.00000
474.00000, 62.00000
477.00000, 64.00000
478.00000, 65.00000
479.00000, 67.00000
480.00000, 69.00000
484.00000, 67.00000
486.00000, 71.00000
490.00000, 69.00000
494.00000, 68.00000
496.00000, 69.00000
500.00000, 65.00000
506.00000, 64.00000
508.00000, 62.00000
510.00000, 65.00000
occurrence13
490.00000, 69.00000
494.00000, 68.00000
496.00000, 69.00000
500.00000, 65.00000
506.00000, 64.00000
508.00000, 62.00000
510.00000, 65.00000
514.00000, 64.00000
516.00000, 69.00000
522.00000, 71.00000
524.00000, 72.00000
528.00000, 69.00000
occurrence14
522.00000, 71.00000
524.00000, 72.00000
528.00000, 69.00000
532.00000, 71.00000
536.00000, 69.00000
552.00000, 62.00000
556.00000, 69.00000
560.00000, 71.00000
occurrence15
576.00000, 67.00000
584.00000, 67.00000
588.00000, 72.00000
592.00000, 71.00000
595.00000, 69.00000
596.00000, 67.00000
600.00000, 69.00000
610.00000, 67.00000
612.00000, 67.00000
614.00000, 67.00000
occurrence16
600.00000, 69.00000
610.00000, 67.00000
612.00000, 67.00000
614.00000, 67.00000
616.00000, 71.00000
620.00000, 74.00000
626.00000, 74.00000
628.00000, 74.00000
632.00000, 67.00000
638.00000, 69.00000
occurrence17
648.00000, 69.00000
658.00000, 67.00000
660.00000, 67.00000
662.00000, 67.00000
664.00000, 71.00000
668.00000, 74.00000
674.00000, 74.00000
676.00000, 74.00000
680.00000, 67.00000
686.00000, 69.00000
occurrence18
728.00000, 69.00000
756.00000, 69.00000
760.00000, 72.00000
764.00000, 71.00000
766.00000, 69.00000
occurrence19
798.00000, 69.00000
800.00000, 72.00000
804.00000, 72.00000
806.00000, 72.00000
808.00000, 72.00000
814.00000, 72.00000
816.00000, 74.00000
820.00000, 71.00000
822.00000, 74.00000
826.00000, 72.00000
827.00000, 71.00000
828.00000, 69.00000
836.00000, 69.00000
occurrence20
806.00000, 72.00000
808.00000, 72.00000
814.00000, 72.00000
816.00000, 74.00000
820.00000, 71.00000
822.00000, 74.00000
826.00000, 72.00000
827.00000, 71.00000
828.00000, 69.00000
836.00000, 69.00000
840.00000, 72.00000
844.00000, 72.00000
occurrence21
808.00000, 72.00000
814.00000, 72.00000
816.00000, 74.00000
820.00000, 71.00000
822.00000, 74.00000
826.00000, 72.00000
827.00000, 71.00000
828.00000, 69.00000
836.00000, 69.00000
840.00000, 72.00000
844.00000, 72.00000
846.00000, 72.00000
pattern10
occurrence1
42.00000, 67.00000
44.00000, 67.00000
48.00000, 69.00000
54.00000, 71.00000
56.00000, 72.00000
62.00000, 69.00000
64.00000, 72.00000
66.00000, 72.00000
68.00000, 71.00000
72.00000, 69.00000
78.00000, 67.00000
80.00000, 65.00000
82.00000, 62.00000
84.00000, 65.00000
86.00000, 67.00000
88.00000, 69.00000
94.00000, 71.00000
96.00000, 72.00000
98.00000, 74.00000
102.00000, 72.00000
104.00000, 71.00000
108.00000, 69.00000
114.00000, 67.00000
115.00000, 65.00000
116.00000, 64.00000
120.00000, 69.00000
126.00000, 67.00000
128.00000, 65.00000
occurrence2
66.00000, 72.00000
68.00000, 71.00000
72.00000, 69.00000
78.00000, 67.00000
80.00000, 65.00000
82.00000, 62.00000
84.00000, 65.00000
86.00000, 67.00000
88.00000, 69.00000
94.00000, 71.00000
96.00000, 72.00000
98.00000, 74.00000
102.00000, 72.00000
104.00000, 71.00000
108.00000, 69.00000
114.00000, 67.00000
115.00000, 65.00000
116.00000, 64.00000
120.00000, 69.00000
126.00000, 67.00000
128.00000, 65.00000
130.00000, 64.00000
131.00000, 62.00000
132.00000, 64.00000
136.00000, 62.00000
142.00000, 67.00000
144.00000, 69.00000
147.00000, 71.00000
148.00000, 72.00000
152.00000, 71.00000
occurrence3
68.00000, 71.00000
72.00000, 69.00000
78.00000, 67.00000
80.00000, 65.00000
82.00000, 62.00000
84.00000, 65.00000
86.00000, 67.00000
88.00000, 69.00000
94.00000, 71.00000
96.00000, 72.00000
98.00000, 74.00000
102.00000, 72.00000
104.00000, 71.00000
108.00000, 69.00000
114.00000, 67.00000
115.00000, 65.00000
116.00000, 64.00000
120.00000, 69.00000
126.00000, 67.00000
128.00000, 65.00000
130.00000, 64.00000
131.00000, 62.00000
132.00000, 64.00000
136.00000, 62.00000
142.00000, 67.00000
144.00000, 69.00000
147.00000, 71.00000
148.00000, 72.00000
152.00000, 71.00000
154.00000, 69.00000
occurrence4
72.00000, 69.00000
78.00000, 67.00000
80.00000, 65.00000
82.00000, 62.00000
84.00000, 65.00000
86.00000, 67.00000
88.00000, 69.00000
94.00000, 71.00000
96.00000, 72.00000
98.00000, 74.00000
102.00000, 72.00000
104.00000, 71.00000
108.00000, 69.00000
114.00000, 67.00000
115.00000, 65.00000
116.00000, 64.00000
120.00000, 69.00000
126.00000, 67.00000
128.00000, 65.00000
130.00000, 64.00000
131.00000, 62.00000
132.00000, 64.00000
136.00000, 62.00000
142.00000, 67.00000
144.00000, 69.00000
147.00000, 71.00000
148.00000, 72.00000
152.00000, 71.00000
154.00000, 69.00000
158.00000, 67.00000
occurrence5
78.00000, 67.00000
80.00000, 65.00000
82.00000, 62.00000
84.00000, 65.00000
86.00000, 67.00000
88.00000, 69.00000
94.00000, 71.00000
96.00000, 72.00000
98.00000, 74.00000
102.00000, 72.00000
104.00000, 71.00000
108.00000, 69.00000
114.00000, 67.00000
115.00000, 65.00000
116.00000, 64.00000
120.00000, 69.00000
126.00000, 67.00000
128.00000, 65.00000
130.00000, 64.00000
131.00000, 62.00000
132.00000, 64.00000
136.00000, 62.00000
142.00000, 67.00000
144.00000, 69.00000
147.00000, 71.00000
148.00000, 72.00000
152.00000, 71.00000
154.00000, 69.00000
158.00000, 67.00000
162.00000, 66.00000
163.00000, 64.00000
164.00000, 66.00000
occurrence6
98.00000, 74.00000
102.00000, 72.00000
104.00000, 71.00000
108.00000, 69.00000
114.00000, 67.00000
115.00000, 65.00000
116.00000, 64.00000
120.00000, 69.00000
126.00000, 67.00000
128.00000, 65.00000
130.00000, 64.00000
131.00000, 62.00000
132.00000, 64.00000
136.00000, 62.00000
142.00000, 67.00000
144.00000, 69.00000
147.00000, 71.00000
148.00000, 72.00000
152.00000, 71.00000
154.00000, 69.00000
158.00000, 67.00000
162.00000, 66.00000
163.00000, 64.00000
164.00000, 66.00000
168.00000, 67.00000
172.00000, 69.00000
176.00000, 65.00000
184.00000, 72.00000
occurrence7
148.00000, 72.00000
152.00000, 71.00000
154.00000, 69.00000
158.00000, 67.00000
162.00000, 66.00000
163.00000, 64.00000
164.00000, 66.00000
168.00000, 67.00000
172.00000, 69.00000
176.00000, 65.00000
184.00000, 72.00000
190.00000, 72.00000
192.00000, 72.00000
196.00000, 72.00000
200.00000, 71.00000
206.00000, 71.00000
208.00000, 69.00000
212.00000, 74.00000
216.00000, 74.00000
218.00000, 74.00000
220.00000, 72.00000
224.00000, 69.00000
228.00000, 72.00000
234.00000, 71.00000
occurrence8
244.00000, 71.00000
250.00000, 72.00000
252.00000, 74.00000
258.00000, 72.00000
259.00000, 71.00000
260.00000, 69.00000
268.00000, 65.00000
274.00000, 67.00000
276.00000, 69.00000
280.00000, 62.00000
284.00000, 67.00000
290.00000, 69.00000
292.00000, 71.00000
294.00000, 72.00000
296.00000, 74.00000
298.00000, 71.00000
300.00000, 72.00000
308.00000, 71.00000
312.00000, 72.00000
318.00000, 71.00000
319.00000, 69.00000
320.00000, 72.00000
324.00000, 71.00000
330.00000, 69.00000
occurrence9
300.00000, 72.00000
308.00000, 71.00000
312.00000, 72.00000
318.00000, 71.00000
319.00000, 69.00000
320.00000, 72.00000
324.00000, 71.00000
330.00000, 69.00000
331.00000, 67.00000
332.00000, 71.00000
334.00000, 72.00000
336.00000, 74.00000
340.00000, 71.00000
342.00000, 72.00000
346.00000, 71.00000
347.00000, 69.00000
348.00000, 67.00000
350.00000, 72.00000
353.00000, 71.00000
354.00000, 69.00000
358.00000, 68.00000
360.00000, 69.00000
372.00000, 69.00000
376.00000, 71.00000
380.00000, 72.00000
386.00000, 71.00000
occurrence10
346.00000, 71.00000
347.00000, 69.00000
348.00000, 67.00000
350.00000, 72.00000
353.00000, 71.00000
354.00000, 69.00000
358.00000, 68.00000
360.00000, 69.00000
372.00000, 69.00000
376.00000, 71.00000
380.00000, 72.00000
386.00000, 71.00000
388.00000, 69.00000
390.00000, 67.00000
391.00000, 65.00000
392.00000, 67.00000
396.00000, 69.00000
400.00000, 67.00000
424.00000, 72.00000
430.00000, 71.00000
432.00000, 69.00000
occurrence11
350.00000, 72.00000
353.00000, 71.00000
354.00000, 69.00000
358.00000, 68.00000
360.00000, 69.00000
372.00000, 69.00000
376.00000, 71.00000
380.00000, 72.00000
386.00000, 71.00000
388.00000, 69.00000
390.00000, 67.00000
391.00000, 65.00000
392.00000, 67.00000
396.00000, 69.00000
400.00000, 67.00000
424.00000, 72.00000
430.00000, 71.00000
432.00000, 69.00000
434.00000, 72.00000
436.00000, 71.00000
occurrence12
360.00000, 69.00000
372.00000, 69.00000
376.00000, 71.00000
380.00000, 72.00000
386.00000, 71.00000
388.00000, 69.00000
390.00000, 67.00000
391.00000, 65.00000
392.00000, 67.00000
396.00000, 69.00000
400.00000, 67.00000
424.00000, 72.00000
430.00000, 71.00000
432.00000, 69.00000
434.00000, 72.00000
436.00000, 71.00000
438.00000, 67.00000
442.00000, 64.00000
445.00000, 65.00000
446.00000, 67.00000
occurrence13
391.00000, 65.00000
392.00000, 67.00000
396.00000, 69.00000
400.00000, 67.00000
424.00000, 72.00000
430.00000, 71.00000
432.00000, 69.00000
434.00000, 72.00000
436.00000, 71.00000
438.00000, 67.00000
442.00000, 64.00000
445.00000, 65.00000
446.00000, 67.00000
448.00000, 69.00000
452.00000, 62.00000
460.00000, 67.00000
466.00000, 65.00000
468.00000, 64.00000
470.00000, 67.00000
472.00000, 65.00000
474.00000, 62.00000
477.00000, 64.00000
occurrence14
392.00000, 67.00000
396.00000, 69.00000
400.00000, 67.00000
424.00000, 72.00000
430.00000, 71.00000
432.00000, 69.00000
434.00000, 72.00000
436.00000, 71.00000
438.00000, 67.00000
442.00000, 64.00000
445.00000, 65.00000
446.00000, 67.00000
448.00000, 69.00000
452.00000, 62.00000
460.00000, 67.00000
466.00000, 65.00000
468.00000, 64.00000
470.00000, 67.00000
472.00000, 65.00000
474.00000, 62.00000
477.00000, 64.00000
478.00000, 65.00000
occurrence15
430.00000, 71.00000
432.00000, 69.00000
434.00000, 72.00000
436.00000, 71.00000
438.00000, 67.00000
442.00000, 64.00000
445.00000, 65.00000
446.00000, 67.00000
448.00000, 69.00000
452.00000, 62.00000
460.00000, 67.00000
466.00000, 65.00000
468.00000, 64.00000
470.00000, 67.00000
472.00000, 65.00000
474.00000, 62.00000
477.00000, 64.00000
478.00000, 65.00000
479.00000, 67.00000
480.00000, 69.00000
484.00000, 67.00000
486.00000, 71.00000
490.00000, 69.00000
494.00000, 68.00000
496.00000, 69.00000
500.00000, 65.00000
506.00000, 64.00000
508.00000, 62.00000
510.00000, 65.00000
514.00000, 64.00000
516.00000, 69.00000
occurrence16
480.00000, 69.00000
484.00000, 67.00000
486.00000, 71.00000
490.00000, 69.00000
494.00000, 68.00000
496.00000, 69.00000
500.00000, 65.00000
506.00000, 64.00000
508.00000, 62.00000
510.00000, 65.00000
514.00000, 64.00000
516.00000, 69.00000
522.00000, 71.00000
524.00000, 72.00000
528.00000, 69.00000
532.00000, 71.00000
536.00000, 69.00000
552.00000, 62.00000
556.00000, 69.00000
560.00000, 71.00000
566.00000, 67.00000
occurrence17
490.00000, 69.00000
494.00000, 68.00000
496.00000, 69.00000
500.00000, 65.00000
506.00000, 64.00000
508.00000, 62.00000
510.00000, 65.00000
514.00000, 64.00000
516.00000, 69.00000
522.00000, 71.00000
524.00000, 72.00000
528.00000, 69.00000
532.00000, 71.00000
536.00000, 69.00000
552.00000, 62.00000
556.00000, 69.00000
560.00000, 71.00000
566.00000, 67.00000
568.00000, 69.00000
570.00000, 72.00000
574.00000, 71.00000
575.00000, 69.00000
576.00000, 67.00000
occurrence18
528.00000, 69.00000
532.00000, 71.00000
536.00000, 69.00000
552.00000, 62.00000
556.00000, 69.00000
560.00000, 71.00000
566.00000, 67.00000
568.00000, 69.00000
570.00000, 72.00000
574.00000, 71.00000
575.00000, 69.00000
576.00000, 67.00000
584.00000, 67.00000
588.00000, 72.00000
592.00000, 71.00000
595.00000, 69.00000
596.00000, 67.00000
600.00000, 69.00000
610.00000, 67.00000
612.00000, 67.00000
614.00000, 67.00000
occurrence19
674.00000, 74.00000
676.00000, 74.00000
680.00000, 67.00000
686.00000, 69.00000
688.00000, 71.00000
691.00000, 72.00000
692.00000, 74.00000
694.00000, 71.00000
696.00000, 72.00000
700.00000, 69.00000
706.00000, 67.00000
708.00000, 69.00000
712.00000, 65.00000
718.00000, 62.00000
720.00000, 69.00000
724.00000, 71.00000
728.00000, 69.00000
756.00000, 69.00000
760.00000, 72.00000
occurrence20
792.00000, 69.00000
798.00000, 69.00000
800.00000, 72.00000
804.00000, 72.00000
806.00000, 72.00000
808.00000, 72.00000
814.00000, 72.00000
816.00000, 74.00000
820.00000, 71.00000
822.00000, 74.00000
826.00000, 72.00000
827.00000, 71.00000
828.00000, 69.00000
836.00000, 69.00000
840.00000, 72.00000
844.00000, 72.00000
846.00000, 72.00000
848.00000, 72.00000
854.00000, 72.00000
856.00000, 74.00000
860.00000, 71.00000
862.00000, 74.00000
866.00000, 72.00000
867.00000, 71.00000
868.00000, 69.00000
874.00000, 65.00000
878.00000, 67.00000
occurrence21
798.00000, 69.00000
800.00000, 72.00000
804.00000, 72.00000
806.00000, 72.00000
808.00000, 72.00000
814.00000, 72.00000
816.00000, 74.00000
820.00000, 71.00000
822.00000, 74.00000
826.00000, 72.00000
827.00000, 71.00000
828.00000, 69.00000
836.00000, 69.00000
840.00000, 72.00000
844.00000, 72.00000
846.00000, 72.00000
848.00000, 72.00000
854.00000, 72.00000
856.00000, 74.00000
860.00000, 71.00000
862.00000, 74.00000
866.00000, 72.00000
867.00000, 71.00000
868.00000, 69.00000
874.00000, 65.00000
878.00000, 67.00000
880.00000, 69.00000
882.00000, 65.00000
884.00000, 67.00000
pattern11
occurrence1
54.00000, 71.00000
56.00000, 72.00000
62.00000, 69.00000
64.00000, 72.00000
66.00000, 72.00000
68.00000, 71.00000
72.00000, 69.00000
78.00000, 67.00000
80.00000, 65.00000
82.00000, 62.00000
84.00000, 65.00000
86.00000, 67.00000
88.00000, 69.00000
94.00000, 71.00000
96.00000, 72.00000
98.00000, 74.00000
102.00000, 72.00000
104.00000, 71.00000
108.00000, 69.00000
114.00000, 67.00000
115.00000, 65.00000
116.00000, 64.00000
120.00000, 69.00000
126.00000, 67.00000
128.00000, 65.00000
130.00000, 64.00000
131.00000, 62.00000
132.00000, 64.00000
136.00000, 62.00000
142.00000, 67.00000
144.00000, 69.00000
147.00000, 71.00000
148.00000, 72.00000
152.00000, 71.00000
154.00000, 69.00000
158.00000, 67.00000
162.00000, 66.00000
163.00000, 64.00000
164.00000, 66.00000
168.00000, 67.00000
172.00000, 69.00000
176.00000, 65.00000
184.00000, 72.00000
190.00000, 72.00000
192.00000, 72.00000
196.00000, 72.00000
200.00000, 71.00000
206.00000, 71.00000
208.00000, 69.00000
212.00000, 74.00000
216.00000, 74.00000
218.00000, 74.00000
220.00000, 72.00000
224.00000, 69.00000
228.00000, 72.00000
234.00000, 71.00000
235.00000, 69.00000
236.00000, 67.00000
244.00000, 71.00000
250.00000, 72.00000
252.00000, 74.00000
258.00000, 72.00000
259.00000, 71.00000
260.00000, 69.00000
268.00000, 65.00000
274.00000, 67.00000
276.00000, 69.00000
280.00000, 62.00000
284.00000, 67.00000
290.00000, 69.00000
292.00000, 71.00000
294.00000, 72.00000
296.00000, 74.00000
298.00000, 71.00000
300.00000, 72.00000
308.00000, 71.00000
312.00000, 72.00000
318.00000, 71.00000
319.00000, 69.00000
320.00000, 72.00000
324.00000, 71.00000
330.00000, 69.00000
331.00000, 67.00000
332.00000, 71.00000
334.00000, 72.00000
336.00000, 74.00000
340.00000, 71.00000
342.00000, 72.00000
346.00000, 71.00000
347.00000, 69.00000
348.00000, 67.00000
350.00000, 72.00000
353.00000, 71.00000
354.00000, 69.00000
358.00000, 68.00000
360.00000, 69.00000
372.00000, 69.00000
376.00000, 71.00000
380.00000, 72.00000
386.00000, 71.00000
occurrence2
102.00000, 72.00000
104.00000, 71.00000
108.00000, 69.00000
114.00000, 67.00000
115.00000, 65.00000
116.00000, 64.00000
120.00000, 69.00000
126.00000, 67.00000
128.00000, 65.00000
130.00000, 64.00000
131.00000, 62.00000
132.00000, 64.00000
136.00000, 62.00000
142.00000, 67.00000
144.00000, 69.00000
147.00000, 71.00000
148.00000, 72.00000
152.00000, 71.00000
154.00000, 69.00000
158.00000, 67.00000
162.00000, 66.00000
163.00000, 64.00000
164.00000, 66.00000
168.00000, 67.00000
172.00000, 69.00000
176.00000, 65.00000
184.00000, 72.00000
190.00000, 72.00000
192.00000, 72.00000
196.00000, 72.00000
200.00000, 71.00000
206.00000, 71.00000
208.00000, 69.00000
212.00000, 74.00000
216.00000, 74.00000
218.00000, 74.00000
220.00000, 72.00000
224.00000, 69.00000
228.00000, 72.00000
234.00000, 71.00000
235.00000, 69.00000
236.00000, 67.00000
244.00000, 71.00000
250.00000, 72.00000
252.00000, 74.00000
258.00000, 72.00000
259.00000, 71.00000
260.00000, 69.00000
268.00000, 65.00000
274.00000, 67.00000
276.00000, 69.00000
280.00000, 62.00000
284.00000, 67.00000
290.00000, 69.00000
292.00000, 71.00000
294.00000, 72.00000
296.00000, 74.00000
298.00000, 71.00000
300.00000, 72.00000
308.00000, 71.00000
312.00000, 72.00000
318.00000, 71.00000
319.00000, 69.00000
320.00000, 72.00000
324.00000, 71.00000
330.00000, 69.00000
331.00000, 67.00000
332.00000, 71.00000
334.00000, 72.00000
336.00000, 74.00000
340.00000, 71.00000
342.00000, 72.00000
346.00000, 71.00000
347.00000, 69.00000
348.00000, 67.00000
350.00000, 72.00000
353.00000, 71.00000
354.00000, 69.00000
358.00000, 68.00000
360.00000, 69.00000
372.00000, 69.00000
376.00000, 71.00000
380.00000, 72.00000
386.00000, 71.00000
388.00000, 69.00000
390.00000, 67.00000
391.00000, 65.00000
392.00000, 67.00000
396.00000, 69.00000
400.00000, 67.00000
424.00000, 72.00000
430.00000, 71.00000
432.00000, 69.00000
434.00000, 72.00000
occurrence3
104.00000, 71.00000
108.00000, 69.00000
114.00000, 67.00000
115.00000, 65.00000
116.00000, 64.00000
120.00000, 69.00000
126.00000, 67.00000
128.00000, 65.00000
130.00000, 64.00000
131.00000, 62.00000
132.00000, 64.00000
136.00000, 62.00000
142.00000, 67.00000
144.00000, 69.00000
147.00000, 71.00000
148.00000, 72.00000
152.00000, 71.00000
154.00000, 69.00000
158.00000, 67.00000
162.00000, 66.00000
163.00000, 64.00000
164.00000, 66.00000
168.00000, 67.00000
172.00000, 69.00000
176.00000, 65.00000
184.00000, 72.00000
190.00000, 72.00000
192.00000, 72.00000
196.00000, 72.00000
200.00000, 71.00000
206.00000, 71.00000
208.00000, 69.00000
212.00000, 74.00000
216.00000, 74.00000
218.00000, 74.00000
220.00000, 72.00000
224.00000, 69.00000
228.00000, 72.00000
234.00000, 71.00000
235.00000, 69.00000
236.00000, 67.00000
244.00000, 71.00000
250.00000, 72.00000
252.00000, 74.00000
258.00000, 72.00000
259.00000, 71.00000
260.00000, 69.00000
268.00000, 65.00000
274.00000, 67.00000
276.00000, 69.00000
280.00000, 62.00000
284.00000, 67.00000
290.00000, 69.00000
292.00000, 71.00000
294.00000, 72.00000
296.00000, 74.00000
298.00000, 71.00000
300.00000, 72.00000
308.00000, 71.00000
312.00000, 72.00000
318.00000, 71.00000
319.00000, 69.00000
320.00000, 72.00000
324.00000, 71.00000
330.00000, 69.00000
331.00000, 67.00000
332.00000, 71.00000
334.00000, 72.00000
336.00000, 74.00000
340.00000, 71.00000
342.00000, 72.00000
346.00000, 71.00000
347.00000, 69.00000
348.00000, 67.00000
350.00000, 72.00000
353.00000, 71.00000
354.00000, 69.00000
358.00000, 68.00000
360.00000, 69.00000
372.00000, 69.00000
376.00000, 71.00000
380.00000, 72.00000
386.00000, 71.00000
388.00000, 69.00000
390.00000, 67.00000
391.00000, 65.00000
392.00000, 67.00000
396.00000, 69.00000
400.00000, 67.00000
424.00000, 72.00000
430.00000, 71.00000
432.00000, 69.00000
434.00000, 72.00000
436.00000, 71.00000
occurrence4
114.00000, 67.00000
115.00000, 65.00000
116.00000, 64.00000
120.00000, 69.00000
126.00000, 67.00000
128.00000, 65.00000
130.00000, 64.00000
131.00000, 62.00000
132.00000, 64.00000
136.00000, 62.00000
142.00000, 67.00000
144.00000, 69.00000
147.00000, 71.00000
148.00000, 72.00000
152.00000, 71.00000
154.00000, 69.00000
158.00000, 67.00000
162.00000, 66.00000
163.00000, 64.00000
164.00000, 66.00000
168.00000, 67.00000
172.00000, 69.00000
176.00000, 65.00000
184.00000, 72.00000
190.00000, 72.00000
192.00000, 72.00000
196.00000, 72.00000
200.00000, 71.00000
206.00000, 71.00000
208.00000, 69.00000
212.00000, 74.00000
216.00000, 74.00000
218.00000, 74.00000
220.00000, 72.00000
224.00000, 69.00000
228.00000, 72.00000
234.00000, 71.00000
235.00000, 69.00000
236.00000, 67.00000
244.00000, 71.00000
250.00000, 72.00000
252.00000, 74.00000
258.00000, 72.00000
259.00000, 71.00000
260.00000, 69.00000
268.00000, 65.00000
274.00000, 67.00000
276.00000, 69.00000
280.00000, 62.00000
284.00000, 67.00000
290.00000, 69.00000
292.00000, 71.00000
294.00000, 72.00000
296.00000, 74.00000
298.00000, 71.00000
300.00000, 72.00000
308.00000, 71.00000
312.00000, 72.00000
318.00000, 71.00000
319.00000, 69.00000
320.00000, 72.00000
324.00000, 71.00000
330.00000, 69.00000
331.00000, 67.00000
332.00000, 71.00000
334.00000, 72.00000
336.00000, 74.00000
340.00000, 71.00000
342.00000, 72.00000
346.00000, 71.00000
347.00000, 69.00000
348.00000, 67.00000
350.00000, 72.00000
353.00000, 71.00000
354.00000, 69.00000
358.00000, 68.00000
360.00000, 69.00000
372.00000, 69.00000
376.00000, 71.00000
380.00000, 72.00000
386.00000, 71.00000
388.00000, 69.00000
390.00000, 67.00000
391.00000, 65.00000
392.00000, 67.00000
396.00000, 69.00000
400.00000, 67.00000
424.00000, 72.00000
430.00000, 71.00000
432.00000, 69.00000
434.00000, 72.00000
436.00000, 71.00000
438.00000, 67.00000
442.00000, 64.00000
445.00000, 65.00000
446.00000, 67.00000
occurrence5
192.00000, 72.00000
196.00000, 72.00000
200.00000, 71.00000
206.00000, 71.00000
208.00000, 69.00000
212.00000, 74.00000
216.00000, 74.00000
218.00000, 74.00000
220.00000, 72.00000
224.00000, 69.00000
228.00000, 72.00000
234.00000, 71.00000
235.00000, 69.00000
236.00000, 67.00000
244.00000, 71.00000
250.00000, 72.00000
252.00000, 74.00000
258.00000, 72.00000
259.00000, 71.00000
260.00000, 69.00000
268.00000, 65.00000
274.00000, 67.00000
276.00000, 69.00000
280.00000, 62.00000
284.00000, 67.00000
290.00000, 69.00000
292.00000, 71.00000
294.00000, 72.00000
296.00000, 74.00000
298.00000, 71.00000
300.00000, 72.00000
308.00000, 71.00000
312.00000, 72.00000
318.00000, 71.00000
319.00000, 69.00000
320.00000, 72.00000
324.00000, 71.00000
330.00000, 69.00000
331.00000, 67.00000
332.00000, 71.00000
334.00000, 72.00000
336.00000, 74.00000
340.00000, 71.00000
342.00000, 72.00000
346.00000, 71.00000
347.00000, 69.00000
348.00000, 67.00000
350.00000, 72.00000
353.00000, 71.00000
354.00000, 69.00000
358.00000, 68.00000
360.00000, 69.00000
372.00000, 69.00000
376.00000, 71.00000
380.00000, 72.00000
386.00000, 71.00000
388.00000, 69.00000
390.00000, 67.00000
391.00000, 65.00000
392.00000, 67.00000
396.00000, 69.00000
400.00000, 67.00000
424.00000, 72.00000
430.00000, 71.00000
432.00000, 69.00000
434.00000, 72.00000
436.00000, 71.00000
438.00000, 67.00000
442.00000, 64.00000
445.00000, 65.00000
446.00000, 67.00000
448.00000, 69.00000
452.00000, 62.00000
460.00000, 67.00000
466.00000, 65.00000
468.00000, 64.00000
470.00000, 67.00000
472.00000, 65.00000
474.00000, 62.00000
477.00000, 64.00000
478.00000, 65.00000
479.00000, 67.00000
480.00000, 69.00000
484.00000, 67.00000
486.00000, 71.00000
490.00000, 69.00000
494.00000, 68.00000
496.00000, 69.00000
500.00000, 65.00000
506.00000, 64.00000
508.00000, 62.00000
510.00000, 65.00000
514.00000, 64.00000
516.00000, 69.00000
522.00000, 71.00000
524.00000, 72.00000
occurrence6
200.00000, 71.00000
206.00000, 71.00000
208.00000, 69.00000
212.00000, 74.00000
216.00000, 74.00000
218.00000, 74.00000
220.00000, 72.00000
224.00000, 69.00000
228.00000, 72.00000
234.00000, 71.00000
235.00000, 69.00000
236.00000, 67.00000
244.00000, 71.00000
250.00000, 72.00000
252.00000, 74.00000
258.00000, 72.00000
259.00000, 71.00000
260.00000, 69.00000
268.00000, 65.00000
274.00000, 67.00000
276.00000, 69.00000
280.00000, 62.00000
284.00000, 67.00000
290.00000, 69.00000
292.00000, 71.00000
294.00000, 72.00000
296.00000, 74.00000
298.00000, 71.00000
300.00000, 72.00000
308.00000, 71.00000
312.00000, 72.00000
318.00000, 71.00000
319.00000, 69.00000
320.00000, 72.00000
324.00000, 71.00000
330.00000, 69.00000
331.00000, 67.00000
332.00000, 71.00000
334.00000, 72.00000
336.00000, 74.00000
340.00000, 71.00000
342.00000, 72.00000
346.00000, 71.00000
347.00000, 69.00000
348.00000, 67.00000
350.00000, 72.00000
353.00000, 71.00000
354.00000, 69.00000
358.00000, 68.00000
360.00000, 69.00000
372.00000, 69.00000
376.00000, 71.00000
380.00000, 72.00000
386.00000, 71.00000
388.00000, 69.00000
390.00000, 67.00000
391.00000, 65.00000
392.00000, 67.00000
396.00000, 69.00000
400.00000, 67.00000
424.00000, 72.00000
430.00000, 71.00000
432.00000, 69.00000
434.00000, 72.00000
436.00000, 71.00000
438.00000, 67.00000
442.00000, 64.00000
445.00000, 65.00000
446.00000, 67.00000
448.00000, 69.00000
452.00000, 62.00000
460.00000, 67.00000
466.00000, 65.00000
468.00000, 64.00000
470.00000, 67.00000
472.00000, 65.00000
474.00000, 62.00000
477.00000, 64.00000
478.00000, 65.00000
479.00000, 67.00000
480.00000, 69.00000
484.00000, 67.00000
486.00000, 71.00000
490.00000, 69.00000
494.00000, 68.00000
496.00000, 69.00000
500.00000, 65.00000
506.00000, 64.00000
508.00000, 62.00000
510.00000, 65.00000
514.00000, 64.00000
516.00000, 69.00000
522.00000, 71.00000
524.00000, 72.00000
528.00000, 69.00000
532.00000, 71.00000
occurrence7
224.00000, 69.00000
228.00000, 72.00000
234.00000, 71.00000
235.00000, 69.00000
236.00000, 67.00000
244.00000, 71.00000
250.00000, 72.00000
252.00000, 74.00000
258.00000, 72.00000
259.00000, 71.00000
260.00000, 69.00000
268.00000, 65.00000
274.00000, 67.00000
276.00000, 69.00000
280.00000, 62.00000
284.00000, 67.00000
290.00000, 69.00000
292.00000, 71.00000
294.00000, 72.00000
296.00000, 74.00000
298.00000, 71.00000
300.00000, 72.00000
308.00000, 71.00000
312.00000, 72.00000
318.00000, 71.00000
319.00000, 69.00000
320.00000, 72.00000
324.00000, 71.00000
330.00000, 69.00000
331.00000, 67.00000
332.00000, 71.00000
334.00000, 72.00000
336.00000, 74.00000
340.00000, 71.00000
342.00000, 72.00000
346.00000, 71.00000
347.00000, 69.00000
348.00000, 67.00000
350.00000, 72.00000
353.00000, 71.00000
354.00000, 69.00000
358.00000, 68.00000
360.00000, 69.00000
372.00000, 69.00000
376.00000, 71.00000
380.00000, 72.00000
386.00000, 71.00000
388.00000, 69.00000
390.00000, 67.00000
391.00000, 65.00000
392.00000, 67.00000
396.00000, 69.00000
400.00000, 67.00000
424.00000, 72.00000
430.00000, 71.00000
432.00000, 69.00000
434.00000, 72.00000
436.00000, 71.00000
438.00000, 67.00000
442.00000, 64.00000
445.00000, 65.00000
446.00000, 67.00000
448.00000, 69.00000
452.00000, 62.00000
460.00000, 67.00000
466.00000, 65.00000
468.00000, 64.00000
470.00000, 67.00000
472.00000, 65.00000
474.00000, 62.00000
477.00000, 64.00000
478.00000, 65.00000
479.00000, 67.00000
480.00000, 69.00000
484.00000, 67.00000
486.00000, 71.00000
490.00000, 69.00000
494.00000, 68.00000
496.00000, 69.00000
500.00000, 65.00000
506.00000, 64.00000
508.00000, 62.00000
510.00000, 65.00000
514.00000, 64.00000
516.00000, 69.00000
522.00000, 71.00000
524.00000, 72.00000
528.00000, 69.00000
532.00000, 71.00000
536.00000, 69.00000
552.00000, 62.00000
556.00000, 69.00000
occurrence8
296.00000, 74.00000
298.00000, 71.00000
300.00000, 72.00000
308.00000, 71.00000
312.00000, 72.00000
318.00000, 71.00000
319.00000, 69.00000
320.00000, 72.00000
324.00000, 71.00000
330.00000, 69.00000
331.00000, 67.00000
332.00000, 71.00000
334.00000, 72.00000
336.00000, 74.00000
340.00000, 71.00000
342.00000, 72.00000
346.00000, 71.00000
347.00000, 69.00000
348.00000, 67.00000
350.00000, 72.00000
353.00000, 71.00000
354.00000, 69.00000
358.00000, 68.00000
360.00000, 69.00000
372.00000, 69.00000
376.00000, 71.00000
380.00000, 72.00000
386.00000, 71.00000
388.00000, 69.00000
390.00000, 67.00000
391.00000, 65.00000
392.00000, 67.00000
396.00000, 69.00000
400.00000, 67.00000
424.00000, 72.00000
430.00000, 71.00000
432.00000, 69.00000
434.00000, 72.00000
436.00000, 71.00000
438.00000, 67.00000
442.00000, 64.00000
445.00000, 65.00000
446.00000, 67.00000
448.00000, 69.00000
452.00000, 62.00000
460.00000, 67.00000
466.00000, 65.00000
468.00000, 64.00000
470.00000, 67.00000
472.00000, 65.00000
474.00000, 62.00000
477.00000, 64.00000
478.00000, 65.00000
479.00000, 67.00000
480.00000, 69.00000
484.00000, 67.00000
486.00000, 71.00000
490.00000, 69.00000
494.00000, 68.00000
496.00000, 69.00000
500.00000, 65.00000
506.00000, 64.00000
508.00000, 62.00000
510.00000, 65.00000
514.00000, 64.00000
516.00000, 69.00000
522.00000, 71.00000
524.00000, 72.00000
528.00000, 69.00000
532.00000, 71.00000
536.00000, 69.00000
552.00000, 62.00000
556.00000, 69.00000
560.00000, 71.00000
566.00000, 67.00000
568.00000, 69.00000
570.00000, 72.00000
574.00000, 71.00000
575.00000, 69.00000
576.00000, 67.00000
584.00000, 67.00000
588.00000, 72.00000
592.00000, 71.00000
595.00000, 69.00000
596.00000, 67.00000
600.00000, 69.00000
610.00000, 67.00000
612.00000, 67.00000
614.00000, 67.00000
616.00000, 71.00000
620.00000, 74.00000
626.00000, 74.00000
628.00000, 74.00000
occurrence9
308.00000, 71.00000
312.00000, 72.00000
318.00000, 71.00000
319.00000, 69.00000
320.00000, 72.00000
324.00000, 71.00000
330.00000, 69.00000
331.00000, 67.00000
332.00000, 71.00000
334.00000, 72.00000
336.00000, 74.00000
340.00000, 71.00000
342.00000, 72.00000
346.00000, 71.00000
347.00000, 69.00000
348.00000, 67.00000
350.00000, 72.00000
353.00000, 71.00000
354.00000, 69.00000
358.00000, 68.00000
360.00000, 69.00000
372.00000, 69.00000
376.00000, 71.00000
380.00000, 72.00000
386.00000, 71.00000
388.00000, 69.00000
390.00000, 67.00000
391.00000, 65.00000
392.00000, 67.00000
396.00000, 69.00000
400.00000, 67.00000
424.00000, 72.00000
430.00000, 71.00000
432.00000, 69.00000
434.00000, 72.00000
436.00000, 71.00000
438.00000, 67.00000
442.00000, 64.00000
445.00000, 65.00000
446.00000, 67.00000
448.00000, 69.00000
452.00000, 62.00000
460.00000, 67.00000
466.00000, 65.00000
468.00000, 64.00000
470.00000, 67.00000
472.00000, 65.00000
474.00000, 62.00000
477.00000, 64.00000
478.00000, 65.00000
479.00000, 67.00000
480.00000, 69.00000
484.00000, 67.00000
486.00000, 71.00000
490.00000, 69.00000
494.00000, 68.00000
496.00000, 69.00000
500.00000, 65.00000
506.00000, 64.00000
508.00000, 62.00000
510.00000, 65.00000
514.00000, 64.00000
516.00000, 69.00000
522.00000, 71.00000
524.00000, 72.00000
528.00000, 69.00000
532.00000, 71.00000
536.00000, 69.00000
552.00000, 62.00000
556.00000, 69.00000
560.00000, 71.00000
566.00000, 67.00000
568.00000, 69.00000
570.00000, 72.00000
574.00000, 71.00000
575.00000, 69.00000
576.00000, 67.00000
584.00000, 67.00000
588.00000, 72.00000
592.00000, 71.00000
595.00000, 69.00000
596.00000, 67.00000
600.00000, 69.00000
610.00000, 67.00000
612.00000, 67.00000
614.00000, 67.00000
616.00000, 71.00000
620.00000, 74.00000
626.00000, 74.00000
628.00000, 74.00000
632.00000, 67.00000
638.00000, 69.00000
640.00000, 71.00000
occurrence10
332.00000, 71.00000
334.00000, 72.00000
336.00000, 74.00000
340.00000, 71.00000
342.00000, 72.00000
346.00000, 71.00000
347.00000, 69.00000
348.00000, 67.00000
350.00000, 72.00000
353.00000, 71.00000
354.00000, 69.00000
358.00000, 68.00000
360.00000, 69.00000
372.00000, 69.00000
376.00000, 71.00000
380.00000, 72.00000
386.00000, 71.00000
388.00000, 69.00000
390.00000, 67.00000
391.00000, 65.00000
392.00000, 67.00000
396.00000, 69.00000
400.00000, 67.00000
424.00000, 72.00000
430.00000, 71.00000
432.00000, 69.00000
434.00000, 72.00000
436.00000, 71.00000
438.00000, 67.00000
442.00000, 64.00000
445.00000, 65.00000
446.00000, 67.00000
448.00000, 69.00000
452.00000, 62.00000
460.00000, 67.00000
466.00000, 65.00000
468.00000, 64.00000
470.00000, 67.00000
472.00000, 65.00000
474.00000, 62.00000
477.00000, 64.00000
478.00000, 65.00000
479.00000, 67.00000
480.00000, 69.00000
484.00000, 67.00000
486.00000, 71.00000
490.00000, 69.00000
494.00000, 68.00000
496.00000, 69.00000
500.00000, 65.00000
506.00000, 64.00000
508.00000, 62.00000
510.00000, 65.00000
514.00000, 64.00000
516.00000, 69.00000
522.00000, 71.00000
524.00000, 72.00000
528.00000, 69.00000
532.00000, 71.00000
536.00000, 69.00000
552.00000, 62.00000
556.00000, 69.00000
560.00000, 71.00000
566.00000, 67.00000
568.00000, 69.00000
570.00000, 72.00000
574.00000, 71.00000
575.00000, 69.00000
576.00000, 67.00000
584.00000, 67.00000
588.00000, 72.00000
592.00000, 71.00000
595.00000, 69.00000
596.00000, 67.00000
600.00000, 69.00000
610.00000, 67.00000
612.00000, 67.00000
614.00000, 67.00000
616.00000, 71.00000
620.00000, 74.00000
626.00000, 74.00000
628.00000, 74.00000
632.00000, 67.00000
638.00000, 69.00000
640.00000, 71.00000
644.00000, 67.00000
648.00000, 69.00000
658.00000, 67.00000
660.00000, 67.00000
662.00000, 67.00000
664.00000, 71.00000
occurrence11
336.00000, 74.00000
340.00000, 71.00000
342.00000, 72.00000
346.00000, 71.00000
347.00000, 69.00000
348.00000, 67.00000
350.00000, 72.00000
353.00000, 71.00000
354.00000, 69.00000
358.00000, 68.00000
360.00000, 69.00000
372.00000, 69.00000
376.00000, 71.00000
380.00000, 72.00000
386.00000, 71.00000
388.00000, 69.00000
390.00000, 67.00000
391.00000, 65.00000
392.00000, 67.00000
396.00000, 69.00000
400.00000, 67.00000
424.00000, 72.00000
430.00000, 71.00000
432.00000, 69.00000
434.00000, 72.00000
436.00000, 71.00000
438.00000, 67.00000
442.00000, 64.00000
445.00000, 65.00000
446.00000, 67.00000
448.00000, 69.00000
452.00000, 62.00000
460.00000, 67.00000
466.00000, 65.00000
468.00000, 64.00000
470.00000, 67.00000
472.00000, 65.00000
474.00000, 62.00000
477.00000, 64.00000
478.00000, 65.00000
479.00000, 67.00000
480.00000, 69.00000
484.00000, 67.00000
486.00000, 71.00000
490.00000, 69.00000
494.00000, 68.00000
496.00000, 69.00000
500.00000, 65.00000
506.00000, 64.00000
508.00000, 62.00000
510.00000, 65.00000
514.00000, 64.00000
516.00000, 69.00000
522.00000, 71.00000
524.00000, 72.00000
528.00000, 69.00000
532.00000, 71.00000
536.00000, 69.00000
552.00000, 62.00000
556.00000, 69.00000
560.00000, 71.00000
566.00000, 67.00000
568.00000, 69.00000
570.00000, 72.00000
574.00000, 71.00000
575.00000, 69.00000
576.00000, 67.00000
584.00000, 67.00000
588.00000, 72.00000
592.00000, 71.00000
595.00000, 69.00000
596.00000, 67.00000
600.00000, 69.00000
610.00000, 67.00000
612.00000, 67.00000
614.00000, 67.00000
616.00000, 71.00000
620.00000, 74.00000
626.00000, 74.00000
628.00000, 74.00000
632.00000, 67.00000
638.00000, 69.00000
640.00000, 71.00000
644.00000, 67.00000
648.00000, 69.00000
658.00000, 67.00000
660.00000, 67.00000
662.00000, 67.00000
664.00000, 71.00000
668.00000, 74.00000
occurrence12
348.00000, 67.00000
350.00000, 72.00000
353.00000, 71.00000
354.00000, 69.00000
358.00000, 68.00000
360.00000, 69.00000
372.00000, 69.00000
376.00000, 71.00000
380.00000, 72.00000
386.00000, 71.00000
388.00000, 69.00000
390.00000, 67.00000
391.00000, 65.00000
392.00000, 67.00000
396.00000, 69.00000
400.00000, 67.00000
424.00000, 72.00000
430.00000, 71.00000
432.00000, 69.00000
434.00000, 72.00000
436.00000, 71.00000
438.00000, 67.00000
442.00000, 64.00000
445.00000, 65.00000
446.00000, 67.00000
448.00000, 69.00000
452.00000, 62.00000
460.00000, 67.00000
466.00000, 65.00000
468.00000, 64.00000
470.00000, 67.00000
472.00000, 65.00000
474.00000, 62.00000
477.00000, 64.00000
478.00000, 65.00000
479.00000, 67.00000
480.00000, 69.00000
484.00000, 67.00000
486.00000, 71.00000
490.00000, 69.00000
494.00000, 68.00000
496.00000, 69.00000
500.00000, 65.00000
506.00000, 64.00000
508.00000, 62.00000
510.00000, 65.00000
514.00000, 64.00000
516.00000, 69.00000
522.00000, 71.00000
524.00000, 72.00000
528.00000, 69.00000
532.00000, 71.00000
536.00000, 69.00000
552.00000, 62.00000
556.00000, 69.00000
560.00000, 71.00000
566.00000, 67.00000
568.00000, 69.00000
570.00000, 72.00000
574.00000, 71.00000
575.00000, 69.00000
576.00000, 67.00000
584.00000, 67.00000
588.00000, 72.00000
592.00000, 71.00000
595.00000, 69.00000
596.00000, 67.00000
600.00000, 69.00000
610.00000, 67.00000
612.00000, 67.00000
614.00000, 67.00000
616.00000, 71.00000
620.00000, 74.00000
626.00000, 74.00000
628.00000, 74.00000
632.00000, 67.00000
638.00000, 69.00000
640.00000, 71.00000
644.00000, 67.00000
648.00000, 69.00000
658.00000, 67.00000
660.00000, 67.00000
662.00000, 67.00000
664.00000, 71.00000
668.00000, 74.00000
674.00000, 74.00000
676.00000, 74.00000
680.00000, 67.00000
occurrence13
354.00000, 69.00000
358.00000, 68.00000
360.00000, 69.00000
372.00000, 69.00000
376.00000, 71.00000
380.00000, 72.00000
386.00000, 71.00000
388.00000, 69.00000
390.00000, 67.00000
391.00000, 65.00000
392.00000, 67.00000
396.00000, 69.00000
400.00000, 67.00000
424.00000, 72.00000
430.00000, 71.00000
432.00000, 69.00000
434.00000, 72.00000
436.00000, 71.00000
438.00000, 67.00000
442.00000, 64.00000
445.00000, 65.00000
446.00000, 67.00000
448.00000, 69.00000
452.00000, 62.00000
460.00000, 67.00000
466.00000, 65.00000
468.00000, 64.00000
470.00000, 67.00000
472.00000, 65.00000
474.00000, 62.00000
477.00000, 64.00000
478.00000, 65.00000
479.00000, 67.00000
480.00000, 69.00000
484.00000, 67.00000
486.00000, 71.00000
490.00000, 69.00000
494.00000, 68.00000
496.00000, 69.00000
500.00000, 65.00000
506.00000, 64.00000
508.00000, 62.00000
510.00000, 65.00000
514.00000, 64.00000
516.00000, 69.00000
522.00000, 71.00000
524.00000, 72.00000
528.00000, 69.00000
532.00000, 71.00000
536.00000, 69.00000
552.00000, 62.00000
556.00000, 69.00000
560.00000, 71.00000
566.00000, 67.00000
568.00000, 69.00000
570.00000, 72.00000
574.00000, 71.00000
575.00000, 69.00000
576.00000, 67.00000
584.00000, 67.00000
588.00000, 72.00000
592.00000, 71.00000
595.00000, 69.00000
596.00000, 67.00000
600.00000, 69.00000
610.00000, 67.00000
612.00000, 67.00000
614.00000, 67.00000
616.00000, 71.00000
620.00000, 74.00000
626.00000, 74.00000
628.00000, 74.00000
632.00000, 67.00000
638.00000, 69.00000
640.00000, 71.00000
644.00000, 67.00000
648.00000, 69.00000
658.00000, 67.00000
660.00000, 67.00000
662.00000, 67.00000
664.00000, 71.00000
668.00000, 74.00000
674.00000, 74.00000
676.00000, 74.00000
680.00000, 67.00000
686.00000, 69.00000
occurrence14
388.00000, 69.00000
390.00000, 67.00000
391.00000, 65.00000
392.00000, 67.00000
396.00000, 69.00000
400.00000, 67.00000
424.00000, 72.00000
430.00000, 71.00000
432.00000, 69.00000
434.00000, 72.00000
436.00000, 71.00000
438.00000, 67.00000
442.00000, 64.00000
445.00000, 65.00000
446.00000, 67.00000
448.00000, 69.00000
452.00000, 62.00000
460.00000, 67.00000
466.00000, 65.00000
468.00000, 64.00000
470.00000, 67.00000
472.00000, 65.00000
474.00000, 62.00000
477.00000, 64.00000
478.00000, 65.00000
479.00000, 67.00000
480.00000, 69.00000
484.00000, 67.00000
486.00000, 71.00000
490.00000, 69.00000
494.00000, 68.00000
496.00000, 69.00000
500.00000, 65.00000
506.00000, 64.00000
508.00000, 62.00000
510.00000, 65.00000
514.00000, 64.00000
516.00000, 69.00000
522.00000, 71.00000
524.00000, 72.00000
528.00000, 69.00000
532.00000, 71.00000
536.00000, 69.00000
552.00000, 62.00000
556.00000, 69.00000
560.00000, 71.00000
566.00000, 67.00000
568.00000, 69.00000
570.00000, 72.00000
574.00000, 71.00000
575.00000, 69.00000
576.00000, 67.00000
584.00000, 67.00000
588.00000, 72.00000
592.00000, 71.00000
595.00000, 69.00000
596.00000, 67.00000
600.00000, 69.00000
610.00000, 67.00000
612.00000, 67.00000
614.00000, 67.00000
616.00000, 71.00000
620.00000, 74.00000
626.00000, 74.00000
628.00000, 74.00000
632.00000, 67.00000
638.00000, 69.00000
640.00000, 71.00000
644.00000, 67.00000
648.00000, 69.00000
658.00000, 67.00000
660.00000, 67.00000
662.00000, 67.00000
664.00000, 71.00000
668.00000, 74.00000
674.00000, 74.00000
676.00000, 74.00000
680.00000, 67.00000
686.00000, 69.00000
688.00000, 71.00000
691.00000, 72.00000
692.00000, 74.00000
694.00000, 71.00000
696.00000, 72.00000
700.00000, 69.00000
706.00000, 67.00000
708.00000, 69.00000
712.00000, 65.00000
718.00000, 62.00000
720.00000, 69.00000
occurrence15
396.00000, 69.00000
400.00000, 67.00000
424.00000, 72.00000
430.00000, 71.00000
432.00000, 69.00000
434.00000, 72.00000
436.00000, 71.00000
438.00000, 67.00000
442.00000, 64.00000
445.00000, 65.00000
446.00000, 67.00000
448.00000, 69.00000
452.00000, 62.00000
460.00000, 67.00000
466.00000, 65.00000
468.00000, 64.00000
470.00000, 67.00000
472.00000, 65.00000
474.00000, 62.00000
477.00000, 64.00000
478.00000, 65.00000
479.00000, 67.00000
480.00000, 69.00000
484.00000, 67.00000
486.00000, 71.00000
490.00000, 69.00000
494.00000, 68.00000
496.00000, 69.00000
500.00000, 65.00000
506.00000, 64.00000
508.00000, 62.00000
510.00000, 65.00000
514.00000, 64.00000
516.00000, 69.00000
522.00000, 71.00000
524.00000, 72.00000
528.00000, 69.00000
532.00000, 71.00000
536.00000, 69.00000
552.00000, 62.00000
556.00000, 69.00000
560.00000, 71.00000
566.00000, 67.00000
568.00000, 69.00000
570.00000, 72.00000
574.00000, 71.00000
575.00000, 69.00000
576.00000, 67.00000
584.00000, 67.00000
588.00000, 72.00000
592.00000, 71.00000
595.00000, 69.00000
596.00000, 67.00000
600.00000, 69.00000
610.00000, 67.00000
612.00000, 67.00000
614.00000, 67.00000
616.00000, 71.00000
620.00000, 74.00000
626.00000, 74.00000
628.00000, 74.00000
632.00000, 67.00000
638.00000, 69.00000
640.00000, 71.00000
644.00000, 67.00000
648.00000, 69.00000
658.00000, 67.00000
660.00000, 67.00000
662.00000, 67.00000
664.00000, 71.00000
668.00000, 74.00000
674.00000, 74.00000
676.00000, 74.00000
680.00000, 67.00000
686.00000, 69.00000
688.00000, 71.00000
691.00000, 72.00000
692.00000, 74.00000
694.00000, 71.00000
696.00000, 72.00000
700.00000, 69.00000
706.00000, 67.00000
708.00000, 69.00000
712.00000, 65.00000
718.00000, 62.00000
720.00000, 69.00000
724.00000, 71.00000
728.00000, 69.00000
occurrence16
438.00000, 67.00000
442.00000, 64.00000
445.00000, 65.00000
446.00000, 67.00000
448.00000, 69.00000
452.00000, 62.00000
460.00000, 67.00000
466.00000, 65.00000
468.00000, 64.00000
470.00000, 67.00000
472.00000, 65.00000
474.00000, 62.00000
477.00000, 64.00000
478.00000, 65.00000
479.00000, 67.00000
480.00000, 69.00000
484.00000, 67.00000
486.00000, 71.00000
490.00000, 69.00000
494.00000, 68.00000
496.00000, 69.00000
500.00000, 65.00000
506.00000, 64.00000
508.00000, 62.00000
510.00000, 65.00000
514.00000, 64.00000
516.00000, 69.00000
522.00000, 71.00000
524.00000, 72.00000
528.00000, 69.00000
532.00000, 71.00000
536.00000, 69.00000
552.00000, 62.00000
556.00000, 69.00000
560.00000, 71.00000
566.00000, 67.00000
568.00000, 69.00000
570.00000, 72.00000
574.00000, 71.00000
575.00000, 69.00000
576.00000, 67.00000
584.00000, 67.00000
588.00000, 72.00000
592.00000, 71.00000
595.00000, 69.00000
596.00000, 67.00000
600.00000, 69.00000
610.00000, 67.00000
612.00000, 67.00000
614.00000, 67.00000
616.00000, 71.00000
620.00000, 74.00000
626.00000, 74.00000
628.00000, 74.00000
632.00000, 67.00000
638.00000, 69.00000
640.00000, 71.00000
644.00000, 67.00000
648.00000, 69.00000
658.00000, 67.00000
660.00000, 67.00000
662.00000, 67.00000
664.00000, 71.00000
668.00000, 74.00000
674.00000, 74.00000
676.00000, 74.00000
680.00000, 67.00000
686.00000, 69.00000
688.00000, 71.00000
691.00000, 72.00000
692.00000, 74.00000
694.00000, 71.00000
696.00000, 72.00000
700.00000, 69.00000
706.00000, 67.00000
708.00000, 69.00000
712.00000, 65.00000
718.00000, 62.00000
720.00000, 69.00000
724.00000, 71.00000
728.00000, 69.00000
756.00000, 69.00000
760.00000, 72.00000
764.00000, 71.00000
766.00000, 69.00000
770.00000, 67.00000
occurrence17
496.00000, 69.00000
500.00000, 65.00000
506.00000, 64.00000
508.00000, 62.00000
510.00000, 65.00000
514.00000, 64.00000
516.00000, 69.00000
522.00000, 71.00000
524.00000, 72.00000
528.00000, 69.00000
532.00000, 71.00000
536.00000, 69.00000
552.00000, 62.00000
556.00000, 69.00000
560.00000, 71.00000
566.00000, 67.00000
568.00000, 69.00000
570.00000, 72.00000
574.00000, 71.00000
575.00000, 69.00000
576.00000, 67.00000
584.00000, 67.00000
588.00000, 72.00000
592.00000, 71.00000
595.00000, 69.00000
596.00000, 67.00000
600.00000, 69.00000
610.00000, 67.00000
612.00000, 67.00000
614.00000, 67.00000
616.00000, 71.00000
620.00000, 74.00000
626.00000, 74.00000
628.00000, 74.00000
632.00000, 67.00000
638.00000, 69.00000
640.00000, 71.00000
644.00000, 67.00000
648.00000, 69.00000
658.00000, 67.00000
660.00000, 67.00000
662.00000, 67.00000
664.00000, 71.00000
668.00000, 74.00000
674.00000, 74.00000
676.00000, 74.00000
680.00000, 67.00000
686.00000, 69.00000
688.00000, 71.00000
691.00000, 72.00000
692.00000, 74.00000
694.00000, 71.00000
696.00000, 72.00000
700.00000, 69.00000
706.00000, 67.00000
708.00000, 69.00000
712.00000, 65.00000
718.00000, 62.00000
720.00000, 69.00000
724.00000, 71.00000
728.00000, 69.00000
756.00000, 69.00000
760.00000, 72.00000
764.00000, 71.00000
766.00000, 69.00000
770.00000, 67.00000
772.00000, 65.00000
776.00000, 64.00000
784.00000, 64.00000
788.00000, 62.00000
792.00000, 69.00000
798.00000, 69.00000
800.00000, 72.00000
804.00000, 72.00000
806.00000, 72.00000
808.00000, 72.00000
814.00000, 72.00000
816.00000, 74.00000
820.00000, 71.00000
822.00000, 74.00000
826.00000, 72.00000
827.00000, 71.00000
828.00000, 69.00000
occurrence18
536.00000, 69.00000
552.00000, 62.00000
556.00000, 69.00000
560.00000, 71.00000
566.00000, 67.00000
568.00000, 69.00000
570.00000, 72.00000
574.00000, 71.00000
575.00000, 69.00000
576.00000, 67.00000
584.00000, 67.00000
588.00000, 72.00000
592.00000, 71.00000
595.00000, 69.00000
596.00000, 67.00000
600.00000, 69.00000
610.00000, 67.00000
612.00000, 67.00000
614.00000, 67.00000
616.00000, 71.00000
620.00000, 74.00000
626.00000, 74.00000
628.00000, 74.00000
632.00000, 67.00000
638.00000, 69.00000
640.00000, 71.00000
644.00000, 67.00000
648.00000, 69.00000
658.00000, 67.00000
660.00000, 67.00000
662.00000, 67.00000
664.00000, 71.00000
668.00000, 74.00000
674.00000, 74.00000
676.00000, 74.00000
680.00000, 67.00000
686.00000, 69.00000
688.00000, 71.00000
691.00000, 72.00000
692.00000, 74.00000
694.00000, 71.00000
696.00000, 72.00000
700.00000, 69.00000
706.00000, 67.00000
708.00000, 69.00000
712.00000, 65.00000
718.00000, 62.00000
720.00000, 69.00000
724.00000, 71.00000
728.00000, 69.00000
756.00000, 69.00000
760.00000, 72.00000
764.00000, 71.00000
766.00000, 69.00000
770.00000, 67.00000
772.00000, 65.00000
776.00000, 64.00000
784.00000, 64.00000
788.00000, 62.00000
792.00000, 69.00000
798.00000, 69.00000
800.00000, 72.00000
804.00000, 72.00000
806.00000, 72.00000
808.00000, 72.00000
814.00000, 72.00000
816.00000, 74.00000
820.00000, 71.00000
822.00000, 74.00000
826.00000, 72.00000
827.00000, 71.00000
828.00000, 69.00000
836.00000, 69.00000
840.00000, 72.00000
844.00000, 72.00000
846.00000, 72.00000
848.00000, 72.00000
854.00000, 72.00000
856.00000, 74.00000
860.00000, 71.00000
862.00000, 74.00000
866.00000, 72.00000
867.00000, 71.00000
868.00000, 69.00000
occurrence19
566.00000, 67.00000
568.00000, 69.00000
570.00000, 72.00000
574.00000, 71.00000
575.00000, 69.00000
576.00000, 67.00000
584.00000, 67.00000
588.00000, 72.00000
592.00000, 71.00000
595.00000, 69.00000
596.00000, 67.00000
600.00000, 69.00000
610.00000, 67.00000
612.00000, 67.00000
614.00000, 67.00000
616.00000, 71.00000
620.00000, 74.00000
626.00000, 74.00000
628.00000, 74.00000
632.00000, 67.00000
638.00000, 69.00000
640.00000, 71.00000
644.00000, 67.00000
648.00000, 69.00000
658.00000, 67.00000
660.00000, 67.00000
662.00000, 67.00000
664.00000, 71.00000
668.00000, 74.00000
674.00000, 74.00000
676.00000, 74.00000
680.00000, 67.00000
686.00000, 69.00000
688.00000, 71.00000
691.00000, 72.00000
692.00000, 74.00000
694.00000, 71.00000
696.00000, 72.00000
700.00000, 69.00000
706.00000, 67.00000
708.00000, 69.00000
712.00000, 65.00000
718.00000, 62.00000
720.00000, 69.00000
724.00000, 71.00000
728.00000, 69.00000
756.00000, 69.00000
760.00000, 72.00000
764.00000, 71.00000
766.00000, 69.00000
770.00000, 67.00000
772.00000, 65.00000
776.00000, 64.00000
784.00000, 64.00000
788.00000, 62.00000
792.00000, 69.00000
798.00000, 69.00000
800.00000, 72.00000
804.00000, 72.00000
806.00000, 72.00000
808.00000, 72.00000
814.00000, 72.00000
816.00000, 74.00000
820.00000, 71.00000
822.00000, 74.00000
826.00000, 72.00000
827.00000, 71.00000
828.00000, 69.00000
836.00000, 69.00000
840.00000, 72.00000
844.00000, 72.00000
846.00000, 72.00000
848.00000, 72.00000
854.00000, 72.00000
856.00000, 74.00000
860.00000, 71.00000
862.00000, 74.00000
866.00000, 72.00000
867.00000, 71.00000
868.00000, 69.00000
874.00000, 65.00000
878.00000, 67.00000
880.00000, 69.00000
882.00000, 65.00000
884.00000, 67.00000
890.00000, 64.00000
892.00000, 69.00000
898.00000, 68.00000
pattern12
occurrence1
108.00000, 69.00000
114.00000, 67.00000
115.00000, 65.00000
116.00000, 64.00000
120.00000, 69.00000
126.00000, 67.00000
128.00000, 65.00000
130.00000, 64.00000
131.00000, 62.00000
132.00000, 64.00000
136.00000, 62.00000
142.00000, 67.00000
144.00000, 69.00000
147.00000, 71.00000
148.00000, 72.00000
152.00000, 71.00000
154.00000, 69.00000
158.00000, 67.00000
162.00000, 66.00000
163.00000, 64.00000
164.00000, 66.00000
168.00000, 67.00000
172.00000, 69.00000
176.00000, 65.00000
184.00000, 72.00000
190.00000, 72.00000
192.00000, 72.00000
196.00000, 72.00000
200.00000, 71.00000
206.00000, 71.00000
208.00000, 69.00000
212.00000, 74.00000
216.00000, 74.00000
occurrence2
116.00000, 64.00000
120.00000, 69.00000
126.00000, 67.00000
128.00000, 65.00000
130.00000, 64.00000
131.00000, 62.00000
132.00000, 64.00000
136.00000, 62.00000
142.00000, 67.00000
144.00000, 69.00000
147.00000, 71.00000
148.00000, 72.00000
152.00000, 71.00000
154.00000, 69.00000
158.00000, 67.00000
162.00000, 66.00000
163.00000, 64.00000
164.00000, 66.00000
168.00000, 67.00000
172.00000, 69.00000
176.00000, 65.00000
184.00000, 72.00000
190.00000, 72.00000
192.00000, 72.00000
196.00000, 72.00000
200.00000, 71.00000
206.00000, 71.00000
208.00000, 69.00000
212.00000, 74.00000
216.00000, 74.00000
218.00000, 74.00000
220.00000, 72.00000
224.00000, 69.00000
occurrence3
142.00000, 67.00000
144.00000, 69.00000
147.00000, 71.00000
148.00000, 72.00000
152.00000, 71.00000
154.00000, 69.00000
158.00000, 67.00000
162.00000, 66.00000
163.00000, 64.00000
164.00000, 66.00000
168.00000, 67.00000
172.00000, 69.00000
176.00000, 65.00000
184.00000, 72.00000
190.00000, 72.00000
192.00000, 72.00000
196.00000, 72.00000
200.00000, 71.00000
206.00000, 71.00000
208.00000, 69.00000
212.00000, 74.00000
216.00000, 74.00000
218.00000, 74.00000
220.00000, 72.00000
224.00000, 69.00000
228.00000, 72.00000
234.00000, 71.00000
235.00000, 69.00000
236.00000, 67.00000
244.00000, 71.00000
250.00000, 72.00000
occurrence4
144.00000, 69.00000
147.00000, 71.00000
148.00000, 72.00000
152.00000, 71.00000
154.00000, 69.00000
158.00000, 67.00000
162.00000, 66.00000
163.00000, 64.00000
164.00000, 66.00000
168.00000, 67.00000
172.00000, 69.00000
176.00000, 65.00000
184.00000, 72.00000
190.00000, 72.00000
192.00000, 72.00000
196.00000, 72.00000
200.00000, 71.00000
206.00000, 71.00000
208.00000, 69.00000
212.00000, 74.00000
216.00000, 74.00000
218.00000, 74.00000
220.00000, 72.00000
224.00000, 69.00000
228.00000, 72.00000
234.00000, 71.00000
235.00000, 69.00000
236.00000, 67.00000
244.00000, 71.00000
250.00000, 72.00000
252.00000, 74.00000
occurrence5
268.00000, 65.00000
274.00000, 67.00000
276.00000, 69.00000
280.00000, 62.00000
284.00000, 67.00000
290.00000, 69.00000
292.00000, 71.00000
294.00000, 72.00000
296.00000, 74.00000
298.00000, 71.00000
300.00000, 72.00000
308.00000, 71.00000
312.00000, 72.00000
318.00000, 71.00000
319.00000, 69.00000
320.00000, 72.00000
324.00000, 71.00000
330.00000, 69.00000
331.00000, 67.00000
332.00000, 71.00000
334.00000, 72.00000
336.00000, 74.00000
340.00000, 71.00000
342.00000, 72.00000
346.00000, 71.00000
347.00000, 69.00000
348.00000, 67.00000
350.00000, 72.00000
353.00000, 71.00000
354.00000, 69.00000
358.00000, 68.00000
360.00000, 69.00000
372.00000, 69.00000
376.00000, 71.00000
occurrence6
466.00000, 65.00000
468.00000, 64.00000
470.00000, 67.00000
472.00000, 65.00000
474.00000, 62.00000
477.00000, 64.00000
478.00000, 65.00000
479.00000, 67.00000
480.00000, 69.00000
484.00000, 67.00000
486.00000, 71.00000
490.00000, 69.00000
494.00000, 68.00000
496.00000, 69.00000
500.00000, 65.00000
506.00000, 64.00000
508.00000, 62.00000
510.00000, 65.00000
514.00000, 64.00000
516.00000, 69.00000
522.00000, 71.00000
524.00000, 72.00000
528.00000, 69.00000
532.00000, 71.00000
536.00000, 69.00000
552.00000, 62.00000
556.00000, 69.00000
560.00000, 71.00000
566.00000, 67.00000
568.00000, 69.00000
570.00000, 72.00000
574.00000, 71.00000
occurrence7
552.00000, 62.00000
556.00000, 69.00000
560.00000, 71.00000
566.00000, 67.00000
568.00000, 69.00000
570.00000, 72.00000
574.00000, 71.00000
575.00000, 69.00000
576.00000, 67.00000
584.00000, 67.00000
588.00000, 72.00000
592.00000, 71.00000
595.00000, 69.00000
596.00000, 67.00000
600.00000, 69.00000
610.00000, 67.00000
612.00000, 67.00000
614.00000, 67.00000
616.00000, 71.00000
620.00000, 74.00000
626.00000, 74.00000
628.00000, 74.00000
632.00000, 67.00000
638.00000, 69.00000
640.00000, 71.00000
644.00000, 67.00000
648.00000, 69.00000
658.00000, 67.00000
660.00000, 67.00000
occurrence8
568.00000, 69.00000
570.00000, 72.00000
574.00000, 71.00000
575.00000, 69.00000
576.00000, 67.00000
584.00000, 67.00000
588.00000, 72.00000
592.00000, 71.00000
595.00000, 69.00000
596.00000, 67.00000
600.00000, 69.00000
610.00000, 67.00000
612.00000, 67.00000
614.00000, 67.00000
616.00000, 71.00000
620.00000, 74.00000
626.00000, 74.00000
628.00000, 74.00000
632.00000, 67.00000
638.00000, 69.00000
640.00000, 71.00000
644.00000, 67.00000
648.00000, 69.00000
658.00000, 67.00000
660.00000, 67.00000
662.00000, 67.00000
664.00000, 71.00000
668.00000, 74.00000
674.00000, 74.00000
676.00000, 74.00000
occurrence9
706.00000, 67.00000
708.00000, 69.00000
712.00000, 65.00000
718.00000, 62.00000
720.00000, 69.00000
724.00000, 71.00000
728.00000, 69.00000
756.00000, 69.00000
760.00000, 72.00000
764.00000, 71.00000
766.00000, 69.00000
770.00000, 67.00000
772.00000, 65.00000
776.00000, 64.00000
784.00000, 64.00000
788.00000, 62.00000
792.00000, 69.00000
798.00000, 69.00000
800.00000, 72.00000
804.00000, 72.00000
806.00000, 72.00000
808.00000, 72.00000
814.00000, 72.00000
occurrence10
708.00000, 69.00000
712.00000, 65.00000
718.00000, 62.00000
720.00000, 69.00000
724.00000, 71.00000
728.00000, 69.00000
756.00000, 69.00000
760.00000, 72.00000
764.00000, 71.00000
766.00000, 69.00000
770.00000, 67.00000
772.00000, 65.00000
776.00000, 64.00000
784.00000, 64.00000
788.00000, 62.00000
792.00000, 69.00000
798.00000, 69.00000
800.00000, 72.00000
804.00000, 72.00000
806.00000, 72.00000
808.00000, 72.00000
814.00000, 72.00000
816.00000, 74.00000
occurrence11
712.00000, 65.00000
718.00000, 62.00000
720.00000, 69.00000
724.00000, 71.00000
728.00000, 69.00000
756.00000, 69.00000
760.00000, 72.00000
764.00000, 71.00000
766.00000, 69.00000
770.00000, 67.00000
772.00000, 65.00000
776.00000, 64.00000
784.00000, 64.00000
788.00000, 62.00000
792.00000, 69.00000
798.00000, 69.00000
800.00000, 72.00000
804.00000, 72.00000
806.00000, 72.00000
808.00000, 72.00000
814.00000, 72.00000
816.00000, 74.00000
820.00000, 71.00000
occurrence12
784.00000, 64.00000
788.00000, 62.00000
792.00000, 69.00000
798.00000, 69.00000
800.00000, 72.00000
804.00000, 72.00000
806.00000, 72.00000
808.00000, 72.00000
814.00000, 72.00000
816.00000, 74.00000
820.00000, 71.00000
822.00000, 74.00000
826.00000, 72.00000
827.00000, 71.00000
828.00000, 69.00000
836.00000, 69.00000
840.00000, 72.00000
844.00000, 72.00000
846.00000, 72.00000
848.00000, 72.00000
854.00000, 72.00000
856.00000, 74.00000
860.00000, 71.00000
862.00000, 74.00000
866.00000, 72.00000
867.00000, 71.00000
868.00000, 69.00000
874.00000, 65.00000
878.00000, 67.00000
880.00000, 69.00000
882.00000, 65.00000
884.00000, 67.00000
890.00000, 64.00000
892.00000, 69.00000
pattern13
occurrence1
56.00000, 72.00000
62.00000, 69.00000
64.00000, 72.00000
66.00000, 72.00000
68.00000, 71.00000
72.00000, 69.00000
78.00000, 67.00000
80.00000, 65.00000
82.00000, 62.00000
84.00000, 65.00000
86.00000, 67.00000
88.00000, 69.00000
94.00000, 71.00000
96.00000, 72.00000
98.00000, 74.00000
102.00000, 72.00000
104.00000, 71.00000
108.00000, 69.00000
114.00000, 67.00000
115.00000, 65.00000
116.00000, 64.00000
120.00000, 69.00000
occurrence2
840.00000, 72.00000
844.00000, 72.00000
846.00000, 72.00000
848.00000, 72.00000
854.00000, 72.00000
856.00000, 74.00000
860.00000, 71.00000
862.00000, 74.00000
866.00000, 72.00000
867.00000, 71.00000
868.00000, 69.00000
874.00000, 65.00000
878.00000, 67.00000
880.00000, 69.00000
882.00000, 65.00000
884.00000, 67.00000
890.00000, 64.00000
892.00000, 69.00000
898.00000, 68.00000
899.00000, 66.00000
900.00000, 68.00000
904.00000, 69.00000
pattern14
occurrence1
114.00000, 67.00000
115.00000, 65.00000
116.00000, 64.00000
120.00000, 69.00000
126.00000, 67.00000
128.00000, 65.00000
130.00000, 64.00000
131.00000, 62.00000
132.00000, 64.00000
136.00000, 62.00000
142.00000, 67.00000
144.00000, 69.00000
147.00000, 71.00000
148.00000, 72.00000
152.00000, 71.00000
154.00000, 69.00000
158.00000, 67.00000
162.00000, 66.00000
163.00000, 64.00000
164.00000, 66.00000
168.00000, 67.00000
172.00000, 69.00000
176.00000, 65.00000
184.00000, 72.00000
190.00000, 72.00000
192.00000, 72.00000
196.00000, 72.00000
200.00000, 71.00000
206.00000, 71.00000
208.00000, 69.00000
212.00000, 74.00000
216.00000, 74.00000
218.00000, 74.00000
220.00000, 72.00000
224.00000, 69.00000
228.00000, 72.00000
234.00000, 71.00000
235.00000, 69.00000
236.00000, 67.00000
244.00000, 71.00000
250.00000, 72.00000
252.00000, 74.00000
258.00000, 72.00000
259.00000, 71.00000
260.00000, 69.00000
268.00000, 65.00000
274.00000, 67.00000
276.00000, 69.00000
280.00000, 62.00000
284.00000, 67.00000
290.00000, 69.00000
292.00000, 71.00000
294.00000, 72.00000
296.00000, 74.00000
298.00000, 71.00000
300.00000, 72.00000
308.00000, 71.00000
312.00000, 72.00000
318.00000, 71.00000
319.00000, 69.00000
occurrence2
391.00000, 65.00000
392.00000, 67.00000
396.00000, 69.00000
400.00000, 67.00000
424.00000, 72.00000
430.00000, 71.00000
432.00000, 69.00000
434.00000, 72.00000
436.00000, 71.00000
438.00000, 67.00000
442.00000, 64.00000
445.00000, 65.00000
446.00000, 67.00000
448.00000, 69.00000
452.00000, 62.00000
460.00000, 67.00000
466.00000, 65.00000
468.00000, 64.00000
470.00000, 67.00000
472.00000, 65.00000
474.00000, 62.00000
477.00000, 64.00000
478.00000, 65.00000
479.00000, 67.00000
480.00000, 69.00000
484.00000, 67.00000
486.00000, 71.00000
490.00000, 69.00000
494.00000, 68.00000
496.00000, 69.00000
500.00000, 65.00000
506.00000, 64.00000
508.00000, 62.00000
510.00000, 65.00000
514.00000, 64.00000
516.00000, 69.00000
522.00000, 71.00000
524.00000, 72.00000
528.00000, 69.00000
532.00000, 71.00000
536.00000, 69.00000
552.00000, 62.00000
556.00000, 69.00000
560.00000, 71.00000
566.00000, 67.00000
568.00000, 69.00000
570.00000, 72.00000
574.00000, 71.00000
575.00000, 69.00000
576.00000, 67.00000
584.00000, 67.00000
588.00000, 72.00000
592.00000, 71.00000
595.00000, 69.00000
596.00000, 67.00000
pattern15
occurrence1
280.00000, 62.00000
284.00000, 67.00000
290.00000, 69.00000
292.00000, 71.00000
294.00000, 72.00000
296.00000, 74.00000
298.00000, 71.00000
300.00000, 72.00000
308.00000, 71.00000
312.00000, 72.00000
318.00000, 71.00000
319.00000, 69.00000
320.00000, 72.00000
324.00000, 71.00000
330.00000, 69.00000
331.00000, 67.00000
332.00000, 71.00000
334.00000, 72.00000
336.00000, 74.00000
340.00000, 71.00000
342.00000, 72.00000
346.00000, 71.00000
347.00000, 69.00000
348.00000, 67.00000
350.00000, 72.00000
353.00000, 71.00000
354.00000, 69.00000
358.00000, 68.00000
360.00000, 69.00000
372.00000, 69.00000
376.00000, 71.00000
380.00000, 72.00000
386.00000, 71.00000
388.00000, 69.00000
390.00000, 67.00000
391.00000, 65.00000
392.00000, 67.00000
396.00000, 69.00000
400.00000, 67.00000
424.00000, 72.00000
430.00000, 71.00000
432.00000, 69.00000
434.00000, 72.00000
436.00000, 71.00000
438.00000, 67.00000
442.00000, 64.00000
445.00000, 65.00000
446.00000, 67.00000
448.00000, 69.00000
452.00000, 62.00000
460.00000, 67.00000
466.00000, 65.00000
468.00000, 64.00000
470.00000, 67.00000
472.00000, 65.00000
474.00000, 62.00000
477.00000, 64.00000
478.00000, 65.00000
479.00000, 67.00000
480.00000, 69.00000
484.00000, 67.00000
486.00000, 71.00000
490.00000, 69.00000
494.00000, 68.00000
496.00000, 69.00000
500.00000, 65.00000
506.00000, 64.00000
508.00000, 62.00000
510.00000, 65.00000
514.00000, 64.00000
occurrence2
592.00000, 71.00000
595.00000, 69.00000
596.00000, 67.00000
600.00000, 69.00000
610.00000, 67.00000
612.00000, 67.00000
614.00000, 67.00000
616.00000, 71.00000
620.00000, 74.00000
626.00000, 74.00000
628.00000, 74.00000
632.00000, 67.00000
638.00000, 69.00000
640.00000, 71.00000
644.00000, 67.00000
648.00000, 69.00000
658.00000, 67.00000
660.00000, 67.00000
662.00000, 67.00000
664.00000, 71.00000
668.00000, 74.00000
674.00000, 74.00000
676.00000, 74.00000
680.00000, 67.00000
686.00000, 69.00000
688.00000, 71.00000
691.00000, 72.00000
692.00000, 74.00000
694.00000, 71.00000
696.00000, 72.00000
700.00000, 69.00000
706.00000, 67.00000
708.00000, 69.00000
712.00000, 65.00000
718.00000, 62.00000
720.00000, 69.00000
724.00000, 71.00000
728.00000, 69.00000
756.00000, 69.00000
760.00000, 72.00000
764.00000, 71.00000
766.00000, 69.00000
770.00000, 67.00000
772.00000, 65.00000
776.00000, 64.00000
784.00000, 64.00000
788.00000, 62.00000
792.00000, 69.00000
798.00000, 69.00000
800.00000, 72.00000
804.00000, 72.00000
806.00000, 72.00000
808.00000, 72.00000
814.00000, 72.00000
816.00000, 74.00000
820.00000, 71.00000
822.00000, 74.00000
826.00000, 72.00000
pattern16
occurrence1
44.00000, 67.00000
48.00000, 69.00000
54.00000, 71.00000
56.00000, 72.00000
62.00000, 69.00000
64.00000, 72.00000
66.00000, 72.00000
68.00000, 71.00000
72.00000, 69.00000
78.00000, 67.00000
80.00000, 65.00000
82.00000, 62.00000
84.00000, 65.00000
86.00000, 67.00000
88.00000, 69.00000
94.00000, 71.00000
96.00000, 72.00000
98.00000, 74.00000
102.00000, 72.00000
104.00000, 71.00000
108.00000, 69.00000
114.00000, 67.00000
115.00000, 65.00000
occurrence2
259.00000, 71.00000
260.00000, 69.00000
268.00000, 65.00000
274.00000, 67.00000
276.00000, 69.00000
280.00000, 62.00000
284.00000, 67.00000
290.00000, 69.00000
292.00000, 71.00000
294.00000, 72.00000
296.00000, 74.00000
298.00000, 71.00000
300.00000, 72.00000
308.00000, 71.00000
312.00000, 72.00000
318.00000, 71.00000
319.00000, 69.00000
320.00000, 72.00000
324.00000, 71.00000
330.00000, 69.00000
occurrence3
260.00000, 69.00000
268.00000, 65.00000
274.00000, 67.00000
276.00000, 69.00000
280.00000, 62.00000
284.00000, 67.00000
290.00000, 69.00000
292.00000, 71.00000
294.00000, 72.00000
296.00000, 74.00000
298.00000, 71.00000
300.00000, 72.00000
308.00000, 71.00000
312.00000, 72.00000
318.00000, 71.00000
319.00000, 69.00000
320.00000, 72.00000
324.00000, 71.00000
330.00000, 69.00000
331.00000, 67.00000
occurrence4
319.00000, 69.00000
320.00000, 72.00000
324.00000, 71.00000
330.00000, 69.00000
331.00000, 67.00000
332.00000, 71.00000
334.00000, 72.00000
336.00000, 74.00000
340.00000, 71.00000
342.00000, 72.00000
346.00000, 71.00000
347.00000, 69.00000
348.00000, 67.00000
350.00000, 72.00000
353.00000, 71.00000
354.00000, 69.00000
358.00000, 68.00000
360.00000, 69.00000
372.00000, 69.00000
376.00000, 71.00000
380.00000, 72.00000
386.00000, 71.00000
388.00000, 69.00000
390.00000, 67.00000
occurrence5
620.00000, 74.00000
626.00000, 74.00000
628.00000, 74.00000
632.00000, 67.00000
638.00000, 69.00000
640.00000, 71.00000
644.00000, 67.00000
648.00000, 69.00000
658.00000, 67.00000
660.00000, 67.00000
662.00000, 67.00000
664.00000, 71.00000
668.00000, 74.00000
674.00000, 74.00000
676.00000, 74.00000
680.00000, 67.00000
686.00000, 69.00000
688.00000, 71.00000
691.00000, 72.00000
pattern17
occurrence1
32.00000, 64.00000
36.00000, 69.00000
42.00000, 67.00000
44.00000, 67.00000
48.00000, 69.00000
54.00000, 71.00000
56.00000, 72.00000
62.00000, 69.00000
64.00000, 72.00000
66.00000, 72.00000
68.00000, 71.00000
72.00000, 69.00000
78.00000, 67.00000
80.00000, 65.00000
82.00000, 62.00000
84.00000, 65.00000
86.00000, 67.00000
88.00000, 69.00000
94.00000, 71.00000
96.00000, 72.00000
98.00000, 74.00000
102.00000, 72.00000
104.00000, 71.00000
108.00000, 69.00000
114.00000, 67.00000
115.00000, 65.00000
116.00000, 64.00000
120.00000, 69.00000
126.00000, 67.00000
128.00000, 65.00000
130.00000, 64.00000
131.00000, 62.00000
132.00000, 64.00000
136.00000, 62.00000
142.00000, 67.00000
144.00000, 69.00000
147.00000, 71.00000
148.00000, 72.00000
152.00000, 71.00000
154.00000, 69.00000
158.00000, 67.00000
162.00000, 66.00000
163.00000, 64.00000
164.00000, 66.00000
168.00000, 67.00000
172.00000, 69.00000
176.00000, 65.00000
184.00000, 72.00000
190.00000, 72.00000
192.00000, 72.00000
196.00000, 72.00000
200.00000, 71.00000
206.00000, 71.00000
208.00000, 69.00000
212.00000, 74.00000
216.00000, 74.00000
218.00000, 74.00000
220.00000, 72.00000
224.00000, 69.00000
228.00000, 72.00000
234.00000, 71.00000
235.00000, 69.00000
236.00000, 67.00000
244.00000, 71.00000
250.00000, 72.00000
252.00000, 74.00000
258.00000, 72.00000
259.00000, 71.00000
260.00000, 69.00000
268.00000, 65.00000
274.00000, 67.00000
276.00000, 69.00000
280.00000, 62.00000
284.00000, 67.00000
290.00000, 69.00000
292.00000, 71.00000
294.00000, 72.00000
296.00000, 74.00000
298.00000, 71.00000
300.00000, 72.00000
308.00000, 71.00000
312.00000, 72.00000
318.00000, 71.00000
319.00000, 69.00000
320.00000, 72.00000
324.00000, 71.00000
330.00000, 69.00000
331.00000, 67.00000
332.00000, 71.00000
334.00000, 72.00000
336.00000, 74.00000
340.00000, 71.00000
342.00000, 72.00000
346.00000, 71.00000
347.00000, 69.00000
348.00000, 67.00000
350.00000, 72.00000
353.00000, 71.00000
354.00000, 69.00000
358.00000, 68.00000
360.00000, 69.00000
372.00000, 69.00000
376.00000, 71.00000
380.00000, 72.00000
386.00000, 71.00000
388.00000, 69.00000
390.00000, 67.00000
391.00000, 65.00000
392.00000, 67.00000
396.00000, 69.00000
400.00000, 67.00000
424.00000, 72.00000
430.00000, 71.00000
432.00000, 69.00000
434.00000, 72.00000
436.00000, 71.00000
438.00000, 67.00000
442.00000, 64.00000
445.00000, 65.00000
446.00000, 67.00000
448.00000, 69.00000
452.00000, 62.00000
460.00000, 67.00000
466.00000, 65.00000
468.00000, 64.00000
470.00000, 67.00000
472.00000, 65.00000
474.00000, 62.00000
477.00000, 64.00000
478.00000, 65.00000
479.00000, 67.00000
480.00000, 69.00000
484.00000, 67.00000
486.00000, 71.00000
490.00000, 69.00000
494.00000, 68.00000
496.00000, 69.00000
500.00000, 65.00000
506.00000, 64.00000
508.00000, 62.00000
510.00000, 65.00000
514.00000, 64.00000
516.00000, 69.00000
522.00000, 71.00000
524.00000, 72.00000
528.00000, 69.00000
532.00000, 71.00000
536.00000, 69.00000
552.00000, 62.00000
556.00000, 69.00000
560.00000, 71.00000
566.00000, 67.00000
568.00000, 69.00000
570.00000, 72.00000
574.00000, 71.00000
575.00000, 69.00000
576.00000, 67.00000
584.00000, 67.00000
588.00000, 72.00000
592.00000, 71.00000
595.00000, 69.00000
596.00000, 67.00000
600.00000, 69.00000
610.00000, 67.00000
612.00000, 67.00000
614.00000, 67.00000
616.00000, 71.00000
620.00000, 74.00000
626.00000, 74.00000
628.00000, 74.00000
632.00000, 67.00000
638.00000, 69.00000
640.00000, 71.00000
644.00000, 67.00000
648.00000, 69.00000
658.00000, 67.00000
660.00000, 67.00000
662.00000, 67.00000
664.00000, 71.00000
668.00000, 74.00000
674.00000, 74.00000
676.00000, 74.00000
680.00000, 67.00000
686.00000, 69.00000
688.00000, 71.00000
691.00000, 72.00000
692.00000, 74.00000
694.00000, 71.00000
696.00000, 72.00000
700.00000, 69.00000
706.00000, 67.00000
708.00000, 69.00000
712.00000, 65.00000
718.00000, 62.00000
720.00000, 69.00000
724.00000, 71.00000
728.00000, 69.00000
756.00000, 69.00000
760.00000, 72.00000
764.00000, 71.00000
766.00000, 69.00000
770.00000, 67.00000
772.00000, 65.00000
776.00000, 64.00000
784.00000, 64.00000
788.00000, 62.00000
792.00000, 69.00000
798.00000, 69.00000
800.00000, 72.00000
804.00000, 72.00000
806.00000, 72.00000
808.00000, 72.00000
814.00000, 72.00000
816.00000, 74.00000
820.00000, 71.00000
822.00000, 74.00000
826.00000, 72.00000
827.00000, 71.00000
828.00000, 69.00000
836.00000, 69.00000
840.00000, 72.00000
844.00000, 72.00000
846.00000, 72.00000
848.00000, 72.00000
854.00000, 72.00000
856.00000, 74.00000
860.00000, 71.00000
862.00000, 74.00000
866.00000, 72.00000
867.00000, 71.00000
868.00000, 69.00000
874.00000, 65.00000
878.00000, 67.00000
880.00000, 69.00000
882.00000, 65.00000
884.00000, 67.00000
890.00000, 64.00000
892.00000, 69.00000
898.00000, 68.00000
899.00000, 66.00000
900.00000, 68.00000
