pattern1
occurrence1
82.00000, 76.00000
86.00000, 74.00000
87.00000, 72.00000
88.00000, 71.00000
occurrence2
94.00000, 74.00000
98.00000, 72.00000
99.00000, 71.00000
100.00000, 69.00000
occurrence3
270.00000, 76.00000
274.00000, 74.00000
275.00000, 72.00000
276.00000, 71.00000
occurrence4
286.00000, 74.00000
290.00000, 72.00000
291.00000, 71.00000
292.00000, 69.00000
occurrence5
302.00000, 72.00000
306.00000, 71.00000
307.00000, 69.00000
308.00000, 67.00000
occurrence6
486.00000, 74.00000
490.00000, 72.00000
491.00000, 71.00000
492.00000, 69.00000
occurrence7
554.00000, 74.00000
555.00000, 72.00000
556.00000, 74.00000
558.00000, 72.00000
559.00000, 71.00000
560.00000, 69.00000
occurrence8
666.00000, 76.00000
670.00000, 74.00000
671.00000, 72.00000
672.00000, 71.00000
pattern2
occurrence1
252.00000, 76.00000
254.00000, 77.00000
257.00000, 76.00000
258.00000, 76.00000
262.00000, 74.00000
264.00000, 76.00000
occurrence2
262.00000, 74.00000
264.00000, 76.00000
268.00000, 74.00000
270.00000, 76.00000
274.00000, 74.00000
occurrence3
268.00000, 74.00000
270.00000, 76.00000
274.00000, 74.00000
275.00000, 72.00000
276.00000, 71.00000
280.00000, 74.00000
occurrence4
284.00000, 72.00000
286.00000, 74.00000
290.00000, 72.00000
291.00000, 71.00000
292.00000, 69.00000
296.00000, 72.00000
occurrence5
308.00000, 67.00000
310.00000, 69.00000
313.00000, 67.00000
314.00000, 67.00000
318.00000, 66.00000
320.00000, 67.00000
occurrence6
602.00000, 71.00000
604.00000, 72.00000
608.00000, 71.00000
610.00000, 74.00000
613.00000, 72.00000
614.00000, 71.00000
occurrence7
634.00000, 76.00000
636.00000, 77.00000
640.00000, 76.00000
642.00000, 79.00000
645.00000, 77.00000
646.00000, 76.00000
occurrence8
664.00000, 74.00000
666.00000, 76.00000
670.00000, 74.00000
671.00000, 72.00000
672.00000, 71.00000
675.00000, 72.00000
676.00000, 74.00000
pattern3
occurrence1
91.00000, 69.00000
92.00000, 71.00000
93.00000, 72.00000
94.00000, 74.00000
occurrence2
447.00000, 69.00000
448.00000, 71.00000
449.00000, 72.00000
450.00000, 74.00000
occurrence3
499.00000, 69.00000
500.00000, 71.00000
501.00000, 72.00000
502.00000, 74.00000
occurrence4
500.00000, 71.00000
501.00000, 72.00000
502.00000, 74.00000
503.00000, 76.00000
occurrence5
563.00000, 71.00000
564.00000, 72.00000
565.00000, 74.00000
566.00000, 76.00000
occurrence6
681.00000, 69.00000
682.00000, 71.00000
683.00000, 72.00000
684.00000, 74.00000
occurrence7
691.00000, 71.00000
692.00000, 72.00000
693.00000, 74.00000
694.00000, 76.00000
pattern4
occurrence1
78.00000, 79.00000
81.00000, 77.00000
82.00000, 76.00000
86.00000, 74.00000
87.00000, 72.00000
occurrence2
550.00000, 77.00000
553.00000, 76.00000
554.00000, 74.00000
555.00000, 72.00000
556.00000, 74.00000
558.00000, 72.00000
559.00000, 71.00000
occurrence3
610.00000, 74.00000
613.00000, 72.00000
614.00000, 71.00000
618.00000, 69.00000
619.00000, 67.00000
occurrence4
642.00000, 79.00000
645.00000, 77.00000
646.00000, 76.00000
650.00000, 74.00000
651.00000, 72.00000
pattern5
occurrence1
0.00000, 67.00000
4.00000, 72.00000
12.00000, 72.00000
16.00000, 74.00000
20.00000, 76.00000
24.00000, 72.00000
36.00000, 72.00000
40.00000, 72.00000
46.00000, 71.00000
48.00000, 69.00000
52.00000, 67.00000
56.00000, 72.00000
64.00000, 74.00000
66.00000, 76.00000
68.00000, 77.00000
72.00000, 76.00000
76.00000, 72.00000
78.00000, 79.00000
81.00000, 77.00000
82.00000, 76.00000
86.00000, 74.00000
87.00000, 72.00000
88.00000, 71.00000
91.00000, 69.00000
92.00000, 71.00000
93.00000, 72.00000
94.00000, 74.00000
98.00000, 72.00000
99.00000, 71.00000
100.00000, 69.00000
104.00000, 67.00000
196.00000, 67.00000
200.00000, 72.00000
206.00000, 71.00000
208.00000, 72.00000
212.00000, 74.00000
218.00000, 71.00000
222.00000, 69.00000
223.00000, 67.00000
224.00000, 67.00000
234.00000, 72.00000
236.00000, 74.00000
240.00000, 76.00000
246.00000, 74.00000
247.00000, 72.00000
248.00000, 77.00000
252.00000, 76.00000
254.00000, 77.00000
257.00000, 76.00000
258.00000, 76.00000
262.00000, 74.00000
264.00000, 76.00000
268.00000, 74.00000
270.00000, 76.00000
274.00000, 74.00000
275.00000, 72.00000
276.00000, 71.00000
280.00000, 74.00000
284.00000, 72.00000
286.00000, 74.00000
290.00000, 72.00000
291.00000, 71.00000
292.00000, 69.00000
296.00000, 72.00000
300.00000, 71.00000
302.00000, 72.00000
306.00000, 71.00000
307.00000, 69.00000
308.00000, 67.00000
310.00000, 69.00000
313.00000, 67.00000
occurrence2
72.00000, 76.00000
76.00000, 72.00000
78.00000, 79.00000
81.00000, 77.00000
82.00000, 76.00000
86.00000, 74.00000
87.00000, 72.00000
88.00000, 71.00000
91.00000, 69.00000
92.00000, 71.00000
93.00000, 72.00000
94.00000, 74.00000
98.00000, 72.00000
99.00000, 71.00000
100.00000, 69.00000
104.00000, 67.00000
196.00000, 67.00000
200.00000, 72.00000
206.00000, 71.00000
208.00000, 72.00000
212.00000, 74.00000
218.00000, 71.00000
222.00000, 69.00000
223.00000, 67.00000
224.00000, 67.00000
234.00000, 72.00000
236.00000, 74.00000
240.00000, 76.00000
246.00000, 74.00000
247.00000, 72.00000
248.00000, 77.00000
252.00000, 76.00000
254.00000, 77.00000
257.00000, 76.00000
258.00000, 76.00000
262.00000, 74.00000
264.00000, 76.00000
268.00000, 74.00000
270.00000, 76.00000
274.00000, 74.00000
275.00000, 72.00000
276.00000, 71.00000
280.00000, 74.00000
284.00000, 72.00000
286.00000, 74.00000
290.00000, 72.00000
291.00000, 71.00000
292.00000, 69.00000
296.00000, 72.00000
300.00000, 71.00000
302.00000, 72.00000
306.00000, 71.00000
307.00000, 69.00000
308.00000, 67.00000
310.00000, 69.00000
313.00000, 67.00000
314.00000, 67.00000
318.00000, 66.00000
320.00000, 67.00000
342.00000, 67.00000
344.00000, 69.00000
348.00000, 71.00000
352.00000, 72.00000
356.00000, 69.00000
358.00000, 71.00000
362.00000, 72.00000
366.00000, 74.00000
370.00000, 71.00000
372.00000, 72.00000
376.00000, 74.00000
380.00000, 76.00000
382.00000, 77.00000
385.00000, 76.00000
occurrence3
240.00000, 76.00000
246.00000, 74.00000
247.00000, 72.00000
248.00000, 77.00000
252.00000, 76.00000
254.00000, 77.00000
257.00000, 76.00000
258.00000, 76.00000
262.00000, 74.00000
264.00000, 76.00000
268.00000, 74.00000
270.00000, 76.00000
274.00000, 74.00000
275.00000, 72.00000
276.00000, 71.00000
280.00000, 74.00000
284.00000, 72.00000
286.00000, 74.00000
290.00000, 72.00000
291.00000, 71.00000
292.00000, 69.00000
296.00000, 72.00000
300.00000, 71.00000
302.00000, 72.00000
306.00000, 71.00000
307.00000, 69.00000
308.00000, 67.00000
310.00000, 69.00000
313.00000, 67.00000
314.00000, 67.00000
318.00000, 66.00000
320.00000, 67.00000
342.00000, 67.00000
344.00000, 69.00000
348.00000, 71.00000
352.00000, 72.00000
356.00000, 69.00000
358.00000, 71.00000
362.00000, 72.00000
366.00000, 74.00000
370.00000, 71.00000
372.00000, 72.00000
376.00000, 74.00000
380.00000, 76.00000
382.00000, 77.00000
385.00000, 76.00000
386.00000, 74.00000
387.00000, 72.00000
388.00000, 74.00000
389.00000, 71.00000
390.00000, 76.00000
393.00000, 74.00000
394.00000, 72.00000
398.00000, 71.00000
400.00000, 72.00000
436.00000, 67.00000
439.00000, 69.00000
440.00000, 71.00000
442.00000, 72.00000
446.00000, 71.00000
447.00000, 69.00000
448.00000, 71.00000
449.00000, 72.00000
450.00000, 74.00000
454.00000, 73.00000
456.00000, 74.00000
464.00000, 76.00000
470.00000, 74.00000
471.00000, 72.00000
472.00000, 74.00000
474.00000, 76.00000
476.00000, 77.00000
482.00000, 76.00000
483.00000, 74.00000
484.00000, 76.00000
486.00000, 74.00000
490.00000, 72.00000
491.00000, 71.00000
492.00000, 69.00000
496.00000, 67.00000
499.00000, 69.00000
500.00000, 71.00000
501.00000, 72.00000
502.00000, 74.00000
503.00000, 76.00000
504.00000, 74.00000
505.00000, 72.00000
506.00000, 72.00000
510.00000, 71.00000
512.00000, 72.00000
532.00000, 72.00000
536.00000, 77.00000
540.00000, 77.00000
544.00000, 76.00000
547.00000, 74.00000
548.00000, 76.00000
550.00000, 77.00000
553.00000, 76.00000
occurrence4
376.00000, 74.00000
380.00000, 76.00000
382.00000, 77.00000
385.00000, 76.00000
386.00000, 74.00000
387.00000, 72.00000
388.00000, 74.00000
389.00000, 71.00000
390.00000, 76.00000
393.00000, 74.00000
394.00000, 72.00000
398.00000, 71.00000
400.00000, 72.00000
436.00000, 67.00000
439.00000, 69.00000
440.00000, 71.00000
442.00000, 72.00000
446.00000, 71.00000
447.00000, 69.00000
448.00000, 71.00000
449.00000, 72.00000
450.00000, 74.00000
454.00000, 73.00000
456.00000, 74.00000
464.00000, 76.00000
470.00000, 74.00000
471.00000, 72.00000
472.00000, 74.00000
474.00000, 76.00000
476.00000, 77.00000
482.00000, 76.00000
483.00000, 74.00000
484.00000, 76.00000
486.00000, 74.00000
490.00000, 72.00000
491.00000, 71.00000
492.00000, 69.00000
496.00000, 67.00000
499.00000, 69.00000
500.00000, 71.00000
501.00000, 72.00000
502.00000, 74.00000
503.00000, 76.00000
504.00000, 74.00000
505.00000, 72.00000
506.00000, 72.00000
510.00000, 71.00000
512.00000, 72.00000
532.00000, 72.00000
536.00000, 77.00000
540.00000, 77.00000
544.00000, 76.00000
547.00000, 74.00000
548.00000, 76.00000
550.00000, 77.00000
553.00000, 76.00000
554.00000, 74.00000
555.00000, 72.00000
556.00000, 74.00000
558.00000, 72.00000
559.00000, 71.00000
560.00000, 69.00000
563.00000, 71.00000
564.00000, 72.00000
565.00000, 74.00000
566.00000, 76.00000
570.00000, 74.00000
571.00000, 72.00000
572.00000, 74.00000
574.00000, 76.00000
576.00000, 77.00000
579.00000, 76.00000
580.00000, 72.00000
581.00000, 74.00000
582.00000, 76.00000
585.00000, 74.00000
586.00000, 74.00000
590.00000, 73.00000
592.00000, 74.00000
598.00000, 74.00000
602.00000, 71.00000
604.00000, 72.00000
608.00000, 71.00000
610.00000, 74.00000
613.00000, 72.00000
614.00000, 71.00000
618.00000, 69.00000
619.00000, 67.00000
620.00000, 69.00000
624.00000, 67.00000
630.00000, 79.00000
634.00000, 76.00000
636.00000, 77.00000
640.00000, 76.00000
642.00000, 79.00000
645.00000, 77.00000
646.00000, 76.00000
650.00000, 74.00000
651.00000, 72.00000
652.00000, 74.00000
656.00000, 72.00000
658.00000, 77.00000
661.00000, 76.00000
662.00000, 74.00000
663.00000, 72.00000
664.00000, 74.00000
666.00000, 76.00000
670.00000, 74.00000
671.00000, 72.00000
672.00000, 71.00000
675.00000, 72.00000
676.00000, 74.00000
678.00000, 67.00000
681.00000, 69.00000
682.00000, 71.00000
683.00000, 72.00000
684.00000, 74.00000
686.00000, 76.00000
689.00000, 74.00000
pattern6
occurrence1
576.00000, 77.00000
579.00000, 76.00000
580.00000, 72.00000
581.00000, 74.00000
582.00000, 76.00000
585.00000, 74.00000
586.00000, 74.00000
occurrence2
614.00000, 71.00000
618.00000, 69.00000
619.00000, 67.00000
620.00000, 69.00000
624.00000, 67.00000
occurrence3
646.00000, 76.00000
650.00000, 74.00000
651.00000, 72.00000
652.00000, 74.00000
656.00000, 72.00000
pattern7
occurrence1
100.00000, 69.00000
104.00000, 67.00000
196.00000, 67.00000
200.00000, 72.00000
206.00000, 71.00000
208.00000, 72.00000
212.00000, 74.00000
218.00000, 71.00000
222.00000, 69.00000
223.00000, 67.00000
occurrence2
270.00000, 76.00000
274.00000, 74.00000
275.00000, 72.00000
276.00000, 71.00000
280.00000, 74.00000
284.00000, 72.00000
286.00000, 74.00000
290.00000, 72.00000
291.00000, 71.00000
292.00000, 69.00000
296.00000, 72.00000
300.00000, 71.00000
302.00000, 72.00000
306.00000, 71.00000
307.00000, 69.00000
308.00000, 67.00000
310.00000, 69.00000
313.00000, 67.00000
314.00000, 67.00000
318.00000, 66.00000
320.00000, 67.00000
342.00000, 67.00000
344.00000, 69.00000
348.00000, 71.00000
352.00000, 72.00000
356.00000, 69.00000
358.00000, 71.00000
362.00000, 72.00000
366.00000, 74.00000
370.00000, 71.00000
372.00000, 72.00000
376.00000, 74.00000
380.00000, 76.00000
382.00000, 77.00000
385.00000, 76.00000
386.00000, 74.00000
387.00000, 72.00000
388.00000, 74.00000
389.00000, 71.00000
390.00000, 76.00000
393.00000, 74.00000
occurrence3
566.00000, 76.00000
570.00000, 74.00000
571.00000, 72.00000
572.00000, 74.00000
574.00000, 76.00000
576.00000, 77.00000
579.00000, 76.00000
580.00000, 72.00000
581.00000, 74.00000
582.00000, 76.00000
585.00000, 74.00000
586.00000, 74.00000
590.00000, 73.00000
592.00000, 74.00000
598.00000, 74.00000
602.00000, 71.00000
604.00000, 72.00000
608.00000, 71.00000
610.00000, 74.00000
613.00000, 72.00000
614.00000, 71.00000
618.00000, 69.00000
619.00000, 67.00000
620.00000, 69.00000
624.00000, 67.00000
630.00000, 79.00000
634.00000, 76.00000
636.00000, 77.00000
640.00000, 76.00000
642.00000, 79.00000
645.00000, 77.00000
646.00000, 76.00000
650.00000, 74.00000
651.00000, 72.00000
652.00000, 74.00000
656.00000, 72.00000
658.00000, 77.00000
661.00000, 76.00000
662.00000, 74.00000
663.00000, 72.00000
664.00000, 74.00000
666.00000, 76.00000
670.00000, 74.00000
671.00000, 72.00000
672.00000, 71.00000
675.00000, 72.00000
676.00000, 74.00000
678.00000, 67.00000
681.00000, 69.00000
682.00000, 71.00000
683.00000, 72.00000
684.00000, 74.00000
686.00000, 76.00000
689.00000, 74.00000
pattern8
occurrence1
64.00000, 74.00000
66.00000, 76.00000
68.00000, 77.00000
72.00000, 76.00000
76.00000, 72.00000
78.00000, 79.00000
81.00000, 77.00000
82.00000, 76.00000
86.00000, 74.00000
87.00000, 72.00000
88.00000, 71.00000
91.00000, 69.00000
92.00000, 71.00000
93.00000, 72.00000
94.00000, 74.00000
98.00000, 72.00000
99.00000, 71.00000
100.00000, 69.00000
104.00000, 67.00000
196.00000, 67.00000
200.00000, 72.00000
206.00000, 71.00000
occurrence2
252.00000, 76.00000
254.00000, 77.00000
257.00000, 76.00000
258.00000, 76.00000
262.00000, 74.00000
264.00000, 76.00000
268.00000, 74.00000
270.00000, 76.00000
274.00000, 74.00000
275.00000, 72.00000
276.00000, 71.00000
280.00000, 74.00000
284.00000, 72.00000
286.00000, 74.00000
290.00000, 72.00000
291.00000, 71.00000
292.00000, 69.00000
296.00000, 72.00000
300.00000, 71.00000
302.00000, 72.00000
306.00000, 71.00000
307.00000, 69.00000
308.00000, 67.00000
310.00000, 69.00000
313.00000, 67.00000
314.00000, 67.00000
318.00000, 66.00000
320.00000, 67.00000
342.00000, 67.00000
344.00000, 69.00000
348.00000, 71.00000
352.00000, 72.00000
356.00000, 69.00000
358.00000, 71.00000
362.00000, 72.00000
366.00000, 74.00000
370.00000, 71.00000
372.00000, 72.00000
376.00000, 74.00000
380.00000, 76.00000
382.00000, 77.00000
385.00000, 76.00000
386.00000, 74.00000
387.00000, 72.00000
388.00000, 74.00000
389.00000, 71.00000
390.00000, 76.00000
393.00000, 74.00000
394.00000, 72.00000
occurrence3
548.00000, 76.00000
550.00000, 77.00000
553.00000, 76.00000
554.00000, 74.00000
555.00000, 72.00000
556.00000, 74.00000
558.00000, 72.00000
559.00000, 71.00000
560.00000, 69.00000
563.00000, 71.00000
564.00000, 72.00000
565.00000, 74.00000
566.00000, 76.00000
570.00000, 74.00000
571.00000, 72.00000
572.00000, 74.00000
574.00000, 76.00000
576.00000, 77.00000
579.00000, 76.00000
580.00000, 72.00000
581.00000, 74.00000
582.00000, 76.00000
585.00000, 74.00000
586.00000, 74.00000
590.00000, 73.00000
592.00000, 74.00000
598.00000, 74.00000
602.00000, 71.00000
604.00000, 72.00000
608.00000, 71.00000
610.00000, 74.00000
613.00000, 72.00000
614.00000, 71.00000
618.00000, 69.00000
619.00000, 67.00000
620.00000, 69.00000
624.00000, 67.00000
630.00000, 79.00000
634.00000, 76.00000
636.00000, 77.00000
640.00000, 76.00000
642.00000, 79.00000
645.00000, 77.00000
646.00000, 76.00000
650.00000, 74.00000
651.00000, 72.00000
652.00000, 74.00000
656.00000, 72.00000
658.00000, 77.00000
661.00000, 76.00000
662.00000, 74.00000
663.00000, 72.00000
664.00000, 74.00000
666.00000, 76.00000
670.00000, 74.00000
671.00000, 72.00000
672.00000, 71.00000
675.00000, 72.00000
676.00000, 74.00000
678.00000, 67.00000
681.00000, 69.00000
682.00000, 71.00000
683.00000, 72.00000
684.00000, 74.00000
686.00000, 76.00000
689.00000, 74.00000
690.00000, 72.00000
pattern9
occurrence1
348.00000, 71.00000
352.00000, 72.00000
356.00000, 69.00000
358.00000, 71.00000
362.00000, 72.00000
366.00000, 74.00000
370.00000, 71.00000
372.00000, 72.00000
376.00000, 74.00000
380.00000, 76.00000
382.00000, 77.00000
385.00000, 76.00000
386.00000, 74.00000
387.00000, 72.00000
388.00000, 74.00000
389.00000, 71.00000
390.00000, 76.00000
393.00000, 74.00000
394.00000, 72.00000
398.00000, 71.00000
400.00000, 72.00000
436.00000, 67.00000
439.00000, 69.00000
440.00000, 71.00000
442.00000, 72.00000
446.00000, 71.00000
447.00000, 69.00000
448.00000, 71.00000
449.00000, 72.00000
450.00000, 74.00000
454.00000, 73.00000
456.00000, 74.00000
464.00000, 76.00000
470.00000, 74.00000
471.00000, 72.00000
472.00000, 74.00000
474.00000, 76.00000
476.00000, 77.00000
482.00000, 76.00000
483.00000, 74.00000
484.00000, 76.00000
486.00000, 74.00000
490.00000, 72.00000
491.00000, 71.00000
492.00000, 69.00000
496.00000, 67.00000
499.00000, 69.00000
500.00000, 71.00000
501.00000, 72.00000
502.00000, 74.00000
503.00000, 76.00000
504.00000, 74.00000
505.00000, 72.00000
506.00000, 72.00000
510.00000, 71.00000
512.00000, 72.00000
532.00000, 72.00000
536.00000, 77.00000
540.00000, 77.00000
544.00000, 76.00000
547.00000, 74.00000
548.00000, 76.00000
550.00000, 77.00000
553.00000, 76.00000
554.00000, 74.00000
555.00000, 72.00000
556.00000, 74.00000
558.00000, 72.00000
559.00000, 71.00000
560.00000, 69.00000
occurrence2
380.00000, 76.00000
382.00000, 77.00000
385.00000, 76.00000
386.00000, 74.00000
387.00000, 72.00000
388.00000, 74.00000
389.00000, 71.00000
390.00000, 76.00000
393.00000, 74.00000
394.00000, 72.00000
398.00000, 71.00000
400.00000, 72.00000
436.00000, 67.00000
439.00000, 69.00000
440.00000, 71.00000
442.00000, 72.00000
446.00000, 71.00000
447.00000, 69.00000
448.00000, 71.00000
449.00000, 72.00000
450.00000, 74.00000
454.00000, 73.00000
456.00000, 74.00000
464.00000, 76.00000
470.00000, 74.00000
471.00000, 72.00000
472.00000, 74.00000
474.00000, 76.00000
476.00000, 77.00000
482.00000, 76.00000
483.00000, 74.00000
484.00000, 76.00000
486.00000, 74.00000
490.00000, 72.00000
491.00000, 71.00000
492.00000, 69.00000
496.00000, 67.00000
499.00000, 69.00000
500.00000, 71.00000
501.00000, 72.00000
502.00000, 74.00000
503.00000, 76.00000
504.00000, 74.00000
505.00000, 72.00000
506.00000, 72.00000
510.00000, 71.00000
512.00000, 72.00000
532.00000, 72.00000
536.00000, 77.00000
540.00000, 77.00000
544.00000, 76.00000
547.00000, 74.00000
548.00000, 76.00000
550.00000, 77.00000
553.00000, 76.00000
554.00000, 74.00000
555.00000, 72.00000
556.00000, 74.00000
558.00000, 72.00000
559.00000, 71.00000
560.00000, 69.00000
563.00000, 71.00000
564.00000, 72.00000
565.00000, 74.00000
566.00000, 76.00000
570.00000, 74.00000
571.00000, 72.00000
572.00000, 74.00000
574.00000, 76.00000
576.00000, 77.00000
579.00000, 76.00000
580.00000, 72.00000
581.00000, 74.00000
582.00000, 76.00000
585.00000, 74.00000
586.00000, 74.00000
590.00000, 73.00000
592.00000, 74.00000
occurrence3
464.00000, 76.00000
470.00000, 74.00000
471.00000, 72.00000
472.00000, 74.00000
474.00000, 76.00000
476.00000, 77.00000
482.00000, 76.00000
483.00000, 74.00000
484.00000, 76.00000
486.00000, 74.00000
490.00000, 72.00000
491.00000, 71.00000
492.00000, 69.00000
496.00000, 67.00000
499.00000, 69.00000
500.00000, 71.00000
501.00000, 72.00000
502.00000, 74.00000
503.00000, 76.00000
504.00000, 74.00000
505.00000, 72.00000
506.00000, 72.00000
510.00000, 71.00000
512.00000, 72.00000
532.00000, 72.00000
536.00000, 77.00000
540.00000, 77.00000
544.00000, 76.00000
547.00000, 74.00000
548.00000, 76.00000
550.00000, 77.00000
553.00000, 76.00000
554.00000, 74.00000
555.00000, 72.00000
556.00000, 74.00000
558.00000, 72.00000
559.00000, 71.00000
560.00000, 69.00000
563.00000, 71.00000
564.00000, 72.00000
565.00000, 74.00000
566.00000, 76.00000
570.00000, 74.00000
571.00000, 72.00000
572.00000, 74.00000
574.00000, 76.00000
576.00000, 77.00000
579.00000, 76.00000
580.00000, 72.00000
581.00000, 74.00000
582.00000, 76.00000
585.00000, 74.00000
586.00000, 74.00000
590.00000, 73.00000
592.00000, 74.00000
598.00000, 74.00000
602.00000, 71.00000
604.00000, 72.00000
608.00000, 71.00000
610.00000, 74.00000
613.00000, 72.00000
614.00000, 71.00000
618.00000, 69.00000
619.00000, 67.00000
620.00000, 69.00000
624.00000, 67.00000
630.00000, 79.00000
634.00000, 76.00000
636.00000, 77.00000
640.00000, 76.00000
642.00000, 79.00000
645.00000, 77.00000
646.00000, 76.00000
650.00000, 74.00000
651.00000, 72.00000
652.00000, 74.00000
656.00000, 72.00000
658.00000, 77.00000
661.00000, 76.00000
662.00000, 74.00000
663.00000, 72.00000
664.00000, 74.00000
666.00000, 76.00000
670.00000, 74.00000
671.00000, 72.00000
672.00000, 71.00000
675.00000, 72.00000
676.00000, 74.00000
pattern10
occurrence1
218.00000, 71.00000
222.00000, 69.00000
223.00000, 67.00000
224.00000, 67.00000
234.00000, 72.00000
236.00000, 74.00000
240.00000, 76.00000
246.00000, 74.00000
247.00000, 72.00000
248.00000, 77.00000
252.00000, 76.00000
254.00000, 77.00000
257.00000, 76.00000
258.00000, 76.00000
262.00000, 74.00000
264.00000, 76.00000
268.00000, 74.00000
270.00000, 76.00000
274.00000, 74.00000
275.00000, 72.00000
276.00000, 71.00000
280.00000, 74.00000
284.00000, 72.00000
286.00000, 74.00000
290.00000, 72.00000
291.00000, 71.00000
292.00000, 69.00000
296.00000, 72.00000
300.00000, 71.00000
302.00000, 72.00000
306.00000, 71.00000
307.00000, 69.00000
308.00000, 67.00000
310.00000, 69.00000
313.00000, 67.00000
314.00000, 67.00000
318.00000, 66.00000
320.00000, 67.00000
342.00000, 67.00000
344.00000, 69.00000
348.00000, 71.00000
352.00000, 72.00000
356.00000, 69.00000
358.00000, 71.00000
occurrence2
236.00000, 74.00000
240.00000, 76.00000
246.00000, 74.00000
247.00000, 72.00000
248.00000, 77.00000
252.00000, 76.00000
254.00000, 77.00000
257.00000, 76.00000
258.00000, 76.00000
262.00000, 74.00000
264.00000, 76.00000
268.00000, 74.00000
270.00000, 76.00000
274.00000, 74.00000
275.00000, 72.00000
276.00000, 71.00000
280.00000, 74.00000
284.00000, 72.00000
286.00000, 74.00000
290.00000, 72.00000
291.00000, 71.00000
292.00000, 69.00000
296.00000, 72.00000
300.00000, 71.00000
302.00000, 72.00000
306.00000, 71.00000
307.00000, 69.00000
308.00000, 67.00000
310.00000, 69.00000
313.00000, 67.00000
314.00000, 67.00000
318.00000, 66.00000
320.00000, 67.00000
342.00000, 67.00000
344.00000, 69.00000
348.00000, 71.00000
352.00000, 72.00000
356.00000, 69.00000
358.00000, 71.00000
362.00000, 72.00000
366.00000, 74.00000
370.00000, 71.00000
372.00000, 72.00000
376.00000, 74.00000
occurrence3
240.00000, 76.00000
246.00000, 74.00000
247.00000, 72.00000
248.00000, 77.00000
252.00000, 76.00000
254.00000, 77.00000
257.00000, 76.00000
258.00000, 76.00000
262.00000, 74.00000
264.00000, 76.00000
268.00000, 74.00000
270.00000, 76.00000
274.00000, 74.00000
275.00000, 72.00000
276.00000, 71.00000
280.00000, 74.00000
284.00000, 72.00000
286.00000, 74.00000
290.00000, 72.00000
291.00000, 71.00000
292.00000, 69.00000
296.00000, 72.00000
300.00000, 71.00000
302.00000, 72.00000
306.00000, 71.00000
307.00000, 69.00000
308.00000, 67.00000
310.00000, 69.00000
313.00000, 67.00000
314.00000, 67.00000
318.00000, 66.00000
320.00000, 67.00000
342.00000, 67.00000
344.00000, 69.00000
348.00000, 71.00000
352.00000, 72.00000
356.00000, 69.00000
358.00000, 71.00000
362.00000, 72.00000
366.00000, 74.00000
370.00000, 71.00000
372.00000, 72.00000
376.00000, 74.00000
380.00000, 76.00000
occurrence4
246.00000, 74.00000
247.00000, 72.00000
248.00000, 77.00000
252.00000, 76.00000
254.00000, 77.00000
257.00000, 76.00000
258.00000, 76.00000
262.00000, 74.00000
264.00000, 76.00000
268.00000, 74.00000
270.00000, 76.00000
274.00000, 74.00000
275.00000, 72.00000
276.00000, 71.00000
280.00000, 74.00000
284.00000, 72.00000
286.00000, 74.00000
290.00000, 72.00000
291.00000, 71.00000
292.00000, 69.00000
296.00000, 72.00000
300.00000, 71.00000
302.00000, 72.00000
306.00000, 71.00000
307.00000, 69.00000
308.00000, 67.00000
310.00000, 69.00000
313.00000, 67.00000
314.00000, 67.00000
318.00000, 66.00000
320.00000, 67.00000
342.00000, 67.00000
344.00000, 69.00000
348.00000, 71.00000
352.00000, 72.00000
356.00000, 69.00000
358.00000, 71.00000
362.00000, 72.00000
366.00000, 74.00000
370.00000, 71.00000
372.00000, 72.00000
376.00000, 74.00000
380.00000, 76.00000
382.00000, 77.00000
385.00000, 76.00000
386.00000, 74.00000
occurrence5
247.00000, 72.00000
248.00000, 77.00000
252.00000, 76.00000
254.00000, 77.00000
257.00000, 76.00000
258.00000, 76.00000
262.00000, 74.00000
264.00000, 76.00000
268.00000, 74.00000
270.00000, 76.00000
274.00000, 74.00000
275.00000, 72.00000
276.00000, 71.00000
280.00000, 74.00000
284.00000, 72.00000
286.00000, 74.00000
290.00000, 72.00000
291.00000, 71.00000
292.00000, 69.00000
296.00000, 72.00000
300.00000, 71.00000
302.00000, 72.00000
306.00000, 71.00000
307.00000, 69.00000
308.00000, 67.00000
310.00000, 69.00000
313.00000, 67.00000
314.00000, 67.00000
318.00000, 66.00000
320.00000, 67.00000
342.00000, 67.00000
344.00000, 69.00000
348.00000, 71.00000
352.00000, 72.00000
356.00000, 69.00000
358.00000, 71.00000
362.00000, 72.00000
366.00000, 74.00000
370.00000, 71.00000
372.00000, 72.00000
376.00000, 74.00000
380.00000, 76.00000
382.00000, 77.00000
385.00000, 76.00000
386.00000, 74.00000
387.00000, 72.00000
occurrence6
300.00000, 71.00000
302.00000, 72.00000
306.00000, 71.00000
307.00000, 69.00000
308.00000, 67.00000
310.00000, 69.00000
313.00000, 67.00000
314.00000, 67.00000
318.00000, 66.00000
320.00000, 67.00000
342.00000, 67.00000
344.00000, 69.00000
348.00000, 71.00000
352.00000, 72.00000
356.00000, 69.00000
358.00000, 71.00000
362.00000, 72.00000
366.00000, 74.00000
370.00000, 71.00000
372.00000, 72.00000
376.00000, 74.00000
380.00000, 76.00000
382.00000, 77.00000
385.00000, 76.00000
386.00000, 74.00000
387.00000, 72.00000
388.00000, 74.00000
389.00000, 71.00000
390.00000, 76.00000
393.00000, 74.00000
394.00000, 72.00000
398.00000, 71.00000
400.00000, 72.00000
436.00000, 67.00000
439.00000, 69.00000
440.00000, 71.00000
occurrence7
302.00000, 72.00000
306.00000, 71.00000
307.00000, 69.00000
308.00000, 67.00000
310.00000, 69.00000
313.00000, 67.00000
314.00000, 67.00000
318.00000, 66.00000
320.00000, 67.00000
342.00000, 67.00000
344.00000, 69.00000
348.00000, 71.00000
352.00000, 72.00000
356.00000, 69.00000
358.00000, 71.00000
362.00000, 72.00000
366.00000, 74.00000
370.00000, 71.00000
372.00000, 72.00000
376.00000, 74.00000
380.00000, 76.00000
382.00000, 77.00000
385.00000, 76.00000
386.00000, 74.00000
387.00000, 72.00000
388.00000, 74.00000
389.00000, 71.00000
390.00000, 76.00000
393.00000, 74.00000
394.00000, 72.00000
398.00000, 71.00000
400.00000, 72.00000
436.00000, 67.00000
439.00000, 69.00000
440.00000, 71.00000
442.00000, 72.00000
occurrence8
306.00000, 71.00000
307.00000, 69.00000
308.00000, 67.00000
310.00000, 69.00000
313.00000, 67.00000
314.00000, 67.00000
318.00000, 66.00000
320.00000, 67.00000
342.00000, 67.00000
344.00000, 69.00000
348.00000, 71.00000
352.00000, 72.00000
356.00000, 69.00000
358.00000, 71.00000
362.00000, 72.00000
366.00000, 74.00000
370.00000, 71.00000
372.00000, 72.00000
376.00000, 74.00000
380.00000, 76.00000
382.00000, 77.00000
385.00000, 76.00000
386.00000, 74.00000
387.00000, 72.00000
388.00000, 74.00000
389.00000, 71.00000
390.00000, 76.00000
393.00000, 74.00000
394.00000, 72.00000
398.00000, 71.00000
400.00000, 72.00000
436.00000, 67.00000
439.00000, 69.00000
440.00000, 71.00000
442.00000, 72.00000
446.00000, 71.00000
occurrence9
307.00000, 69.00000
308.00000, 67.00000
310.00000, 69.00000
313.00000, 67.00000
314.00000, 67.00000
318.00000, 66.00000
320.00000, 67.00000
342.00000, 67.00000
344.00000, 69.00000
348.00000, 71.00000
352.00000, 72.00000
356.00000, 69.00000
358.00000, 71.00000
362.00000, 72.00000
366.00000, 74.00000
370.00000, 71.00000
372.00000, 72.00000
376.00000, 74.00000
380.00000, 76.00000
382.00000, 77.00000
385.00000, 76.00000
386.00000, 74.00000
387.00000, 72.00000
388.00000, 74.00000
389.00000, 71.00000
390.00000, 76.00000
393.00000, 74.00000
394.00000, 72.00000
398.00000, 71.00000
400.00000, 72.00000
436.00000, 67.00000
439.00000, 69.00000
440.00000, 71.00000
442.00000, 72.00000
446.00000, 71.00000
447.00000, 69.00000
occurrence10
370.00000, 71.00000
372.00000, 72.00000
376.00000, 74.00000
380.00000, 76.00000
382.00000, 77.00000
385.00000, 76.00000
386.00000, 74.00000
387.00000, 72.00000
388.00000, 74.00000
389.00000, 71.00000
390.00000, 76.00000
393.00000, 74.00000
394.00000, 72.00000
398.00000, 71.00000
400.00000, 72.00000
436.00000, 67.00000
439.00000, 69.00000
440.00000, 71.00000
442.00000, 72.00000
446.00000, 71.00000
447.00000, 69.00000
448.00000, 71.00000
449.00000, 72.00000
450.00000, 74.00000
454.00000, 73.00000
456.00000, 74.00000
464.00000, 76.00000
470.00000, 74.00000
471.00000, 72.00000
472.00000, 74.00000
474.00000, 76.00000
476.00000, 77.00000
482.00000, 76.00000
483.00000, 74.00000
484.00000, 76.00000
486.00000, 74.00000
490.00000, 72.00000
491.00000, 71.00000
492.00000, 69.00000
496.00000, 67.00000
499.00000, 69.00000
500.00000, 71.00000
501.00000, 72.00000
502.00000, 74.00000
503.00000, 76.00000
504.00000, 74.00000
505.00000, 72.00000
506.00000, 72.00000
510.00000, 71.00000
occurrence11
372.00000, 72.00000
376.00000, 74.00000
380.00000, 76.00000
382.00000, 77.00000
385.00000, 76.00000
386.00000, 74.00000
387.00000, 72.00000
388.00000, 74.00000
389.00000, 71.00000
390.00000, 76.00000
393.00000, 74.00000
394.00000, 72.00000
398.00000, 71.00000
400.00000, 72.00000
436.00000, 67.00000
439.00000, 69.00000
440.00000, 71.00000
442.00000, 72.00000
446.00000, 71.00000
447.00000, 69.00000
448.00000, 71.00000
449.00000, 72.00000
450.00000, 74.00000
454.00000, 73.00000
456.00000, 74.00000
464.00000, 76.00000
470.00000, 74.00000
471.00000, 72.00000
472.00000, 74.00000
474.00000, 76.00000
476.00000, 77.00000
482.00000, 76.00000
483.00000, 74.00000
484.00000, 76.00000
486.00000, 74.00000
490.00000, 72.00000
491.00000, 71.00000
492.00000, 69.00000
496.00000, 67.00000
499.00000, 69.00000
500.00000, 71.00000
501.00000, 72.00000
502.00000, 74.00000
503.00000, 76.00000
504.00000, 74.00000
505.00000, 72.00000
506.00000, 72.00000
510.00000, 71.00000
512.00000, 72.00000
occurrence12
470.00000, 74.00000
471.00000, 72.00000
472.00000, 74.00000
474.00000, 76.00000
476.00000, 77.00000
482.00000, 76.00000
483.00000, 74.00000
484.00000, 76.00000
486.00000, 74.00000
490.00000, 72.00000
491.00000, 71.00000
492.00000, 69.00000
496.00000, 67.00000
499.00000, 69.00000
500.00000, 71.00000
501.00000, 72.00000
502.00000, 74.00000
503.00000, 76.00000
504.00000, 74.00000
505.00000, 72.00000
506.00000, 72.00000
510.00000, 71.00000
512.00000, 72.00000
532.00000, 72.00000
536.00000, 77.00000
540.00000, 77.00000
544.00000, 76.00000
547.00000, 74.00000
548.00000, 76.00000
550.00000, 77.00000
553.00000, 76.00000
554.00000, 74.00000
555.00000, 72.00000
556.00000, 74.00000
558.00000, 72.00000
559.00000, 71.00000
560.00000, 69.00000
563.00000, 71.00000
564.00000, 72.00000
565.00000, 74.00000
566.00000, 76.00000
570.00000, 74.00000
571.00000, 72.00000
572.00000, 74.00000
574.00000, 76.00000
576.00000, 77.00000
579.00000, 76.00000
580.00000, 72.00000
581.00000, 74.00000
582.00000, 76.00000
585.00000, 74.00000
586.00000, 74.00000
590.00000, 73.00000
592.00000, 74.00000
598.00000, 74.00000
602.00000, 71.00000
604.00000, 72.00000
608.00000, 71.00000
610.00000, 74.00000
occurrence13
556.00000, 74.00000
558.00000, 72.00000
559.00000, 71.00000
560.00000, 69.00000
563.00000, 71.00000
564.00000, 72.00000
565.00000, 74.00000
566.00000, 76.00000
570.00000, 74.00000
571.00000, 72.00000
572.00000, 74.00000
574.00000, 76.00000
576.00000, 77.00000
579.00000, 76.00000
580.00000, 72.00000
581.00000, 74.00000
582.00000, 76.00000
585.00000, 74.00000
586.00000, 74.00000
590.00000, 73.00000
592.00000, 74.00000
598.00000, 74.00000
602.00000, 71.00000
604.00000, 72.00000
608.00000, 71.00000
610.00000, 74.00000
613.00000, 72.00000
614.00000, 71.00000
618.00000, 69.00000
619.00000, 67.00000
620.00000, 69.00000
624.00000, 67.00000
630.00000, 79.00000
634.00000, 76.00000
636.00000, 77.00000
640.00000, 76.00000
642.00000, 79.00000
645.00000, 77.00000
646.00000, 76.00000
650.00000, 74.00000
651.00000, 72.00000
652.00000, 74.00000
656.00000, 72.00000
658.00000, 77.00000
661.00000, 76.00000
662.00000, 74.00000
663.00000, 72.00000
664.00000, 74.00000
666.00000, 76.00000
670.00000, 74.00000
671.00000, 72.00000
672.00000, 71.00000
675.00000, 72.00000
676.00000, 74.00000
678.00000, 67.00000
681.00000, 69.00000
682.00000, 71.00000
683.00000, 72.00000
684.00000, 74.00000
686.00000, 76.00000
689.00000, 74.00000
690.00000, 72.00000
691.00000, 71.00000
692.00000, 72.00000
693.00000, 74.00000
694.00000, 76.00000
695.00000, 74.00000
695.50000, 76.00000
696.00000, 74.00000
occurrence14
558.00000, 72.00000
559.00000, 71.00000
560.00000, 69.00000
563.00000, 71.00000
564.00000, 72.00000
565.00000, 74.00000
566.00000, 76.00000
570.00000, 74.00000
571.00000, 72.00000
572.00000, 74.00000
574.00000, 76.00000
576.00000, 77.00000
579.00000, 76.00000
580.00000, 72.00000
581.00000, 74.00000
582.00000, 76.00000
585.00000, 74.00000
586.00000, 74.00000
590.00000, 73.00000
592.00000, 74.00000
598.00000, 74.00000
602.00000, 71.00000
604.00000, 72.00000
608.00000, 71.00000
610.00000, 74.00000
613.00000, 72.00000
614.00000, 71.00000
618.00000, 69.00000
619.00000, 67.00000
620.00000, 69.00000
624.00000, 67.00000
630.00000, 79.00000
634.00000, 76.00000
636.00000, 77.00000
640.00000, 76.00000
642.00000, 79.00000
645.00000, 77.00000
646.00000, 76.00000
650.00000, 74.00000
651.00000, 72.00000
652.00000, 74.00000
656.00000, 72.00000
658.00000, 77.00000
661.00000, 76.00000
662.00000, 74.00000
663.00000, 72.00000
664.00000, 74.00000
666.00000, 76.00000
670.00000, 74.00000
671.00000, 72.00000
672.00000, 71.00000
675.00000, 72.00000
676.00000, 74.00000
678.00000, 67.00000
681.00000, 69.00000
682.00000, 71.00000
683.00000, 72.00000
684.00000, 74.00000
686.00000, 76.00000
689.00000, 74.00000
690.00000, 72.00000
691.00000, 71.00000
692.00000, 72.00000
693.00000, 74.00000
694.00000, 76.00000
695.00000, 74.00000
695.50000, 76.00000
696.00000, 74.00000
697.00000, 72.00000
698.00000, 72.00000
occurrence15
564.00000, 72.00000
565.00000, 74.00000
566.00000, 76.00000
570.00000, 74.00000
571.00000, 72.00000
572.00000, 74.00000
574.00000, 76.00000
576.00000, 77.00000
579.00000, 76.00000
580.00000, 72.00000
581.00000, 74.00000
582.00000, 76.00000
585.00000, 74.00000
586.00000, 74.00000
590.00000, 73.00000
592.00000, 74.00000
598.00000, 74.00000
602.00000, 71.00000
604.00000, 72.00000
608.00000, 71.00000
610.00000, 74.00000
613.00000, 72.00000
614.00000, 71.00000
618.00000, 69.00000
619.00000, 67.00000
620.00000, 69.00000
624.00000, 67.00000
630.00000, 79.00000
634.00000, 76.00000
636.00000, 77.00000
640.00000, 76.00000
642.00000, 79.00000
645.00000, 77.00000
646.00000, 76.00000
650.00000, 74.00000
651.00000, 72.00000
652.00000, 74.00000
656.00000, 72.00000
658.00000, 77.00000
661.00000, 76.00000
662.00000, 74.00000
663.00000, 72.00000
664.00000, 74.00000
666.00000, 76.00000
670.00000, 74.00000
671.00000, 72.00000
672.00000, 71.00000
675.00000, 72.00000
676.00000, 74.00000
678.00000, 67.00000
681.00000, 69.00000
682.00000, 71.00000
683.00000, 72.00000
684.00000, 74.00000
686.00000, 76.00000
689.00000, 74.00000
690.00000, 72.00000
691.00000, 71.00000
692.00000, 72.00000
693.00000, 74.00000
694.00000, 76.00000
695.00000, 74.00000
695.50000, 76.00000
696.00000, 74.00000
697.00000, 72.00000
698.00000, 72.00000
702.00000, 71.00000
704.00000, 72.00000
pattern11
occurrence1
12.00000, 72.00000
16.00000, 74.00000
20.00000, 76.00000
24.00000, 72.00000
36.00000, 72.00000
40.00000, 72.00000
46.00000, 71.00000
48.00000, 69.00000
52.00000, 67.00000
56.00000, 72.00000
64.00000, 74.00000
66.00000, 76.00000
68.00000, 77.00000
72.00000, 76.00000
76.00000, 72.00000
78.00000, 79.00000
81.00000, 77.00000
82.00000, 76.00000
86.00000, 74.00000
87.00000, 72.00000
88.00000, 71.00000
91.00000, 69.00000
92.00000, 71.00000
93.00000, 72.00000
94.00000, 74.00000
98.00000, 72.00000
99.00000, 71.00000
100.00000, 69.00000
104.00000, 67.00000
196.00000, 67.00000
200.00000, 72.00000
206.00000, 71.00000
208.00000, 72.00000
212.00000, 74.00000
218.00000, 71.00000
222.00000, 69.00000
223.00000, 67.00000
224.00000, 67.00000
234.00000, 72.00000
236.00000, 74.00000
occurrence2
16.00000, 74.00000
20.00000, 76.00000
24.00000, 72.00000
36.00000, 72.00000
40.00000, 72.00000
46.00000, 71.00000
48.00000, 69.00000
52.00000, 67.00000
56.00000, 72.00000
64.00000, 74.00000
66.00000, 76.00000
68.00000, 77.00000
72.00000, 76.00000
76.00000, 72.00000
78.00000, 79.00000
81.00000, 77.00000
82.00000, 76.00000
86.00000, 74.00000
87.00000, 72.00000
88.00000, 71.00000
91.00000, 69.00000
92.00000, 71.00000
93.00000, 72.00000
94.00000, 74.00000
98.00000, 72.00000
99.00000, 71.00000
100.00000, 69.00000
104.00000, 67.00000
196.00000, 67.00000
200.00000, 72.00000
206.00000, 71.00000
208.00000, 72.00000
212.00000, 74.00000
218.00000, 71.00000
222.00000, 69.00000
223.00000, 67.00000
224.00000, 67.00000
234.00000, 72.00000
236.00000, 74.00000
240.00000, 76.00000
occurrence3
362.00000, 72.00000
366.00000, 74.00000
370.00000, 71.00000
372.00000, 72.00000
376.00000, 74.00000
380.00000, 76.00000
382.00000, 77.00000
385.00000, 76.00000
386.00000, 74.00000
387.00000, 72.00000
388.00000, 74.00000
389.00000, 71.00000
390.00000, 76.00000
393.00000, 74.00000
394.00000, 72.00000
398.00000, 71.00000
400.00000, 72.00000
436.00000, 67.00000
439.00000, 69.00000
440.00000, 71.00000
442.00000, 72.00000
446.00000, 71.00000
447.00000, 69.00000
448.00000, 71.00000
449.00000, 72.00000
450.00000, 74.00000
454.00000, 73.00000
456.00000, 74.00000
464.00000, 76.00000
470.00000, 74.00000
471.00000, 72.00000
472.00000, 74.00000
474.00000, 76.00000
476.00000, 77.00000
482.00000, 76.00000
483.00000, 74.00000
484.00000, 76.00000
486.00000, 74.00000
490.00000, 72.00000
491.00000, 71.00000
492.00000, 69.00000
496.00000, 67.00000
499.00000, 69.00000
500.00000, 71.00000
501.00000, 72.00000
502.00000, 74.00000
503.00000, 76.00000
504.00000, 74.00000
505.00000, 72.00000
506.00000, 72.00000
510.00000, 71.00000
512.00000, 72.00000
532.00000, 72.00000
536.00000, 77.00000
540.00000, 77.00000
544.00000, 76.00000
547.00000, 74.00000
548.00000, 76.00000
550.00000, 77.00000
553.00000, 76.00000
554.00000, 74.00000
555.00000, 72.00000
556.00000, 74.00000
558.00000, 72.00000
559.00000, 71.00000
560.00000, 69.00000
563.00000, 71.00000
564.00000, 72.00000
565.00000, 74.00000
566.00000, 76.00000
570.00000, 74.00000
571.00000, 72.00000
572.00000, 74.00000
574.00000, 76.00000
576.00000, 77.00000
579.00000, 76.00000
580.00000, 72.00000
581.00000, 74.00000
582.00000, 76.00000
585.00000, 74.00000
586.00000, 74.00000
pattern12
occurrence1
46.00000, 71.00000
48.00000, 69.00000
occurrence2
222.00000, 69.00000
223.00000, 67.00000
224.00000, 67.00000
occurrence3
387.00000, 72.00000
388.00000, 74.00000
389.00000, 71.00000
occurrence4
484.00000, 76.00000
486.00000, 74.00000
occurrence5
504.00000, 74.00000
505.00000, 72.00000
506.00000, 72.00000
occurrence6
556.00000, 74.00000
558.00000, 72.00000
occurrence7
579.00000, 76.00000
580.00000, 72.00000
581.00000, 74.00000
occurrence8
694.00000, 76.00000
695.00000, 74.00000
695.50000, 76.00000
696.00000, 74.00000
occurrence9
695.00000, 74.00000
695.50000, 76.00000
696.00000, 74.00000
697.00000, 72.00000
occurrence10
696.00000, 74.00000
697.00000, 72.00000
698.00000, 72.00000
pattern13
occurrence1
4.00000, 72.00000
12.00000, 72.00000
16.00000, 74.00000
20.00000, 76.00000
24.00000, 72.00000
36.00000, 72.00000
40.00000, 72.00000
46.00000, 71.00000
48.00000, 69.00000
52.00000, 67.00000
56.00000, 72.00000
64.00000, 74.00000
66.00000, 76.00000
68.00000, 77.00000
occurrence2
512.00000, 72.00000
532.00000, 72.00000
536.00000, 77.00000
540.00000, 77.00000
544.00000, 76.00000
547.00000, 74.00000
548.00000, 76.00000
550.00000, 77.00000
553.00000, 76.00000
554.00000, 74.00000
555.00000, 72.00000
556.00000, 74.00000
558.00000, 72.00000
559.00000, 71.00000
560.00000, 69.00000
563.00000, 71.00000
564.00000, 72.00000
565.00000, 74.00000
566.00000, 76.00000
570.00000, 74.00000
571.00000, 72.00000
572.00000, 74.00000
574.00000, 76.00000
576.00000, 77.00000
pattern14
occurrence1
196.00000, 67.00000
200.00000, 72.00000
206.00000, 71.00000
208.00000, 72.00000
212.00000, 74.00000
218.00000, 71.00000
222.00000, 69.00000
223.00000, 67.00000
224.00000, 67.00000
234.00000, 72.00000
236.00000, 74.00000
240.00000, 76.00000
246.00000, 74.00000
247.00000, 72.00000
248.00000, 77.00000
252.00000, 76.00000
254.00000, 77.00000
257.00000, 76.00000
258.00000, 76.00000
262.00000, 74.00000
264.00000, 76.00000
268.00000, 74.00000
270.00000, 76.00000
274.00000, 74.00000
275.00000, 72.00000
276.00000, 71.00000
280.00000, 74.00000
284.00000, 72.00000
286.00000, 74.00000
290.00000, 72.00000
291.00000, 71.00000
292.00000, 69.00000
296.00000, 72.00000
300.00000, 71.00000
302.00000, 72.00000
306.00000, 71.00000
307.00000, 69.00000
308.00000, 67.00000
310.00000, 69.00000
313.00000, 67.00000
314.00000, 67.00000
318.00000, 66.00000
320.00000, 67.00000
342.00000, 67.00000
344.00000, 69.00000
348.00000, 71.00000
352.00000, 72.00000
356.00000, 69.00000
358.00000, 71.00000
362.00000, 72.00000
366.00000, 74.00000
370.00000, 71.00000
372.00000, 72.00000
376.00000, 74.00000
380.00000, 76.00000
382.00000, 77.00000
385.00000, 76.00000
386.00000, 74.00000
387.00000, 72.00000
388.00000, 74.00000
389.00000, 71.00000
390.00000, 76.00000
393.00000, 74.00000
394.00000, 72.00000
398.00000, 71.00000
400.00000, 72.00000
436.00000, 67.00000
occurrence2
456.00000, 74.00000
464.00000, 76.00000
470.00000, 74.00000
471.00000, 72.00000
472.00000, 74.00000
474.00000, 76.00000
476.00000, 77.00000
482.00000, 76.00000
483.00000, 74.00000
484.00000, 76.00000
486.00000, 74.00000
490.00000, 72.00000
491.00000, 71.00000
492.00000, 69.00000
496.00000, 67.00000
499.00000, 69.00000
500.00000, 71.00000
501.00000, 72.00000
502.00000, 74.00000
503.00000, 76.00000
504.00000, 74.00000
505.00000, 72.00000
506.00000, 72.00000
510.00000, 71.00000
512.00000, 72.00000
532.00000, 72.00000
536.00000, 77.00000
540.00000, 77.00000
544.00000, 76.00000
547.00000, 74.00000
548.00000, 76.00000
550.00000, 77.00000
553.00000, 76.00000
554.00000, 74.00000
555.00000, 72.00000
556.00000, 74.00000
558.00000, 72.00000
559.00000, 71.00000
560.00000, 69.00000
563.00000, 71.00000
564.00000, 72.00000
565.00000, 74.00000
566.00000, 76.00000
570.00000, 74.00000
571.00000, 72.00000
572.00000, 74.00000
574.00000, 76.00000
576.00000, 77.00000
579.00000, 76.00000
580.00000, 72.00000
581.00000, 74.00000
582.00000, 76.00000
585.00000, 74.00000
586.00000, 74.00000
590.00000, 73.00000
592.00000, 74.00000
598.00000, 74.00000
602.00000, 71.00000
604.00000, 72.00000
608.00000, 71.00000
610.00000, 74.00000
613.00000, 72.00000
614.00000, 71.00000
618.00000, 69.00000
619.00000, 67.00000
620.00000, 69.00000
624.00000, 67.00000
630.00000, 79.00000
634.00000, 76.00000
636.00000, 77.00000
640.00000, 76.00000
642.00000, 79.00000
645.00000, 77.00000
646.00000, 76.00000
650.00000, 74.00000
651.00000, 72.00000
652.00000, 74.00000
656.00000, 72.00000
658.00000, 77.00000
661.00000, 76.00000
662.00000, 74.00000
663.00000, 72.00000
664.00000, 74.00000
666.00000, 76.00000
670.00000, 74.00000
671.00000, 72.00000
672.00000, 71.00000
675.00000, 72.00000
676.00000, 74.00000
678.00000, 67.00000
681.00000, 69.00000
682.00000, 71.00000
683.00000, 72.00000
684.00000, 74.00000
686.00000, 76.00000
689.00000, 74.00000
690.00000, 72.00000
691.00000, 71.00000
692.00000, 72.00000
693.00000, 74.00000
694.00000, 76.00000
695.00000, 74.00000
695.50000, 76.00000
696.00000, 74.00000
pattern15
occurrence1
36.00000, 72.00000
40.00000, 72.00000
46.00000, 71.00000
48.00000, 69.00000
52.00000, 67.00000
56.00000, 72.00000
64.00000, 74.00000
66.00000, 76.00000
68.00000, 77.00000
72.00000, 76.00000
76.00000, 72.00000
78.00000, 79.00000
81.00000, 77.00000
82.00000, 76.00000
86.00000, 74.00000
87.00000, 72.00000
88.00000, 71.00000
91.00000, 69.00000
92.00000, 71.00000
93.00000, 72.00000
94.00000, 74.00000
98.00000, 72.00000
99.00000, 71.00000
100.00000, 69.00000
104.00000, 67.00000
196.00000, 67.00000
200.00000, 72.00000
206.00000, 71.00000
208.00000, 72.00000
212.00000, 74.00000
218.00000, 71.00000
222.00000, 69.00000
223.00000, 67.00000
224.00000, 67.00000
234.00000, 72.00000
236.00000, 74.00000
240.00000, 76.00000
246.00000, 74.00000
247.00000, 72.00000
248.00000, 77.00000
252.00000, 76.00000
254.00000, 77.00000
257.00000, 76.00000
258.00000, 76.00000
262.00000, 74.00000
264.00000, 76.00000
268.00000, 74.00000
270.00000, 76.00000
274.00000, 74.00000
275.00000, 72.00000
276.00000, 71.00000
280.00000, 74.00000
284.00000, 72.00000
286.00000, 74.00000
290.00000, 72.00000
291.00000, 71.00000
292.00000, 69.00000
296.00000, 72.00000
300.00000, 71.00000
302.00000, 72.00000
306.00000, 71.00000
307.00000, 69.00000
308.00000, 67.00000
310.00000, 69.00000
313.00000, 67.00000
314.00000, 67.00000
318.00000, 66.00000
320.00000, 67.00000
342.00000, 67.00000
344.00000, 69.00000
348.00000, 71.00000
352.00000, 72.00000
356.00000, 69.00000
358.00000, 71.00000
362.00000, 72.00000
366.00000, 74.00000
370.00000, 71.00000
372.00000, 72.00000
376.00000, 74.00000
380.00000, 76.00000
382.00000, 77.00000
385.00000, 76.00000
386.00000, 74.00000
387.00000, 72.00000
388.00000, 74.00000
389.00000, 71.00000
390.00000, 76.00000
393.00000, 74.00000
394.00000, 72.00000
398.00000, 71.00000
400.00000, 72.00000
436.00000, 67.00000
439.00000, 69.00000
440.00000, 71.00000
442.00000, 72.00000
446.00000, 71.00000
447.00000, 69.00000
448.00000, 71.00000
449.00000, 72.00000
450.00000, 74.00000
454.00000, 73.00000
456.00000, 74.00000
464.00000, 76.00000
470.00000, 74.00000
471.00000, 72.00000
472.00000, 74.00000
474.00000, 76.00000
476.00000, 77.00000
482.00000, 76.00000
483.00000, 74.00000
484.00000, 76.00000
486.00000, 74.00000
490.00000, 72.00000
491.00000, 71.00000
492.00000, 69.00000
496.00000, 67.00000
499.00000, 69.00000
500.00000, 71.00000
501.00000, 72.00000
502.00000, 74.00000
503.00000, 76.00000
504.00000, 74.00000
505.00000, 72.00000
506.00000, 72.00000
510.00000, 71.00000
512.00000, 72.00000
532.00000, 72.00000
536.00000, 77.00000
540.00000, 77.00000
544.00000, 76.00000
547.00000, 74.00000
548.00000, 76.00000
550.00000, 77.00000
553.00000, 76.00000
554.00000, 74.00000
555.00000, 72.00000
556.00000, 74.00000
558.00000, 72.00000
559.00000, 71.00000
560.00000, 69.00000
563.00000, 71.00000
564.00000, 72.00000
565.00000, 74.00000
566.00000, 76.00000
570.00000, 74.00000
571.00000, 72.00000
572.00000, 74.00000
574.00000, 76.00000
576.00000, 77.00000
579.00000, 76.00000
580.00000, 72.00000
581.00000, 74.00000
582.00000, 76.00000
585.00000, 74.00000
586.00000, 74.00000
590.00000, 73.00000
592.00000, 74.00000
598.00000, 74.00000
602.00000, 71.00000
604.00000, 72.00000
608.00000, 71.00000
610.00000, 74.00000
613.00000, 72.00000
614.00000, 71.00000
618.00000, 69.00000
619.00000, 67.00000
620.00000, 69.00000
624.00000, 67.00000
630.00000, 79.00000
634.00000, 76.00000
636.00000, 77.00000
640.00000, 76.00000
642.00000, 79.00000
645.00000, 77.00000
646.00000, 76.00000
650.00000, 74.00000
651.00000, 72.00000
652.00000, 74.00000
656.00000, 72.00000
658.00000, 77.00000
661.00000, 76.00000
662.00000, 74.00000
663.00000, 72.00000
664.00000, 74.00000
666.00000, 76.00000
670.00000, 74.00000
671.00000, 72.00000
672.00000, 71.00000
675.00000, 72.00000
676.00000, 74.00000
678.00000, 67.00000
681.00000, 69.00000
682.00000, 71.00000
683.00000, 72.00000
684.00000, 74.00000
686.00000, 76.00000
689.00000, 74.00000
690.00000, 72.00000
691.00000, 71.00000
692.00000, 72.00000
693.00000, 74.00000
694.00000, 76.00000
695.00000, 74.00000
695.50000, 76.00000
696.00000, 74.00000
697.00000, 72.00000
698.00000, 72.00000
702.00000, 71.00000
