pattern1
occurrence1
88.00000, 76.00000
90.00000, 74.00000
91.00000, 72.00000
92.00000, 71.00000
occurrence2
644.00000, 77.00000
646.00000, 76.00000
647.00000, 74.00000
648.00000, 72.00000
occurrence3
904.00000, 77.00000
906.00000, 76.00000
907.00000, 74.00000
908.00000, 73.00000
occurrence4
1064.00000, 74.00000
1066.00000, 72.00000
1067.00000, 70.00000
1068.00000, 69.00000
occurrence5
1088.00000, 74.00000
1090.00000, 72.00000
1091.00000, 70.00000
1092.00000, 69.00000
pattern2
occurrence1
50.00000, 76.00000
53.00000, 74.00000
54.00000, 74.00000
58.00000, 73.00000
60.00000, 74.00000
occurrence2
110.00000, 71.00000
113.00000, 69.00000
114.00000, 69.00000
118.00000, 67.00000
120.00000, 69.00000
occurrence3
242.00000, 71.00000
244.00000, 72.00000
246.00000, 69.00000
250.00000, 67.00000
252.00000, 69.00000
occurrence4
1026.00000, 76.00000
1030.00000, 74.00000
1034.00000, 73.00000
1036.00000, 74.00000
occurrence5
1130.00000, 70.00000
1131.00000, 72.00000
1132.00000, 70.00000
1134.00000, 69.00000
1137.00000, 67.00000
1138.00000, 67.00000
1140.00000, 69.00000
occurrence6
1134.00000, 69.00000
1137.00000, 67.00000
1138.00000, 67.00000
1140.00000, 69.00000
1142.00000, 65.00000
1144.00000, 67.00000
pattern3
occurrence1
86.00000, 74.00000
88.00000, 76.00000
90.00000, 74.00000
91.00000, 72.00000
92.00000, 71.00000
occurrence2
700.00000, 69.00000
702.00000, 70.00000
704.00000, 69.00000
706.00000, 65.00000
occurrence3
1018.00000, 76.00000
1020.00000, 77.00000
1022.00000, 76.00000
1024.00000, 72.00000
occurrence4
1062.00000, 72.00000
1064.00000, 74.00000
1066.00000, 72.00000
1067.00000, 70.00000
1068.00000, 69.00000
pattern4
occurrence1
36.00000, 76.00000
40.00000, 74.00000
42.00000, 79.00000
45.00000, 77.00000
46.00000, 77.00000
49.00000, 76.00000
50.00000, 76.00000
53.00000, 74.00000
54.00000, 74.00000
58.00000, 73.00000
60.00000, 74.00000
72.00000, 72.00000
76.00000, 74.00000
78.00000, 76.00000
82.00000, 79.00000
84.00000, 77.00000
86.00000, 74.00000
88.00000, 76.00000
occurrence2
230.00000, 76.00000
234.00000, 74.00000
236.00000, 76.00000
238.00000, 69.00000
242.00000, 71.00000
244.00000, 72.00000
246.00000, 69.00000
250.00000, 67.00000
252.00000, 69.00000
254.00000, 64.00000
258.00000, 69.00000
260.00000, 67.00000
262.00000, 72.00000
264.00000, 71.00000
266.00000, 76.00000
270.00000, 74.00000
274.00000, 79.00000
277.00000, 76.00000
278.00000, 77.00000
281.00000, 74.00000
282.00000, 76.00000
occurrence3
764.00000, 64.00000
768.00000, 62.00000
778.00000, 69.00000
780.00000, 70.00000
784.00000, 72.00000
787.00000, 70.00000
788.00000, 67.00000
792.00000, 69.00000
794.00000, 70.00000
796.00000, 72.00000
798.00000, 74.00000
801.00000, 72.00000
802.00000, 70.00000
803.00000, 69.00000
804.00000, 69.00000
807.00000, 70.00000
808.00000, 69.00000
809.00000, 67.00000
809.50000, 65.00000
810.00000, 64.00000
812.00000, 65.00000
815.00000, 64.00000
816.00000, 64.00000
occurrence4
848.00000, 74.00000
852.00000, 72.00000
854.00000, 69.00000
856.00000, 70.00000
860.00000, 69.00000
863.00000, 67.00000
864.00000, 65.00000
868.00000, 64.00000
874.00000, 69.00000
876.00000, 65.00000
878.00000, 67.00000
880.00000, 69.00000
884.00000, 70.00000
886.00000, 69.00000
890.00000, 74.00000
892.00000, 72.00000
895.00000, 74.00000
896.00000, 76.00000
899.00000, 74.00000
900.00000, 74.00000
pattern5
occurrence1
42.00000, 79.00000
45.00000, 77.00000
46.00000, 77.00000
49.00000, 76.00000
50.00000, 76.00000
occurrence2
46.00000, 77.00000
49.00000, 76.00000
50.00000, 76.00000
53.00000, 74.00000
54.00000, 74.00000
occurrence3
50.00000, 76.00000
53.00000, 74.00000
54.00000, 74.00000
58.00000, 73.00000
occurrence4
110.00000, 71.00000
113.00000, 69.00000
114.00000, 69.00000
118.00000, 67.00000
occurrence5
978.00000, 79.00000
981.00000, 77.00000
982.00000, 77.00000
985.00000, 76.00000
986.00000, 76.00000
occurrence6
982.00000, 77.00000
985.00000, 76.00000
986.00000, 76.00000
990.00000, 74.00000
occurrence7
1134.00000, 69.00000
1137.00000, 67.00000
1138.00000, 67.00000
1140.00000, 69.00000
1142.00000, 65.00000
pattern6
occurrence1
709.00000, 67.00000
710.00000, 69.00000
712.00000, 70.00000
713.00000, 69.00000
714.00000, 67.00000
715.00000, 65.00000
716.00000, 64.00000
occurrence2
796.00000, 72.00000
798.00000, 74.00000
801.00000, 72.00000
802.00000, 70.00000
803.00000, 69.00000
occurrence3
802.00000, 70.00000
803.00000, 69.00000
804.00000, 69.00000
807.00000, 70.00000
808.00000, 69.00000
809.00000, 67.00000
occurrence4
944.00000, 76.00000
946.00000, 77.00000
949.00000, 76.00000
950.00000, 74.00000
951.00000, 72.00000
pattern7
occurrence1
200.00000, 67.00000
204.00000, 69.00000
207.00000, 67.00000
208.00000, 65.00000
212.00000, 65.00000
216.00000, 64.00000
220.00000, 71.00000
224.00000, 72.00000
228.00000, 71.00000
230.00000, 76.00000
234.00000, 74.00000
236.00000, 76.00000
238.00000, 69.00000
242.00000, 71.00000
244.00000, 72.00000
246.00000, 69.00000
250.00000, 67.00000
252.00000, 69.00000
254.00000, 64.00000
258.00000, 69.00000
260.00000, 67.00000
occurrence2
752.00000, 65.00000
756.00000, 67.00000
760.00000, 69.00000
762.00000, 65.00000
764.00000, 64.00000
768.00000, 62.00000
778.00000, 69.00000
780.00000, 70.00000
784.00000, 72.00000
787.00000, 70.00000
788.00000, 67.00000
792.00000, 69.00000
794.00000, 70.00000
796.00000, 72.00000
798.00000, 74.00000
801.00000, 72.00000
802.00000, 70.00000
803.00000, 69.00000
804.00000, 69.00000
807.00000, 70.00000
808.00000, 69.00000
809.00000, 67.00000
809.50000, 65.00000
810.00000, 64.00000
812.00000, 65.00000
occurrence3
836.00000, 76.00000
840.00000, 77.00000
846.00000, 76.00000
848.00000, 74.00000
852.00000, 72.00000
854.00000, 69.00000
856.00000, 70.00000
860.00000, 69.00000
863.00000, 67.00000
864.00000, 65.00000
868.00000, 64.00000
874.00000, 69.00000
876.00000, 65.00000
878.00000, 67.00000
880.00000, 69.00000
884.00000, 70.00000
886.00000, 69.00000
890.00000, 74.00000
892.00000, 72.00000
895.00000, 74.00000
896.00000, 76.00000
pattern8
occurrence1
90.00000, 74.00000
91.00000, 72.00000
92.00000, 71.00000
96.00000, 69.00000
98.00000, 72.00000
100.00000, 71.00000
102.00000, 69.00000
105.00000, 67.00000
106.00000, 64.00000
110.00000, 71.00000
113.00000, 69.00000
114.00000, 69.00000
118.00000, 67.00000
120.00000, 69.00000
132.00000, 76.00000
136.00000, 76.00000
140.00000, 74.00000
144.00000, 72.00000
148.00000, 71.00000
150.00000, 69.00000
152.00000, 72.00000
154.00000, 74.00000
156.00000, 76.00000
158.00000, 79.00000
160.00000, 77.00000
162.00000, 76.00000
165.00000, 74.00000
166.00000, 72.00000
168.00000, 71.00000
180.00000, 72.00000
188.00000, 69.00000
192.00000, 67.00000
200.00000, 67.00000
204.00000, 69.00000
207.00000, 67.00000
208.00000, 65.00000
212.00000, 65.00000
216.00000, 64.00000
220.00000, 71.00000
224.00000, 72.00000
228.00000, 71.00000
230.00000, 76.00000
234.00000, 74.00000
236.00000, 76.00000
occurrence2
710.00000, 69.00000
712.00000, 70.00000
713.00000, 69.00000
714.00000, 67.00000
715.00000, 65.00000
716.00000, 64.00000
720.00000, 62.00000
722.00000, 69.00000
724.00000, 70.00000
726.00000, 69.00000
730.00000, 67.00000
732.00000, 69.00000
744.00000, 62.00000
750.00000, 64.00000
752.00000, 65.00000
756.00000, 67.00000
760.00000, 69.00000
762.00000, 65.00000
764.00000, 64.00000
768.00000, 62.00000
778.00000, 69.00000
780.00000, 70.00000
784.00000, 72.00000
787.00000, 70.00000
788.00000, 67.00000
792.00000, 69.00000
794.00000, 70.00000
796.00000, 72.00000
798.00000, 74.00000
801.00000, 72.00000
802.00000, 70.00000
803.00000, 69.00000
804.00000, 69.00000
807.00000, 70.00000
808.00000, 69.00000
809.00000, 67.00000
809.50000, 65.00000
810.00000, 64.00000
812.00000, 65.00000
815.00000, 64.00000
816.00000, 64.00000
828.00000, 72.00000
834.00000, 74.00000
836.00000, 76.00000
840.00000, 77.00000
846.00000, 76.00000
848.00000, 74.00000
852.00000, 72.00000
854.00000, 69.00000
856.00000, 70.00000
occurrence3
798.00000, 74.00000
801.00000, 72.00000
802.00000, 70.00000
803.00000, 69.00000
804.00000, 69.00000
807.00000, 70.00000
808.00000, 69.00000
809.00000, 67.00000
809.50000, 65.00000
810.00000, 64.00000
812.00000, 65.00000
815.00000, 64.00000
816.00000, 64.00000
828.00000, 72.00000
834.00000, 74.00000
836.00000, 76.00000
840.00000, 77.00000
846.00000, 76.00000
848.00000, 74.00000
852.00000, 72.00000
854.00000, 69.00000
856.00000, 70.00000
860.00000, 69.00000
863.00000, 67.00000
864.00000, 65.00000
868.00000, 64.00000
874.00000, 69.00000
876.00000, 65.00000
878.00000, 67.00000
880.00000, 69.00000
884.00000, 70.00000
886.00000, 69.00000
890.00000, 74.00000
892.00000, 72.00000
895.00000, 74.00000
896.00000, 76.00000
899.00000, 74.00000
900.00000, 74.00000
902.00000, 79.00000
904.00000, 77.00000
906.00000, 76.00000
907.00000, 74.00000
908.00000, 73.00000
911.00000, 71.00000
912.00000, 74.00000
936.00000, 69.00000
939.00000, 71.00000
940.00000, 72.00000
942.00000, 74.00000
944.00000, 76.00000
pattern9
occurrence1
207.00000, 67.00000
208.00000, 65.00000
212.00000, 65.00000
216.00000, 64.00000
220.00000, 71.00000
224.00000, 72.00000
228.00000, 71.00000
occurrence2
647.00000, 74.00000
648.00000, 72.00000
656.00000, 74.00000
660.00000, 76.00000
664.00000, 72.00000
668.00000, 77.00000
occurrence3
863.00000, 67.00000
864.00000, 65.00000
868.00000, 64.00000
874.00000, 69.00000
876.00000, 65.00000
878.00000, 67.00000
880.00000, 69.00000
884.00000, 70.00000
occurrence4
1066.00000, 72.00000
1067.00000, 70.00000
1068.00000, 69.00000
1078.00000, 77.00000
1082.00000, 76.00000
1084.00000, 77.00000
1087.00000, 76.00000
occurrence5
1067.00000, 70.00000
1068.00000, 69.00000
1078.00000, 77.00000
1082.00000, 76.00000
1084.00000, 77.00000
1087.00000, 76.00000
1088.00000, 74.00000
pattern10
occurrence1
76.00000, 74.00000
78.00000, 76.00000
82.00000, 79.00000
84.00000, 77.00000
86.00000, 74.00000
88.00000, 76.00000
90.00000, 74.00000
occurrence2
750.00000, 64.00000
752.00000, 65.00000
756.00000, 67.00000
760.00000, 69.00000
762.00000, 65.00000
764.00000, 64.00000
occurrence3
834.00000, 74.00000
836.00000, 76.00000
840.00000, 77.00000
846.00000, 76.00000
848.00000, 74.00000
pattern11
occurrence1
132.00000, 76.00000
136.00000, 76.00000
140.00000, 74.00000
144.00000, 72.00000
148.00000, 71.00000
occurrence2
1126.00000, 70.00000
1127.00000, 69.00000
1128.00000, 67.00000
1129.00000, 69.00000
1130.00000, 70.00000
1131.00000, 72.00000
1132.00000, 70.00000
1134.00000, 69.00000
1137.00000, 67.00000
1138.00000, 67.00000
1140.00000, 69.00000
1142.00000, 65.00000
occurrence3
1132.00000, 70.00000
1134.00000, 69.00000
1137.00000, 67.00000
1138.00000, 67.00000
1140.00000, 69.00000
1142.00000, 65.00000
1144.00000, 67.00000
1148.00000, 65.00000
pattern12
occurrence1
282.00000, 76.00000
285.00000, 71.00000
286.00000, 73.00000
288.00000, 74.00000
600.00000, 69.00000
606.00000, 71.00000
608.00000, 72.00000
occurrence2
616.00000, 77.00000
622.00000, 76.00000
624.00000, 76.00000
628.00000, 72.00000
632.00000, 74.00000
636.00000, 76.00000
639.00000, 77.00000
640.00000, 79.00000
642.00000, 79.00000
644.00000, 77.00000
646.00000, 76.00000
647.00000, 74.00000
648.00000, 72.00000
656.00000, 74.00000
660.00000, 76.00000
664.00000, 72.00000
668.00000, 77.00000
672.00000, 77.00000
676.00000, 76.00000
682.00000, 74.00000
684.00000, 74.00000
690.00000, 72.00000
692.00000, 72.00000
694.00000, 71.00000
696.00000, 74.00000
700.00000, 69.00000
702.00000, 70.00000
704.00000, 69.00000
706.00000, 65.00000
709.00000, 67.00000
710.00000, 69.00000
712.00000, 70.00000
713.00000, 69.00000
714.00000, 67.00000
715.00000, 65.00000
716.00000, 64.00000
720.00000, 62.00000
722.00000, 69.00000
724.00000, 70.00000
726.00000, 69.00000
730.00000, 67.00000
732.00000, 69.00000
744.00000, 62.00000
750.00000, 64.00000
752.00000, 65.00000
756.00000, 67.00000
760.00000, 69.00000
762.00000, 65.00000
764.00000, 64.00000
768.00000, 62.00000
778.00000, 69.00000
780.00000, 70.00000
784.00000, 72.00000
787.00000, 70.00000
788.00000, 67.00000
792.00000, 69.00000
794.00000, 70.00000
796.00000, 72.00000
798.00000, 74.00000
801.00000, 72.00000
802.00000, 70.00000
803.00000, 69.00000
804.00000, 69.00000
807.00000, 70.00000
808.00000, 69.00000
809.00000, 67.00000
809.50000, 65.00000
810.00000, 64.00000
812.00000, 65.00000
815.00000, 64.00000
816.00000, 64.00000
828.00000, 72.00000
834.00000, 74.00000
836.00000, 76.00000
840.00000, 77.00000
846.00000, 76.00000
848.00000, 74.00000
852.00000, 72.00000
854.00000, 69.00000
856.00000, 70.00000
860.00000, 69.00000
863.00000, 67.00000
864.00000, 65.00000
868.00000, 64.00000
874.00000, 69.00000
876.00000, 65.00000
878.00000, 67.00000
880.00000, 69.00000
884.00000, 70.00000
886.00000, 69.00000
890.00000, 74.00000
892.00000, 72.00000
895.00000, 74.00000
896.00000, 76.00000
899.00000, 74.00000
900.00000, 74.00000
902.00000, 79.00000
904.00000, 77.00000
906.00000, 76.00000
907.00000, 74.00000
908.00000, 73.00000
911.00000, 71.00000
912.00000, 74.00000
936.00000, 69.00000
939.00000, 71.00000
940.00000, 72.00000
942.00000, 74.00000
occurrence3
796.00000, 72.00000
798.00000, 74.00000
801.00000, 72.00000
802.00000, 70.00000
803.00000, 69.00000
804.00000, 69.00000
807.00000, 70.00000
808.00000, 69.00000
809.00000, 67.00000
809.50000, 65.00000
810.00000, 64.00000
812.00000, 65.00000
815.00000, 64.00000
816.00000, 64.00000
828.00000, 72.00000
834.00000, 74.00000
836.00000, 76.00000
840.00000, 77.00000
846.00000, 76.00000
848.00000, 74.00000
852.00000, 72.00000
854.00000, 69.00000
856.00000, 70.00000
860.00000, 69.00000
863.00000, 67.00000
864.00000, 65.00000
868.00000, 64.00000
874.00000, 69.00000
876.00000, 65.00000
878.00000, 67.00000
880.00000, 69.00000
884.00000, 70.00000
886.00000, 69.00000
890.00000, 74.00000
892.00000, 72.00000
895.00000, 74.00000
896.00000, 76.00000
899.00000, 74.00000
900.00000, 74.00000
902.00000, 79.00000
904.00000, 77.00000
906.00000, 76.00000
907.00000, 74.00000
908.00000, 73.00000
911.00000, 71.00000
912.00000, 74.00000
936.00000, 69.00000
939.00000, 71.00000
940.00000, 72.00000
942.00000, 74.00000
944.00000, 76.00000
946.00000, 77.00000
949.00000, 76.00000
950.00000, 74.00000
951.00000, 72.00000
952.00000, 74.00000
956.00000, 72.00000
978.00000, 79.00000
981.00000, 77.00000
982.00000, 77.00000
985.00000, 76.00000
986.00000, 76.00000
990.00000, 74.00000
991.00000, 72.00000
992.00000, 74.00000
996.00000, 76.00000
1010.00000, 72.00000
1013.00000, 74.00000
1014.00000, 76.00000
1015.00000, 77.00000
1016.00000, 79.00000
1018.00000, 76.00000
1020.00000, 77.00000
1022.00000, 76.00000
1024.00000, 72.00000
1026.00000, 76.00000
1030.00000, 74.00000
1034.00000, 73.00000
1036.00000, 74.00000
1058.00000, 77.00000
1060.00000, 76.00000
1062.00000, 72.00000
1064.00000, 74.00000
1066.00000, 72.00000
1067.00000, 70.00000
1068.00000, 69.00000
1078.00000, 77.00000
1082.00000, 76.00000
1084.00000, 77.00000
1087.00000, 76.00000
1088.00000, 74.00000
1090.00000, 72.00000
1091.00000, 70.00000
1092.00000, 69.00000
1114.00000, 69.00000
1116.00000, 70.00000
1118.00000, 74.00000
1122.00000, 69.00000
occurrence4
801.00000, 72.00000
802.00000, 70.00000
803.00000, 69.00000
804.00000, 69.00000
807.00000, 70.00000
808.00000, 69.00000
809.00000, 67.00000
809.50000, 65.00000
810.00000, 64.00000
812.00000, 65.00000
815.00000, 64.00000
816.00000, 64.00000
828.00000, 72.00000
834.00000, 74.00000
836.00000, 76.00000
840.00000, 77.00000
846.00000, 76.00000
848.00000, 74.00000
852.00000, 72.00000
854.00000, 69.00000
856.00000, 70.00000
860.00000, 69.00000
863.00000, 67.00000
864.00000, 65.00000
868.00000, 64.00000
874.00000, 69.00000
876.00000, 65.00000
878.00000, 67.00000
880.00000, 69.00000
884.00000, 70.00000
886.00000, 69.00000
890.00000, 74.00000
892.00000, 72.00000
895.00000, 74.00000
896.00000, 76.00000
899.00000, 74.00000
900.00000, 74.00000
902.00000, 79.00000
904.00000, 77.00000
906.00000, 76.00000
907.00000, 74.00000
908.00000, 73.00000
911.00000, 71.00000
912.00000, 74.00000
936.00000, 69.00000
939.00000, 71.00000
940.00000, 72.00000
942.00000, 74.00000
944.00000, 76.00000
946.00000, 77.00000
949.00000, 76.00000
950.00000, 74.00000
951.00000, 72.00000
952.00000, 74.00000
956.00000, 72.00000
978.00000, 79.00000
981.00000, 77.00000
982.00000, 77.00000
985.00000, 76.00000
986.00000, 76.00000
990.00000, 74.00000
991.00000, 72.00000
992.00000, 74.00000
996.00000, 76.00000
1010.00000, 72.00000
1013.00000, 74.00000
1014.00000, 76.00000
1015.00000, 77.00000
1016.00000, 79.00000
1018.00000, 76.00000
1020.00000, 77.00000
1022.00000, 76.00000
1024.00000, 72.00000
1026.00000, 76.00000
1030.00000, 74.00000
1034.00000, 73.00000
1036.00000, 74.00000
1058.00000, 77.00000
1060.00000, 76.00000
1062.00000, 72.00000
1064.00000, 74.00000
1066.00000, 72.00000
1067.00000, 70.00000
1068.00000, 69.00000
1078.00000, 77.00000
1082.00000, 76.00000
1084.00000, 77.00000
1087.00000, 76.00000
1088.00000, 74.00000
1090.00000, 72.00000
1091.00000, 70.00000
1092.00000, 69.00000
1114.00000, 69.00000
1116.00000, 70.00000
1118.00000, 74.00000
1122.00000, 69.00000
1124.00000, 74.00000
1125.00000, 72.00000
1126.00000, 70.00000
1127.00000, 69.00000
occurrence5
802.00000, 70.00000
803.00000, 69.00000
804.00000, 69.00000
807.00000, 70.00000
808.00000, 69.00000
809.00000, 67.00000
809.50000, 65.00000
810.00000, 64.00000
812.00000, 65.00000
815.00000, 64.00000
816.00000, 64.00000
828.00000, 72.00000
834.00000, 74.00000
836.00000, 76.00000
840.00000, 77.00000
846.00000, 76.00000
848.00000, 74.00000
852.00000, 72.00000
854.00000, 69.00000
856.00000, 70.00000
860.00000, 69.00000
863.00000, 67.00000
864.00000, 65.00000
868.00000, 64.00000
874.00000, 69.00000
876.00000, 65.00000
878.00000, 67.00000
880.00000, 69.00000
884.00000, 70.00000
886.00000, 69.00000
890.00000, 74.00000
892.00000, 72.00000
895.00000, 74.00000
896.00000, 76.00000
899.00000, 74.00000
900.00000, 74.00000
902.00000, 79.00000
904.00000, 77.00000
906.00000, 76.00000
907.00000, 74.00000
908.00000, 73.00000
911.00000, 71.00000
912.00000, 74.00000
936.00000, 69.00000
939.00000, 71.00000
940.00000, 72.00000
942.00000, 74.00000
944.00000, 76.00000
946.00000, 77.00000
949.00000, 76.00000
950.00000, 74.00000
951.00000, 72.00000
952.00000, 74.00000
956.00000, 72.00000
978.00000, 79.00000
981.00000, 77.00000
982.00000, 77.00000
985.00000, 76.00000
986.00000, 76.00000
990.00000, 74.00000
991.00000, 72.00000
992.00000, 74.00000
996.00000, 76.00000
1010.00000, 72.00000
1013.00000, 74.00000
1014.00000, 76.00000
1015.00000, 77.00000
1016.00000, 79.00000
1018.00000, 76.00000
1020.00000, 77.00000
1022.00000, 76.00000
1024.00000, 72.00000
1026.00000, 76.00000
1030.00000, 74.00000
1034.00000, 73.00000
1036.00000, 74.00000
1058.00000, 77.00000
1060.00000, 76.00000
1062.00000, 72.00000
1064.00000, 74.00000
1066.00000, 72.00000
1067.00000, 70.00000
1068.00000, 69.00000
1078.00000, 77.00000
1082.00000, 76.00000
1084.00000, 77.00000
1087.00000, 76.00000
1088.00000, 74.00000
1090.00000, 72.00000
1091.00000, 70.00000
1092.00000, 69.00000
1114.00000, 69.00000
1116.00000, 70.00000
1118.00000, 74.00000
1122.00000, 69.00000
1124.00000, 74.00000
1125.00000, 72.00000
1126.00000, 70.00000
1127.00000, 69.00000
1128.00000, 67.00000
pattern13
occurrence1
22.00000, 72.00000
24.00000, 71.00000
28.00000, 69.00000
36.00000, 76.00000
40.00000, 74.00000
42.00000, 79.00000
45.00000, 77.00000
46.00000, 77.00000
49.00000, 76.00000
50.00000, 76.00000
53.00000, 74.00000
54.00000, 74.00000
58.00000, 73.00000
60.00000, 74.00000
72.00000, 72.00000
76.00000, 74.00000
78.00000, 76.00000
82.00000, 79.00000
84.00000, 77.00000
86.00000, 74.00000
88.00000, 76.00000
90.00000, 74.00000
91.00000, 72.00000
92.00000, 71.00000
96.00000, 69.00000
98.00000, 72.00000
100.00000, 71.00000
102.00000, 69.00000
105.00000, 67.00000
occurrence2
82.00000, 79.00000
84.00000, 77.00000
86.00000, 74.00000
88.00000, 76.00000
90.00000, 74.00000
91.00000, 72.00000
92.00000, 71.00000
96.00000, 69.00000
98.00000, 72.00000
100.00000, 71.00000
102.00000, 69.00000
105.00000, 67.00000
106.00000, 64.00000
110.00000, 71.00000
113.00000, 69.00000
114.00000, 69.00000
118.00000, 67.00000
120.00000, 69.00000
132.00000, 76.00000
136.00000, 76.00000
140.00000, 74.00000
144.00000, 72.00000
148.00000, 71.00000
150.00000, 69.00000
152.00000, 72.00000
154.00000, 74.00000
156.00000, 76.00000
158.00000, 79.00000
160.00000, 77.00000
162.00000, 76.00000
165.00000, 74.00000
occurrence3
732.00000, 69.00000
744.00000, 62.00000
750.00000, 64.00000
752.00000, 65.00000
756.00000, 67.00000
760.00000, 69.00000
762.00000, 65.00000
764.00000, 64.00000
768.00000, 62.00000
778.00000, 69.00000
780.00000, 70.00000
784.00000, 72.00000
787.00000, 70.00000
788.00000, 67.00000
792.00000, 69.00000
794.00000, 70.00000
796.00000, 72.00000
798.00000, 74.00000
801.00000, 72.00000
802.00000, 70.00000
803.00000, 69.00000
804.00000, 69.00000
807.00000, 70.00000
808.00000, 69.00000
809.00000, 67.00000
809.50000, 65.00000
810.00000, 64.00000
812.00000, 65.00000
815.00000, 64.00000
pattern14
occurrence1
132.00000, 76.00000
136.00000, 76.00000
140.00000, 74.00000
144.00000, 72.00000
148.00000, 71.00000
150.00000, 69.00000
152.00000, 72.00000
154.00000, 74.00000
156.00000, 76.00000
158.00000, 79.00000
160.00000, 77.00000
162.00000, 76.00000
165.00000, 74.00000
166.00000, 72.00000
168.00000, 71.00000
180.00000, 72.00000
188.00000, 69.00000
192.00000, 67.00000
200.00000, 67.00000
204.00000, 69.00000
207.00000, 67.00000
208.00000, 65.00000
212.00000, 65.00000
216.00000, 64.00000
220.00000, 71.00000
224.00000, 72.00000
228.00000, 71.00000
230.00000, 76.00000
234.00000, 74.00000
236.00000, 76.00000
238.00000, 69.00000
242.00000, 71.00000
244.00000, 72.00000
246.00000, 69.00000
250.00000, 67.00000
252.00000, 69.00000
254.00000, 64.00000
258.00000, 69.00000
260.00000, 67.00000
262.00000, 72.00000
264.00000, 71.00000
266.00000, 76.00000
270.00000, 74.00000
274.00000, 79.00000
277.00000, 76.00000
278.00000, 77.00000
281.00000, 74.00000
282.00000, 76.00000
285.00000, 71.00000
286.00000, 73.00000
288.00000, 74.00000
occurrence2
722.00000, 69.00000
724.00000, 70.00000
726.00000, 69.00000
730.00000, 67.00000
732.00000, 69.00000
744.00000, 62.00000
750.00000, 64.00000
752.00000, 65.00000
756.00000, 67.00000
760.00000, 69.00000
762.00000, 65.00000
764.00000, 64.00000
768.00000, 62.00000
778.00000, 69.00000
780.00000, 70.00000
784.00000, 72.00000
787.00000, 70.00000
788.00000, 67.00000
792.00000, 69.00000
794.00000, 70.00000
796.00000, 72.00000
798.00000, 74.00000
801.00000, 72.00000
802.00000, 70.00000
803.00000, 69.00000
804.00000, 69.00000
807.00000, 70.00000
808.00000, 69.00000
809.00000, 67.00000
809.50000, 65.00000
810.00000, 64.00000
812.00000, 65.00000
815.00000, 64.00000
816.00000, 64.00000
828.00000, 72.00000
834.00000, 74.00000
836.00000, 76.00000
840.00000, 77.00000
846.00000, 76.00000
848.00000, 74.00000
852.00000, 72.00000
854.00000, 69.00000
856.00000, 70.00000
860.00000, 69.00000
863.00000, 67.00000
864.00000, 65.00000
868.00000, 64.00000
874.00000, 69.00000
876.00000, 65.00000
878.00000, 67.00000
occurrence3
724.00000, 70.00000
726.00000, 69.00000
730.00000, 67.00000
732.00000, 69.00000
744.00000, 62.00000
750.00000, 64.00000
752.00000, 65.00000
756.00000, 67.00000
760.00000, 69.00000
762.00000, 65.00000
764.00000, 64.00000
768.00000, 62.00000
778.00000, 69.00000
780.00000, 70.00000
784.00000, 72.00000
787.00000, 70.00000
788.00000, 67.00000
792.00000, 69.00000
794.00000, 70.00000
796.00000, 72.00000
798.00000, 74.00000
801.00000, 72.00000
802.00000, 70.00000
803.00000, 69.00000
804.00000, 69.00000
807.00000, 70.00000
808.00000, 69.00000
809.00000, 67.00000
809.50000, 65.00000
810.00000, 64.00000
812.00000, 65.00000
815.00000, 64.00000
816.00000, 64.00000
828.00000, 72.00000
834.00000, 74.00000
836.00000, 76.00000
840.00000, 77.00000
846.00000, 76.00000
848.00000, 74.00000
852.00000, 72.00000
854.00000, 69.00000
856.00000, 70.00000
860.00000, 69.00000
863.00000, 67.00000
864.00000, 65.00000
868.00000, 64.00000
874.00000, 69.00000
876.00000, 65.00000
878.00000, 67.00000
880.00000, 69.00000
pattern15
occurrence1
266.00000, 76.00000
270.00000, 74.00000
274.00000, 79.00000
277.00000, 76.00000
278.00000, 77.00000
281.00000, 74.00000
282.00000, 76.00000
285.00000, 71.00000
286.00000, 73.00000
288.00000, 74.00000
600.00000, 69.00000
606.00000, 71.00000
608.00000, 72.00000
612.00000, 74.00000
616.00000, 77.00000
622.00000, 76.00000
624.00000, 76.00000
628.00000, 72.00000
632.00000, 74.00000
636.00000, 76.00000
639.00000, 77.00000
640.00000, 79.00000
642.00000, 79.00000
644.00000, 77.00000
646.00000, 76.00000
647.00000, 74.00000
648.00000, 72.00000
656.00000, 74.00000
660.00000, 76.00000
664.00000, 72.00000
668.00000, 77.00000
672.00000, 77.00000
676.00000, 76.00000
682.00000, 74.00000
684.00000, 74.00000
occurrence2
710.00000, 69.00000
712.00000, 70.00000
713.00000, 69.00000
714.00000, 67.00000
715.00000, 65.00000
716.00000, 64.00000
720.00000, 62.00000
722.00000, 69.00000
724.00000, 70.00000
726.00000, 69.00000
730.00000, 67.00000
732.00000, 69.00000
744.00000, 62.00000
750.00000, 64.00000
752.00000, 65.00000
756.00000, 67.00000
760.00000, 69.00000
762.00000, 65.00000
764.00000, 64.00000
768.00000, 62.00000
778.00000, 69.00000
780.00000, 70.00000
784.00000, 72.00000
787.00000, 70.00000
788.00000, 67.00000
792.00000, 69.00000
794.00000, 70.00000
796.00000, 72.00000
798.00000, 74.00000
801.00000, 72.00000
802.00000, 70.00000
803.00000, 69.00000
804.00000, 69.00000
807.00000, 70.00000
808.00000, 69.00000
809.00000, 67.00000
809.50000, 65.00000
810.00000, 64.00000
812.00000, 65.00000
815.00000, 64.00000
816.00000, 64.00000
828.00000, 72.00000
834.00000, 74.00000
836.00000, 76.00000
840.00000, 77.00000
846.00000, 76.00000
848.00000, 74.00000
852.00000, 72.00000
854.00000, 69.00000
856.00000, 70.00000
860.00000, 69.00000
863.00000, 67.00000
864.00000, 65.00000
868.00000, 64.00000
874.00000, 69.00000
876.00000, 65.00000
878.00000, 67.00000
880.00000, 69.00000
884.00000, 70.00000
886.00000, 69.00000
890.00000, 74.00000
892.00000, 72.00000
895.00000, 74.00000
896.00000, 76.00000
899.00000, 74.00000
900.00000, 74.00000
902.00000, 79.00000
904.00000, 77.00000
906.00000, 76.00000
907.00000, 74.00000
908.00000, 73.00000
911.00000, 71.00000
912.00000, 74.00000
936.00000, 69.00000
939.00000, 71.00000
940.00000, 72.00000
942.00000, 74.00000
944.00000, 76.00000
946.00000, 77.00000
949.00000, 76.00000
950.00000, 74.00000
951.00000, 72.00000
952.00000, 74.00000
956.00000, 72.00000
978.00000, 79.00000
981.00000, 77.00000
982.00000, 77.00000
985.00000, 76.00000
986.00000, 76.00000
990.00000, 74.00000
991.00000, 72.00000
992.00000, 74.00000
996.00000, 76.00000
1010.00000, 72.00000
1013.00000, 74.00000
1014.00000, 76.00000
1015.00000, 77.00000
1016.00000, 79.00000
1018.00000, 76.00000
1020.00000, 77.00000
1022.00000, 76.00000
1024.00000, 72.00000
1026.00000, 76.00000
1030.00000, 74.00000
1034.00000, 73.00000
1036.00000, 74.00000
1058.00000, 77.00000
1060.00000, 76.00000
1062.00000, 72.00000
1064.00000, 74.00000
1066.00000, 72.00000
1067.00000, 70.00000
1068.00000, 69.00000
1078.00000, 77.00000
1082.00000, 76.00000
1084.00000, 77.00000
1087.00000, 76.00000
1088.00000, 74.00000
1090.00000, 72.00000
1091.00000, 70.00000
1092.00000, 69.00000
1114.00000, 69.00000
1116.00000, 70.00000
1118.00000, 74.00000
1122.00000, 69.00000
1124.00000, 74.00000
1125.00000, 72.00000
1126.00000, 70.00000
1127.00000, 69.00000
1128.00000, 67.00000
occurrence3
726.00000, 69.00000
730.00000, 67.00000
732.00000, 69.00000
744.00000, 62.00000
750.00000, 64.00000
752.00000, 65.00000
756.00000, 67.00000
760.00000, 69.00000
762.00000, 65.00000
764.00000, 64.00000
768.00000, 62.00000
778.00000, 69.00000
780.00000, 70.00000
784.00000, 72.00000
787.00000, 70.00000
788.00000, 67.00000
792.00000, 69.00000
794.00000, 70.00000
796.00000, 72.00000
798.00000, 74.00000
801.00000, 72.00000
802.00000, 70.00000
803.00000, 69.00000
804.00000, 69.00000
807.00000, 70.00000
808.00000, 69.00000
809.00000, 67.00000
809.50000, 65.00000
810.00000, 64.00000
812.00000, 65.00000
815.00000, 64.00000
816.00000, 64.00000
828.00000, 72.00000
834.00000, 74.00000
836.00000, 76.00000
840.00000, 77.00000
846.00000, 76.00000
848.00000, 74.00000
852.00000, 72.00000
854.00000, 69.00000
856.00000, 70.00000
860.00000, 69.00000
863.00000, 67.00000
864.00000, 65.00000
868.00000, 64.00000
874.00000, 69.00000
876.00000, 65.00000
878.00000, 67.00000
880.00000, 69.00000
884.00000, 70.00000
886.00000, 69.00000
890.00000, 74.00000
892.00000, 72.00000
895.00000, 74.00000
896.00000, 76.00000
899.00000, 74.00000
900.00000, 74.00000
902.00000, 79.00000
904.00000, 77.00000
906.00000, 76.00000
907.00000, 74.00000
908.00000, 73.00000
911.00000, 71.00000
912.00000, 74.00000
936.00000, 69.00000
939.00000, 71.00000
940.00000, 72.00000
942.00000, 74.00000
944.00000, 76.00000
946.00000, 77.00000
949.00000, 76.00000
950.00000, 74.00000
951.00000, 72.00000
952.00000, 74.00000
956.00000, 72.00000
978.00000, 79.00000
981.00000, 77.00000
982.00000, 77.00000
985.00000, 76.00000
986.00000, 76.00000
990.00000, 74.00000
991.00000, 72.00000
992.00000, 74.00000
996.00000, 76.00000
1010.00000, 72.00000
1013.00000, 74.00000
1014.00000, 76.00000
1015.00000, 77.00000
1016.00000, 79.00000
1018.00000, 76.00000
1020.00000, 77.00000
1022.00000, 76.00000
1024.00000, 72.00000
1026.00000, 76.00000
1030.00000, 74.00000
1034.00000, 73.00000
1036.00000, 74.00000
1058.00000, 77.00000
1060.00000, 76.00000
1062.00000, 72.00000
1064.00000, 74.00000
1066.00000, 72.00000
1067.00000, 70.00000
1068.00000, 69.00000
1078.00000, 77.00000
1082.00000, 76.00000
1084.00000, 77.00000
1087.00000, 76.00000
1088.00000, 74.00000
1090.00000, 72.00000
1091.00000, 70.00000
1092.00000, 69.00000
1114.00000, 69.00000
1116.00000, 70.00000
1118.00000, 74.00000
1122.00000, 69.00000
1124.00000, 74.00000
1125.00000, 72.00000
1126.00000, 70.00000
1127.00000, 69.00000
1128.00000, 67.00000
1129.00000, 69.00000
1130.00000, 70.00000
1131.00000, 72.00000
1132.00000, 70.00000
1134.00000, 69.00000
1137.00000, 67.00000
1138.00000, 67.00000
1140.00000, 69.00000
1142.00000, 65.00000
1144.00000, 67.00000
pattern16
occurrence1
24.00000, 71.00000
28.00000, 69.00000
36.00000, 76.00000
40.00000, 74.00000
42.00000, 79.00000
45.00000, 77.00000
46.00000, 77.00000
49.00000, 76.00000
50.00000, 76.00000
53.00000, 74.00000
54.00000, 74.00000
58.00000, 73.00000
60.00000, 74.00000
72.00000, 72.00000
76.00000, 74.00000
78.00000, 76.00000
82.00000, 79.00000
84.00000, 77.00000
86.00000, 74.00000
88.00000, 76.00000
90.00000, 74.00000
91.00000, 72.00000
92.00000, 71.00000
occurrence2
28.00000, 69.00000
36.00000, 76.00000
40.00000, 74.00000
42.00000, 79.00000
45.00000, 77.00000
46.00000, 77.00000
49.00000, 76.00000
50.00000, 76.00000
53.00000, 74.00000
54.00000, 74.00000
58.00000, 73.00000
60.00000, 74.00000
72.00000, 72.00000
76.00000, 74.00000
78.00000, 76.00000
82.00000, 79.00000
84.00000, 77.00000
86.00000, 74.00000
88.00000, 76.00000
90.00000, 74.00000
91.00000, 72.00000
92.00000, 71.00000
96.00000, 69.00000
occurrence3
86.00000, 74.00000
88.00000, 76.00000
90.00000, 74.00000
91.00000, 72.00000
92.00000, 71.00000
96.00000, 69.00000
98.00000, 72.00000
100.00000, 71.00000
102.00000, 69.00000
105.00000, 67.00000
106.00000, 64.00000
110.00000, 71.00000
113.00000, 69.00000
114.00000, 69.00000
118.00000, 67.00000
120.00000, 69.00000
132.00000, 76.00000
136.00000, 76.00000
140.00000, 74.00000
144.00000, 72.00000
148.00000, 71.00000
150.00000, 69.00000
152.00000, 72.00000
154.00000, 74.00000
occurrence4
88.00000, 76.00000
90.00000, 74.00000
91.00000, 72.00000
92.00000, 71.00000
96.00000, 69.00000
98.00000, 72.00000
100.00000, 71.00000
102.00000, 69.00000
105.00000, 67.00000
106.00000, 64.00000
110.00000, 71.00000
113.00000, 69.00000
114.00000, 69.00000
118.00000, 67.00000
120.00000, 69.00000
132.00000, 76.00000
136.00000, 76.00000
140.00000, 74.00000
144.00000, 72.00000
148.00000, 71.00000
150.00000, 69.00000
152.00000, 72.00000
154.00000, 74.00000
156.00000, 76.00000
occurrence5
98.00000, 72.00000
100.00000, 71.00000
102.00000, 69.00000
105.00000, 67.00000
106.00000, 64.00000
110.00000, 71.00000
113.00000, 69.00000
114.00000, 69.00000
118.00000, 67.00000
120.00000, 69.00000
132.00000, 76.00000
136.00000, 76.00000
140.00000, 74.00000
144.00000, 72.00000
148.00000, 71.00000
150.00000, 69.00000
152.00000, 72.00000
154.00000, 74.00000
156.00000, 76.00000
158.00000, 79.00000
160.00000, 77.00000
162.00000, 76.00000
165.00000, 74.00000
166.00000, 72.00000
occurrence6
100.00000, 71.00000
102.00000, 69.00000
105.00000, 67.00000
106.00000, 64.00000
110.00000, 71.00000
113.00000, 69.00000
114.00000, 69.00000
118.00000, 67.00000
120.00000, 69.00000
132.00000, 76.00000
136.00000, 76.00000
140.00000, 74.00000
144.00000, 72.00000
148.00000, 71.00000
150.00000, 69.00000
152.00000, 72.00000
154.00000, 74.00000
156.00000, 76.00000
158.00000, 79.00000
160.00000, 77.00000
162.00000, 76.00000
165.00000, 74.00000
166.00000, 72.00000
168.00000, 71.00000
occurrence7
120.00000, 69.00000
132.00000, 76.00000
136.00000, 76.00000
140.00000, 74.00000
144.00000, 72.00000
148.00000, 71.00000
150.00000, 69.00000
152.00000, 72.00000
154.00000, 74.00000
156.00000, 76.00000
158.00000, 79.00000
160.00000, 77.00000
162.00000, 76.00000
165.00000, 74.00000
166.00000, 72.00000
168.00000, 71.00000
180.00000, 72.00000
188.00000, 69.00000
occurrence8
162.00000, 76.00000
165.00000, 74.00000
166.00000, 72.00000
168.00000, 71.00000
180.00000, 72.00000
188.00000, 69.00000
192.00000, 67.00000
200.00000, 67.00000
204.00000, 69.00000
207.00000, 67.00000
208.00000, 65.00000
212.00000, 65.00000
216.00000, 64.00000
220.00000, 71.00000
224.00000, 72.00000
228.00000, 71.00000
230.00000, 76.00000
occurrence9
192.00000, 67.00000
200.00000, 67.00000
204.00000, 69.00000
207.00000, 67.00000
208.00000, 65.00000
212.00000, 65.00000
216.00000, 64.00000
220.00000, 71.00000
224.00000, 72.00000
228.00000, 71.00000
230.00000, 76.00000
234.00000, 74.00000
236.00000, 76.00000
238.00000, 69.00000
242.00000, 71.00000
244.00000, 72.00000
246.00000, 69.00000
250.00000, 67.00000
252.00000, 69.00000
254.00000, 64.00000
258.00000, 69.00000
260.00000, 67.00000
occurrence10
710.00000, 69.00000
712.00000, 70.00000
713.00000, 69.00000
714.00000, 67.00000
715.00000, 65.00000
716.00000, 64.00000
720.00000, 62.00000
722.00000, 69.00000
724.00000, 70.00000
726.00000, 69.00000
730.00000, 67.00000
732.00000, 69.00000
744.00000, 62.00000
750.00000, 64.00000
752.00000, 65.00000
756.00000, 67.00000
760.00000, 69.00000
762.00000, 65.00000
764.00000, 64.00000
768.00000, 62.00000
778.00000, 69.00000
occurrence11
712.00000, 70.00000
713.00000, 69.00000
714.00000, 67.00000
715.00000, 65.00000
716.00000, 64.00000
720.00000, 62.00000
722.00000, 69.00000
724.00000, 70.00000
726.00000, 69.00000
730.00000, 67.00000
732.00000, 69.00000
744.00000, 62.00000
750.00000, 64.00000
752.00000, 65.00000
756.00000, 67.00000
760.00000, 69.00000
762.00000, 65.00000
764.00000, 64.00000
768.00000, 62.00000
778.00000, 69.00000
780.00000, 70.00000
occurrence12
784.00000, 72.00000
787.00000, 70.00000
788.00000, 67.00000
792.00000, 69.00000
794.00000, 70.00000
796.00000, 72.00000
798.00000, 74.00000
801.00000, 72.00000
802.00000, 70.00000
803.00000, 69.00000
804.00000, 69.00000
807.00000, 70.00000
808.00000, 69.00000
809.00000, 67.00000
809.50000, 65.00000
810.00000, 64.00000
812.00000, 65.00000
815.00000, 64.00000
816.00000, 64.00000
828.00000, 72.00000
834.00000, 74.00000
836.00000, 76.00000
840.00000, 77.00000
846.00000, 76.00000
848.00000, 74.00000
852.00000, 72.00000
occurrence13
792.00000, 69.00000
794.00000, 70.00000
796.00000, 72.00000
798.00000, 74.00000
801.00000, 72.00000
802.00000, 70.00000
803.00000, 69.00000
804.00000, 69.00000
807.00000, 70.00000
808.00000, 69.00000
809.00000, 67.00000
809.50000, 65.00000
810.00000, 64.00000
812.00000, 65.00000
815.00000, 64.00000
816.00000, 64.00000
828.00000, 72.00000
834.00000, 74.00000
836.00000, 76.00000
840.00000, 77.00000
846.00000, 76.00000
848.00000, 74.00000
852.00000, 72.00000
854.00000, 69.00000
856.00000, 70.00000
860.00000, 69.00000
occurrence14
956.00000, 72.00000
978.00000, 79.00000
981.00000, 77.00000
982.00000, 77.00000
985.00000, 76.00000
986.00000, 76.00000
990.00000, 74.00000
991.00000, 72.00000
992.00000, 74.00000
996.00000, 76.00000
1010.00000, 72.00000
1013.00000, 74.00000
1014.00000, 76.00000
1015.00000, 77.00000
1016.00000, 79.00000
1018.00000, 76.00000
1020.00000, 77.00000
1022.00000, 76.00000
1024.00000, 72.00000
occurrence15
1014.00000, 76.00000
1015.00000, 77.00000
1016.00000, 79.00000
1018.00000, 76.00000
1020.00000, 77.00000
1022.00000, 76.00000
1024.00000, 72.00000
1026.00000, 76.00000
1030.00000, 74.00000
1034.00000, 73.00000
1036.00000, 74.00000
1058.00000, 77.00000
1060.00000, 76.00000
1062.00000, 72.00000
1064.00000, 74.00000
1066.00000, 72.00000
1067.00000, 70.00000
1068.00000, 69.00000
1078.00000, 77.00000
1082.00000, 76.00000
pattern17
occurrence1
18.00000, 76.00000
21.00000, 74.00000
22.00000, 72.00000
24.00000, 71.00000
28.00000, 69.00000
36.00000, 76.00000
40.00000, 74.00000
42.00000, 79.00000
45.00000, 77.00000
46.00000, 77.00000
49.00000, 76.00000
50.00000, 76.00000
53.00000, 74.00000
54.00000, 74.00000
58.00000, 73.00000
60.00000, 74.00000
72.00000, 72.00000
76.00000, 74.00000
78.00000, 76.00000
82.00000, 79.00000
84.00000, 77.00000
86.00000, 74.00000
88.00000, 76.00000
90.00000, 74.00000
91.00000, 72.00000
92.00000, 71.00000
96.00000, 69.00000
98.00000, 72.00000
100.00000, 71.00000
102.00000, 69.00000
105.00000, 67.00000
106.00000, 64.00000
110.00000, 71.00000
113.00000, 69.00000
114.00000, 69.00000
118.00000, 67.00000
120.00000, 69.00000
132.00000, 76.00000
136.00000, 76.00000
occurrence2
110.00000, 71.00000
113.00000, 69.00000
114.00000, 69.00000
118.00000, 67.00000
120.00000, 69.00000
132.00000, 76.00000
136.00000, 76.00000
140.00000, 74.00000
144.00000, 72.00000
148.00000, 71.00000
150.00000, 69.00000
152.00000, 72.00000
154.00000, 74.00000
156.00000, 76.00000
158.00000, 79.00000
160.00000, 77.00000
162.00000, 76.00000
165.00000, 74.00000
166.00000, 72.00000
168.00000, 71.00000
180.00000, 72.00000
188.00000, 69.00000
192.00000, 67.00000
200.00000, 67.00000
204.00000, 69.00000
207.00000, 67.00000
208.00000, 65.00000
212.00000, 65.00000
216.00000, 64.00000
220.00000, 71.00000
224.00000, 72.00000
228.00000, 71.00000
occurrence3
120.00000, 69.00000
132.00000, 76.00000
136.00000, 76.00000
140.00000, 74.00000
144.00000, 72.00000
148.00000, 71.00000
150.00000, 69.00000
152.00000, 72.00000
154.00000, 74.00000
156.00000, 76.00000
158.00000, 79.00000
160.00000, 77.00000
162.00000, 76.00000
165.00000, 74.00000
166.00000, 72.00000
168.00000, 71.00000
180.00000, 72.00000
188.00000, 69.00000
192.00000, 67.00000
200.00000, 67.00000
204.00000, 69.00000
207.00000, 67.00000
208.00000, 65.00000
212.00000, 65.00000
216.00000, 64.00000
220.00000, 71.00000
224.00000, 72.00000
228.00000, 71.00000
230.00000, 76.00000
234.00000, 74.00000
236.00000, 76.00000
238.00000, 69.00000
occurrence4
144.00000, 72.00000
148.00000, 71.00000
150.00000, 69.00000
152.00000, 72.00000
154.00000, 74.00000
156.00000, 76.00000
158.00000, 79.00000
160.00000, 77.00000
162.00000, 76.00000
165.00000, 74.00000
166.00000, 72.00000
168.00000, 71.00000
180.00000, 72.00000
188.00000, 69.00000
192.00000, 67.00000
200.00000, 67.00000
204.00000, 69.00000
207.00000, 67.00000
208.00000, 65.00000
212.00000, 65.00000
216.00000, 64.00000
220.00000, 71.00000
224.00000, 72.00000
228.00000, 71.00000
230.00000, 76.00000
234.00000, 74.00000
236.00000, 76.00000
238.00000, 69.00000
242.00000, 71.00000
244.00000, 72.00000
246.00000, 69.00000
250.00000, 67.00000
252.00000, 69.00000
254.00000, 64.00000
258.00000, 69.00000
260.00000, 67.00000
262.00000, 72.00000
occurrence5
160.00000, 77.00000
162.00000, 76.00000
165.00000, 74.00000
166.00000, 72.00000
168.00000, 71.00000
180.00000, 72.00000
188.00000, 69.00000
192.00000, 67.00000
200.00000, 67.00000
204.00000, 69.00000
207.00000, 67.00000
208.00000, 65.00000
212.00000, 65.00000
216.00000, 64.00000
220.00000, 71.00000
224.00000, 72.00000
228.00000, 71.00000
230.00000, 76.00000
234.00000, 74.00000
236.00000, 76.00000
238.00000, 69.00000
242.00000, 71.00000
244.00000, 72.00000
246.00000, 69.00000
250.00000, 67.00000
252.00000, 69.00000
254.00000, 64.00000
258.00000, 69.00000
260.00000, 67.00000
262.00000, 72.00000
264.00000, 71.00000
266.00000, 76.00000
270.00000, 74.00000
274.00000, 79.00000
277.00000, 76.00000
278.00000, 77.00000
occurrence6
606.00000, 71.00000
608.00000, 72.00000
612.00000, 74.00000
616.00000, 77.00000
622.00000, 76.00000
624.00000, 76.00000
628.00000, 72.00000
632.00000, 74.00000
636.00000, 76.00000
639.00000, 77.00000
640.00000, 79.00000
642.00000, 79.00000
644.00000, 77.00000
646.00000, 76.00000
647.00000, 74.00000
648.00000, 72.00000
656.00000, 74.00000
660.00000, 76.00000
664.00000, 72.00000
668.00000, 77.00000
672.00000, 77.00000
676.00000, 76.00000
682.00000, 74.00000
684.00000, 74.00000
690.00000, 72.00000
692.00000, 72.00000
694.00000, 71.00000
696.00000, 74.00000
700.00000, 69.00000
702.00000, 70.00000
704.00000, 69.00000
706.00000, 65.00000
709.00000, 67.00000
710.00000, 69.00000
712.00000, 70.00000
713.00000, 69.00000
714.00000, 67.00000
715.00000, 65.00000
716.00000, 64.00000
720.00000, 62.00000
722.00000, 69.00000
724.00000, 70.00000
occurrence7
750.00000, 64.00000
752.00000, 65.00000
756.00000, 67.00000
760.00000, 69.00000
762.00000, 65.00000
764.00000, 64.00000
768.00000, 62.00000
778.00000, 69.00000
780.00000, 70.00000
784.00000, 72.00000
787.00000, 70.00000
788.00000, 67.00000
792.00000, 69.00000
794.00000, 70.00000
796.00000, 72.00000
798.00000, 74.00000
801.00000, 72.00000
802.00000, 70.00000
803.00000, 69.00000
804.00000, 69.00000
807.00000, 70.00000
808.00000, 69.00000
809.00000, 67.00000
809.50000, 65.00000
810.00000, 64.00000
812.00000, 65.00000
815.00000, 64.00000
816.00000, 64.00000
828.00000, 72.00000
834.00000, 74.00000
836.00000, 76.00000
840.00000, 77.00000
846.00000, 76.00000
848.00000, 74.00000
852.00000, 72.00000
854.00000, 69.00000
856.00000, 70.00000
860.00000, 69.00000
863.00000, 67.00000
864.00000, 65.00000
868.00000, 64.00000
occurrence8
834.00000, 74.00000
836.00000, 76.00000
840.00000, 77.00000
846.00000, 76.00000
848.00000, 74.00000
852.00000, 72.00000
854.00000, 69.00000
856.00000, 70.00000
860.00000, 69.00000
863.00000, 67.00000
864.00000, 65.00000
868.00000, 64.00000
874.00000, 69.00000
876.00000, 65.00000
878.00000, 67.00000
880.00000, 69.00000
884.00000, 70.00000
886.00000, 69.00000
890.00000, 74.00000
892.00000, 72.00000
895.00000, 74.00000
896.00000, 76.00000
899.00000, 74.00000
900.00000, 74.00000
902.00000, 79.00000
904.00000, 77.00000
906.00000, 76.00000
907.00000, 74.00000
908.00000, 73.00000
911.00000, 71.00000
912.00000, 74.00000
936.00000, 69.00000
939.00000, 71.00000
940.00000, 72.00000
942.00000, 74.00000
944.00000, 76.00000
946.00000, 77.00000
949.00000, 76.00000
950.00000, 74.00000
951.00000, 72.00000
952.00000, 74.00000
occurrence9
892.00000, 72.00000
895.00000, 74.00000
896.00000, 76.00000
899.00000, 74.00000
900.00000, 74.00000
902.00000, 79.00000
904.00000, 77.00000
906.00000, 76.00000
907.00000, 74.00000
908.00000, 73.00000
911.00000, 71.00000
912.00000, 74.00000
936.00000, 69.00000
939.00000, 71.00000
940.00000, 72.00000
942.00000, 74.00000
944.00000, 76.00000
946.00000, 77.00000
949.00000, 76.00000
950.00000, 74.00000
951.00000, 72.00000
952.00000, 74.00000
956.00000, 72.00000
978.00000, 79.00000
981.00000, 77.00000
982.00000, 77.00000
985.00000, 76.00000
986.00000, 76.00000
990.00000, 74.00000
991.00000, 72.00000
992.00000, 74.00000
996.00000, 76.00000
1010.00000, 72.00000
occurrence10
895.00000, 74.00000
896.00000, 76.00000
899.00000, 74.00000
900.00000, 74.00000
902.00000, 79.00000
904.00000, 77.00000
906.00000, 76.00000
907.00000, 74.00000
908.00000, 73.00000
911.00000, 71.00000
912.00000, 74.00000
936.00000, 69.00000
939.00000, 71.00000
940.00000, 72.00000
942.00000, 74.00000
944.00000, 76.00000
946.00000, 77.00000
949.00000, 76.00000
950.00000, 74.00000
951.00000, 72.00000
952.00000, 74.00000
956.00000, 72.00000
978.00000, 79.00000
981.00000, 77.00000
982.00000, 77.00000
985.00000, 76.00000
986.00000, 76.00000
990.00000, 74.00000
991.00000, 72.00000
992.00000, 74.00000
996.00000, 76.00000
1010.00000, 72.00000
1013.00000, 74.00000
occurrence11
896.00000, 76.00000
899.00000, 74.00000
900.00000, 74.00000
902.00000, 79.00000
904.00000, 77.00000
906.00000, 76.00000
907.00000, 74.00000
908.00000, 73.00000
911.00000, 71.00000
912.00000, 74.00000
936.00000, 69.00000
939.00000, 71.00000
940.00000, 72.00000
942.00000, 74.00000
944.00000, 76.00000
946.00000, 77.00000
949.00000, 76.00000
950.00000, 74.00000
951.00000, 72.00000
952.00000, 74.00000
956.00000, 72.00000
978.00000, 79.00000
981.00000, 77.00000
982.00000, 77.00000
985.00000, 76.00000
986.00000, 76.00000
990.00000, 74.00000
991.00000, 72.00000
992.00000, 74.00000
996.00000, 76.00000
1010.00000, 72.00000
1013.00000, 74.00000
1014.00000, 76.00000
occurrence12
912.00000, 74.00000
936.00000, 69.00000
939.00000, 71.00000
940.00000, 72.00000
942.00000, 74.00000
944.00000, 76.00000
946.00000, 77.00000
949.00000, 76.00000
950.00000, 74.00000
951.00000, 72.00000
952.00000, 74.00000
956.00000, 72.00000
978.00000, 79.00000
981.00000, 77.00000
982.00000, 77.00000
985.00000, 76.00000
986.00000, 76.00000
990.00000, 74.00000
991.00000, 72.00000
992.00000, 74.00000
996.00000, 76.00000
1010.00000, 72.00000
1013.00000, 74.00000
1014.00000, 76.00000
1015.00000, 77.00000
1016.00000, 79.00000
1018.00000, 76.00000
1020.00000, 77.00000
1022.00000, 76.00000
1024.00000, 72.00000
1026.00000, 76.00000
1030.00000, 74.00000
pattern18
occurrence1
16.00000, 76.00000
18.00000, 76.00000
21.00000, 74.00000
22.00000, 72.00000
24.00000, 71.00000
28.00000, 69.00000
36.00000, 76.00000
40.00000, 74.00000
42.00000, 79.00000
45.00000, 77.00000
46.00000, 77.00000
49.00000, 76.00000
50.00000, 76.00000
53.00000, 74.00000
54.00000, 74.00000
58.00000, 73.00000
60.00000, 74.00000
72.00000, 72.00000
76.00000, 74.00000
78.00000, 76.00000
occurrence2
224.00000, 72.00000
228.00000, 71.00000
230.00000, 76.00000
234.00000, 74.00000
236.00000, 76.00000
238.00000, 69.00000
242.00000, 71.00000
244.00000, 72.00000
246.00000, 69.00000
250.00000, 67.00000
252.00000, 69.00000
254.00000, 64.00000
258.00000, 69.00000
260.00000, 67.00000
262.00000, 72.00000
264.00000, 71.00000
266.00000, 76.00000
270.00000, 74.00000
274.00000, 79.00000
277.00000, 76.00000
278.00000, 77.00000
281.00000, 74.00000
282.00000, 76.00000
285.00000, 71.00000
286.00000, 73.00000
occurrence3
628.00000, 72.00000
632.00000, 74.00000
636.00000, 76.00000
639.00000, 77.00000
640.00000, 79.00000
642.00000, 79.00000
644.00000, 77.00000
646.00000, 76.00000
647.00000, 74.00000
648.00000, 72.00000
656.00000, 74.00000
660.00000, 76.00000
664.00000, 72.00000
668.00000, 77.00000
672.00000, 77.00000
676.00000, 76.00000
682.00000, 74.00000
684.00000, 74.00000
690.00000, 72.00000
occurrence4
792.00000, 69.00000
794.00000, 70.00000
796.00000, 72.00000
798.00000, 74.00000
801.00000, 72.00000
802.00000, 70.00000
803.00000, 69.00000
804.00000, 69.00000
807.00000, 70.00000
808.00000, 69.00000
809.00000, 67.00000
809.50000, 65.00000
810.00000, 64.00000
812.00000, 65.00000
815.00000, 64.00000
816.00000, 64.00000
828.00000, 72.00000
834.00000, 74.00000
836.00000, 76.00000
840.00000, 77.00000
846.00000, 76.00000
848.00000, 74.00000
852.00000, 72.00000
854.00000, 69.00000
occurrence5
794.00000, 70.00000
796.00000, 72.00000
798.00000, 74.00000
801.00000, 72.00000
802.00000, 70.00000
803.00000, 69.00000
804.00000, 69.00000
807.00000, 70.00000
808.00000, 69.00000
809.00000, 67.00000
809.50000, 65.00000
810.00000, 64.00000
812.00000, 65.00000
815.00000, 64.00000
816.00000, 64.00000
828.00000, 72.00000
834.00000, 74.00000
836.00000, 76.00000
840.00000, 77.00000
846.00000, 76.00000
848.00000, 74.00000
852.00000, 72.00000
854.00000, 69.00000
856.00000, 70.00000
occurrence6
874.00000, 69.00000
876.00000, 65.00000
878.00000, 67.00000
880.00000, 69.00000
884.00000, 70.00000
886.00000, 69.00000
890.00000, 74.00000
892.00000, 72.00000
895.00000, 74.00000
896.00000, 76.00000
899.00000, 74.00000
900.00000, 74.00000
902.00000, 79.00000
904.00000, 77.00000
906.00000, 76.00000
907.00000, 74.00000
908.00000, 73.00000
911.00000, 71.00000
912.00000, 74.00000
936.00000, 69.00000
occurrence7
890.00000, 74.00000
892.00000, 72.00000
895.00000, 74.00000
896.00000, 76.00000
899.00000, 74.00000
900.00000, 74.00000
902.00000, 79.00000
904.00000, 77.00000
906.00000, 76.00000
907.00000, 74.00000
908.00000, 73.00000
911.00000, 71.00000
912.00000, 74.00000
936.00000, 69.00000
939.00000, 71.00000
940.00000, 72.00000
942.00000, 74.00000
944.00000, 76.00000
946.00000, 77.00000
949.00000, 76.00000
950.00000, 74.00000
951.00000, 72.00000
952.00000, 74.00000
pattern19
occurrence1
250.00000, 67.00000
252.00000, 69.00000
254.00000, 64.00000
258.00000, 69.00000
260.00000, 67.00000
262.00000, 72.00000
264.00000, 71.00000
266.00000, 76.00000
270.00000, 74.00000
274.00000, 79.00000
277.00000, 76.00000
278.00000, 77.00000
281.00000, 74.00000
282.00000, 76.00000
285.00000, 71.00000
286.00000, 73.00000
288.00000, 74.00000
600.00000, 69.00000
606.00000, 71.00000
608.00000, 72.00000
612.00000, 74.00000
616.00000, 77.00000
622.00000, 76.00000
624.00000, 76.00000
628.00000, 72.00000
632.00000, 74.00000
636.00000, 76.00000
639.00000, 77.00000
640.00000, 79.00000
642.00000, 79.00000
644.00000, 77.00000
646.00000, 76.00000
647.00000, 74.00000
648.00000, 72.00000
656.00000, 74.00000
660.00000, 76.00000
664.00000, 72.00000
668.00000, 77.00000
672.00000, 77.00000
676.00000, 76.00000
682.00000, 74.00000
684.00000, 74.00000
690.00000, 72.00000
692.00000, 72.00000
694.00000, 71.00000
696.00000, 74.00000
700.00000, 69.00000
702.00000, 70.00000
704.00000, 69.00000
706.00000, 65.00000
709.00000, 67.00000
710.00000, 69.00000
712.00000, 70.00000
713.00000, 69.00000
714.00000, 67.00000
715.00000, 65.00000
716.00000, 64.00000
720.00000, 62.00000
occurrence2
660.00000, 76.00000
664.00000, 72.00000
668.00000, 77.00000
672.00000, 77.00000
676.00000, 76.00000
682.00000, 74.00000
684.00000, 74.00000
690.00000, 72.00000
692.00000, 72.00000
694.00000, 71.00000
696.00000, 74.00000
700.00000, 69.00000
702.00000, 70.00000
704.00000, 69.00000
706.00000, 65.00000
709.00000, 67.00000
710.00000, 69.00000
712.00000, 70.00000
713.00000, 69.00000
714.00000, 67.00000
715.00000, 65.00000
716.00000, 64.00000
720.00000, 62.00000
722.00000, 69.00000
724.00000, 70.00000
726.00000, 69.00000
730.00000, 67.00000
732.00000, 69.00000
744.00000, 62.00000
750.00000, 64.00000
752.00000, 65.00000
756.00000, 67.00000
760.00000, 69.00000
762.00000, 65.00000
764.00000, 64.00000
768.00000, 62.00000
778.00000, 69.00000
780.00000, 70.00000
784.00000, 72.00000
787.00000, 70.00000
788.00000, 67.00000
792.00000, 69.00000
794.00000, 70.00000
796.00000, 72.00000
798.00000, 74.00000
801.00000, 72.00000
802.00000, 70.00000
803.00000, 69.00000
804.00000, 69.00000
807.00000, 70.00000
808.00000, 69.00000
809.00000, 67.00000
809.50000, 65.00000
810.00000, 64.00000
812.00000, 65.00000
815.00000, 64.00000
816.00000, 64.00000
828.00000, 72.00000
834.00000, 74.00000
836.00000, 76.00000
840.00000, 77.00000
846.00000, 76.00000
848.00000, 74.00000
852.00000, 72.00000
854.00000, 69.00000
856.00000, 70.00000
860.00000, 69.00000
863.00000, 67.00000
864.00000, 65.00000
868.00000, 64.00000
874.00000, 69.00000
876.00000, 65.00000
878.00000, 67.00000
880.00000, 69.00000
884.00000, 70.00000
886.00000, 69.00000
890.00000, 74.00000
892.00000, 72.00000
895.00000, 74.00000
896.00000, 76.00000
899.00000, 74.00000
900.00000, 74.00000
902.00000, 79.00000
904.00000, 77.00000
906.00000, 76.00000
907.00000, 74.00000
908.00000, 73.00000
911.00000, 71.00000
912.00000, 74.00000
936.00000, 69.00000
939.00000, 71.00000
940.00000, 72.00000
942.00000, 74.00000
944.00000, 76.00000
946.00000, 77.00000
949.00000, 76.00000
950.00000, 74.00000
951.00000, 72.00000
952.00000, 74.00000
956.00000, 72.00000
978.00000, 79.00000
981.00000, 77.00000
982.00000, 77.00000
985.00000, 76.00000
986.00000, 76.00000
990.00000, 74.00000
991.00000, 72.00000
992.00000, 74.00000
996.00000, 76.00000
1010.00000, 72.00000
1013.00000, 74.00000
1014.00000, 76.00000
1015.00000, 77.00000
1016.00000, 79.00000
1018.00000, 76.00000
1020.00000, 77.00000
1022.00000, 76.00000
1024.00000, 72.00000
1026.00000, 76.00000
1030.00000, 74.00000
1034.00000, 73.00000
1036.00000, 74.00000
1058.00000, 77.00000
1060.00000, 76.00000
1062.00000, 72.00000
1064.00000, 74.00000
1066.00000, 72.00000
1067.00000, 70.00000
1068.00000, 69.00000
1078.00000, 77.00000
1082.00000, 76.00000
1084.00000, 77.00000
1087.00000, 76.00000
1088.00000, 74.00000
1090.00000, 72.00000
1091.00000, 70.00000
1092.00000, 69.00000
1114.00000, 69.00000
1116.00000, 70.00000
1118.00000, 74.00000
1122.00000, 69.00000
1124.00000, 74.00000
1125.00000, 72.00000
1126.00000, 70.00000
1127.00000, 69.00000
1128.00000, 67.00000
1129.00000, 69.00000
1130.00000, 70.00000
pattern20
occurrence1
72.00000, 72.00000
76.00000, 74.00000
78.00000, 76.00000
82.00000, 79.00000
84.00000, 77.00000
86.00000, 74.00000
88.00000, 76.00000
90.00000, 74.00000
91.00000, 72.00000
92.00000, 71.00000
96.00000, 69.00000
98.00000, 72.00000
100.00000, 71.00000
102.00000, 69.00000
105.00000, 67.00000
106.00000, 64.00000
110.00000, 71.00000
113.00000, 69.00000
114.00000, 69.00000
118.00000, 67.00000
120.00000, 69.00000
132.00000, 76.00000
136.00000, 76.00000
140.00000, 74.00000
144.00000, 72.00000
148.00000, 71.00000
150.00000, 69.00000
152.00000, 72.00000
154.00000, 74.00000
156.00000, 76.00000
158.00000, 79.00000
160.00000, 77.00000
162.00000, 76.00000
165.00000, 74.00000
166.00000, 72.00000
168.00000, 71.00000
180.00000, 72.00000
188.00000, 69.00000
192.00000, 67.00000
200.00000, 67.00000
204.00000, 69.00000
207.00000, 67.00000
208.00000, 65.00000
212.00000, 65.00000
216.00000, 64.00000
220.00000, 71.00000
224.00000, 72.00000
228.00000, 71.00000
230.00000, 76.00000
234.00000, 74.00000
236.00000, 76.00000
238.00000, 69.00000
242.00000, 71.00000
244.00000, 72.00000
246.00000, 69.00000
250.00000, 67.00000
252.00000, 69.00000
254.00000, 64.00000
258.00000, 69.00000
260.00000, 67.00000
262.00000, 72.00000
264.00000, 71.00000
266.00000, 76.00000
270.00000, 74.00000
occurrence2
692.00000, 72.00000
694.00000, 71.00000
696.00000, 74.00000
700.00000, 69.00000
702.00000, 70.00000
704.00000, 69.00000
706.00000, 65.00000
709.00000, 67.00000
710.00000, 69.00000
712.00000, 70.00000
713.00000, 69.00000
714.00000, 67.00000
715.00000, 65.00000
716.00000, 64.00000
720.00000, 62.00000
722.00000, 69.00000
724.00000, 70.00000
726.00000, 69.00000
730.00000, 67.00000
732.00000, 69.00000
744.00000, 62.00000
750.00000, 64.00000
752.00000, 65.00000
756.00000, 67.00000
760.00000, 69.00000
762.00000, 65.00000
764.00000, 64.00000
768.00000, 62.00000
778.00000, 69.00000
780.00000, 70.00000
784.00000, 72.00000
787.00000, 70.00000
788.00000, 67.00000
792.00000, 69.00000
794.00000, 70.00000
796.00000, 72.00000
798.00000, 74.00000
801.00000, 72.00000
802.00000, 70.00000
803.00000, 69.00000
804.00000, 69.00000
807.00000, 70.00000
808.00000, 69.00000
809.00000, 67.00000
809.50000, 65.00000
810.00000, 64.00000
812.00000, 65.00000
815.00000, 64.00000
816.00000, 64.00000
828.00000, 72.00000
834.00000, 74.00000
836.00000, 76.00000
840.00000, 77.00000
846.00000, 76.00000
848.00000, 74.00000
852.00000, 72.00000
854.00000, 69.00000
856.00000, 70.00000
860.00000, 69.00000
863.00000, 67.00000
864.00000, 65.00000
868.00000, 64.00000
874.00000, 69.00000
876.00000, 65.00000
878.00000, 67.00000
880.00000, 69.00000
884.00000, 70.00000
886.00000, 69.00000
890.00000, 74.00000
occurrence3
694.00000, 71.00000
696.00000, 74.00000
700.00000, 69.00000
702.00000, 70.00000
704.00000, 69.00000
706.00000, 65.00000
709.00000, 67.00000
710.00000, 69.00000
712.00000, 70.00000
713.00000, 69.00000
714.00000, 67.00000
715.00000, 65.00000
716.00000, 64.00000
720.00000, 62.00000
722.00000, 69.00000
724.00000, 70.00000
726.00000, 69.00000
730.00000, 67.00000
732.00000, 69.00000
744.00000, 62.00000
750.00000, 64.00000
752.00000, 65.00000
756.00000, 67.00000
760.00000, 69.00000
762.00000, 65.00000
764.00000, 64.00000
768.00000, 62.00000
778.00000, 69.00000
780.00000, 70.00000
784.00000, 72.00000
787.00000, 70.00000
788.00000, 67.00000
792.00000, 69.00000
794.00000, 70.00000
796.00000, 72.00000
798.00000, 74.00000
801.00000, 72.00000
802.00000, 70.00000
803.00000, 69.00000
804.00000, 69.00000
807.00000, 70.00000
808.00000, 69.00000
809.00000, 67.00000
809.50000, 65.00000
810.00000, 64.00000
812.00000, 65.00000
815.00000, 64.00000
816.00000, 64.00000
828.00000, 72.00000
834.00000, 74.00000
836.00000, 76.00000
840.00000, 77.00000
846.00000, 76.00000
848.00000, 74.00000
852.00000, 72.00000
854.00000, 69.00000
856.00000, 70.00000
860.00000, 69.00000
863.00000, 67.00000
864.00000, 65.00000
868.00000, 64.00000
874.00000, 69.00000
876.00000, 65.00000
878.00000, 67.00000
880.00000, 69.00000
884.00000, 70.00000
886.00000, 69.00000
890.00000, 74.00000
892.00000, 72.00000
occurrence4
713.00000, 69.00000
714.00000, 67.00000
715.00000, 65.00000
716.00000, 64.00000
720.00000, 62.00000
722.00000, 69.00000
724.00000, 70.00000
726.00000, 69.00000
730.00000, 67.00000
732.00000, 69.00000
744.00000, 62.00000
750.00000, 64.00000
752.00000, 65.00000
756.00000, 67.00000
760.00000, 69.00000
762.00000, 65.00000
764.00000, 64.00000
768.00000, 62.00000
778.00000, 69.00000
780.00000, 70.00000
784.00000, 72.00000
787.00000, 70.00000
788.00000, 67.00000
792.00000, 69.00000
794.00000, 70.00000
796.00000, 72.00000
798.00000, 74.00000
801.00000, 72.00000
802.00000, 70.00000
803.00000, 69.00000
804.00000, 69.00000
807.00000, 70.00000
808.00000, 69.00000
809.00000, 67.00000
809.50000, 65.00000
810.00000, 64.00000
812.00000, 65.00000
815.00000, 64.00000
816.00000, 64.00000
828.00000, 72.00000
834.00000, 74.00000
836.00000, 76.00000
840.00000, 77.00000
846.00000, 76.00000
848.00000, 74.00000
852.00000, 72.00000
854.00000, 69.00000
856.00000, 70.00000
860.00000, 69.00000
863.00000, 67.00000
864.00000, 65.00000
868.00000, 64.00000
874.00000, 69.00000
876.00000, 65.00000
878.00000, 67.00000
880.00000, 69.00000
884.00000, 70.00000
886.00000, 69.00000
890.00000, 74.00000
892.00000, 72.00000
895.00000, 74.00000
896.00000, 76.00000
899.00000, 74.00000
900.00000, 74.00000
902.00000, 79.00000
904.00000, 77.00000
906.00000, 76.00000
907.00000, 74.00000
908.00000, 73.00000
911.00000, 71.00000
occurrence5
798.00000, 74.00000
801.00000, 72.00000
802.00000, 70.00000
803.00000, 69.00000
804.00000, 69.00000
807.00000, 70.00000
808.00000, 69.00000
809.00000, 67.00000
809.50000, 65.00000
810.00000, 64.00000
812.00000, 65.00000
815.00000, 64.00000
816.00000, 64.00000
828.00000, 72.00000
834.00000, 74.00000
836.00000, 76.00000
840.00000, 77.00000
846.00000, 76.00000
848.00000, 74.00000
852.00000, 72.00000
854.00000, 69.00000
856.00000, 70.00000
860.00000, 69.00000
863.00000, 67.00000
864.00000, 65.00000
868.00000, 64.00000
874.00000, 69.00000
876.00000, 65.00000
878.00000, 67.00000
880.00000, 69.00000
884.00000, 70.00000
886.00000, 69.00000
890.00000, 74.00000
892.00000, 72.00000
895.00000, 74.00000
896.00000, 76.00000
899.00000, 74.00000
900.00000, 74.00000
902.00000, 79.00000
904.00000, 77.00000
906.00000, 76.00000
907.00000, 74.00000
908.00000, 73.00000
911.00000, 71.00000
912.00000, 74.00000
936.00000, 69.00000
939.00000, 71.00000
940.00000, 72.00000
942.00000, 74.00000
944.00000, 76.00000
946.00000, 77.00000
949.00000, 76.00000
950.00000, 74.00000
951.00000, 72.00000
952.00000, 74.00000
956.00000, 72.00000
978.00000, 79.00000
981.00000, 77.00000
982.00000, 77.00000
985.00000, 76.00000
986.00000, 76.00000
990.00000, 74.00000
991.00000, 72.00000
992.00000, 74.00000
996.00000, 76.00000
pattern21
occurrence1
676.00000, 76.00000
682.00000, 74.00000
684.00000, 74.00000
690.00000, 72.00000
692.00000, 72.00000
694.00000, 71.00000
696.00000, 74.00000
700.00000, 69.00000
702.00000, 70.00000
704.00000, 69.00000
706.00000, 65.00000
709.00000, 67.00000
710.00000, 69.00000
712.00000, 70.00000
713.00000, 69.00000
714.00000, 67.00000
715.00000, 65.00000
716.00000, 64.00000
720.00000, 62.00000
722.00000, 69.00000
724.00000, 70.00000
726.00000, 69.00000
730.00000, 67.00000
732.00000, 69.00000
744.00000, 62.00000
750.00000, 64.00000
752.00000, 65.00000
756.00000, 67.00000
760.00000, 69.00000
762.00000, 65.00000
764.00000, 64.00000
768.00000, 62.00000
778.00000, 69.00000
780.00000, 70.00000
784.00000, 72.00000
787.00000, 70.00000
788.00000, 67.00000
792.00000, 69.00000
794.00000, 70.00000
796.00000, 72.00000
798.00000, 74.00000
801.00000, 72.00000
802.00000, 70.00000
803.00000, 69.00000
804.00000, 69.00000
807.00000, 70.00000
808.00000, 69.00000
809.00000, 67.00000
809.50000, 65.00000
810.00000, 64.00000
812.00000, 65.00000
815.00000, 64.00000
816.00000, 64.00000
828.00000, 72.00000
834.00000, 74.00000
836.00000, 76.00000
840.00000, 77.00000
occurrence2
682.00000, 74.00000
684.00000, 74.00000
690.00000, 72.00000
692.00000, 72.00000
694.00000, 71.00000
696.00000, 74.00000
700.00000, 69.00000
702.00000, 70.00000
704.00000, 69.00000
706.00000, 65.00000
709.00000, 67.00000
710.00000, 69.00000
712.00000, 70.00000
713.00000, 69.00000
714.00000, 67.00000
715.00000, 65.00000
716.00000, 64.00000
720.00000, 62.00000
722.00000, 69.00000
724.00000, 70.00000
726.00000, 69.00000
730.00000, 67.00000
732.00000, 69.00000
744.00000, 62.00000
750.00000, 64.00000
752.00000, 65.00000
756.00000, 67.00000
760.00000, 69.00000
762.00000, 65.00000
764.00000, 64.00000
768.00000, 62.00000
778.00000, 69.00000
780.00000, 70.00000
784.00000, 72.00000
787.00000, 70.00000
788.00000, 67.00000
792.00000, 69.00000
794.00000, 70.00000
796.00000, 72.00000
798.00000, 74.00000
801.00000, 72.00000
802.00000, 70.00000
803.00000, 69.00000
804.00000, 69.00000
807.00000, 70.00000
808.00000, 69.00000
809.00000, 67.00000
809.50000, 65.00000
810.00000, 64.00000
812.00000, 65.00000
815.00000, 64.00000
816.00000, 64.00000
828.00000, 72.00000
834.00000, 74.00000
836.00000, 76.00000
840.00000, 77.00000
846.00000, 76.00000
occurrence3
787.00000, 70.00000
788.00000, 67.00000
792.00000, 69.00000
794.00000, 70.00000
796.00000, 72.00000
798.00000, 74.00000
801.00000, 72.00000
802.00000, 70.00000
803.00000, 69.00000
804.00000, 69.00000
807.00000, 70.00000
808.00000, 69.00000
809.00000, 67.00000
809.50000, 65.00000
810.00000, 64.00000
812.00000, 65.00000
815.00000, 64.00000
816.00000, 64.00000
828.00000, 72.00000
834.00000, 74.00000
836.00000, 76.00000
840.00000, 77.00000
846.00000, 76.00000
848.00000, 74.00000
852.00000, 72.00000
854.00000, 69.00000
856.00000, 70.00000
860.00000, 69.00000
863.00000, 67.00000
864.00000, 65.00000
868.00000, 64.00000
874.00000, 69.00000
876.00000, 65.00000
878.00000, 67.00000
880.00000, 69.00000
884.00000, 70.00000
886.00000, 69.00000
890.00000, 74.00000
892.00000, 72.00000
895.00000, 74.00000
896.00000, 76.00000
899.00000, 74.00000
900.00000, 74.00000
902.00000, 79.00000
904.00000, 77.00000
906.00000, 76.00000
907.00000, 74.00000
908.00000, 73.00000
911.00000, 71.00000
912.00000, 74.00000
936.00000, 69.00000
939.00000, 71.00000
940.00000, 72.00000
942.00000, 74.00000
944.00000, 76.00000
946.00000, 77.00000
949.00000, 76.00000
950.00000, 74.00000
951.00000, 72.00000
occurrence4
828.00000, 72.00000
834.00000, 74.00000
836.00000, 76.00000
840.00000, 77.00000
846.00000, 76.00000
848.00000, 74.00000
852.00000, 72.00000
854.00000, 69.00000
856.00000, 70.00000
860.00000, 69.00000
863.00000, 67.00000
864.00000, 65.00000
868.00000, 64.00000
874.00000, 69.00000
876.00000, 65.00000
878.00000, 67.00000
880.00000, 69.00000
884.00000, 70.00000
886.00000, 69.00000
890.00000, 74.00000
892.00000, 72.00000
895.00000, 74.00000
896.00000, 76.00000
899.00000, 74.00000
900.00000, 74.00000
902.00000, 79.00000
904.00000, 77.00000
906.00000, 76.00000
907.00000, 74.00000
908.00000, 73.00000
911.00000, 71.00000
912.00000, 74.00000
936.00000, 69.00000
939.00000, 71.00000
940.00000, 72.00000
942.00000, 74.00000
944.00000, 76.00000
946.00000, 77.00000
949.00000, 76.00000
950.00000, 74.00000
951.00000, 72.00000
952.00000, 74.00000
956.00000, 72.00000
978.00000, 79.00000
981.00000, 77.00000
982.00000, 77.00000
985.00000, 76.00000
986.00000, 76.00000
990.00000, 74.00000
991.00000, 72.00000
992.00000, 74.00000
pattern22
occurrence1
0.00000, 76.00000
8.00000, 76.00000
12.00000, 77.00000
16.00000, 76.00000
18.00000, 76.00000
21.00000, 74.00000
22.00000, 72.00000
24.00000, 71.00000
28.00000, 69.00000
36.00000, 76.00000
40.00000, 74.00000
42.00000, 79.00000
45.00000, 77.00000
46.00000, 77.00000
49.00000, 76.00000
50.00000, 76.00000
53.00000, 74.00000
54.00000, 74.00000
58.00000, 73.00000
60.00000, 74.00000
72.00000, 72.00000
76.00000, 74.00000
78.00000, 76.00000
82.00000, 79.00000
84.00000, 77.00000
86.00000, 74.00000
88.00000, 76.00000
90.00000, 74.00000
91.00000, 72.00000
92.00000, 71.00000
96.00000, 69.00000
98.00000, 72.00000
100.00000, 71.00000
102.00000, 69.00000
105.00000, 67.00000
106.00000, 64.00000
110.00000, 71.00000
113.00000, 69.00000
114.00000, 69.00000
118.00000, 67.00000
120.00000, 69.00000
132.00000, 76.00000
136.00000, 76.00000
140.00000, 74.00000
144.00000, 72.00000
148.00000, 71.00000
150.00000, 69.00000
152.00000, 72.00000
154.00000, 74.00000
156.00000, 76.00000
158.00000, 79.00000
160.00000, 77.00000
162.00000, 76.00000
165.00000, 74.00000
166.00000, 72.00000
168.00000, 71.00000
180.00000, 72.00000
188.00000, 69.00000
192.00000, 67.00000
200.00000, 67.00000
204.00000, 69.00000
207.00000, 67.00000
208.00000, 65.00000
212.00000, 65.00000
216.00000, 64.00000
220.00000, 71.00000
224.00000, 72.00000
228.00000, 71.00000
230.00000, 76.00000
234.00000, 74.00000
236.00000, 76.00000
238.00000, 69.00000
242.00000, 71.00000
244.00000, 72.00000
246.00000, 69.00000
250.00000, 67.00000
252.00000, 69.00000
254.00000, 64.00000
258.00000, 69.00000
260.00000, 67.00000
262.00000, 72.00000
264.00000, 71.00000
266.00000, 76.00000
270.00000, 74.00000
274.00000, 79.00000
277.00000, 76.00000
278.00000, 77.00000
281.00000, 74.00000
282.00000, 76.00000
285.00000, 71.00000
286.00000, 73.00000
288.00000, 74.00000
600.00000, 69.00000
606.00000, 71.00000
608.00000, 72.00000
612.00000, 74.00000
616.00000, 77.00000
622.00000, 76.00000
624.00000, 76.00000
628.00000, 72.00000
632.00000, 74.00000
636.00000, 76.00000
639.00000, 77.00000
640.00000, 79.00000
642.00000, 79.00000
644.00000, 77.00000
646.00000, 76.00000
647.00000, 74.00000
648.00000, 72.00000
656.00000, 74.00000
660.00000, 76.00000
664.00000, 72.00000
668.00000, 77.00000
672.00000, 77.00000
676.00000, 76.00000
682.00000, 74.00000
684.00000, 74.00000
690.00000, 72.00000
692.00000, 72.00000
694.00000, 71.00000
696.00000, 74.00000
700.00000, 69.00000
702.00000, 70.00000
704.00000, 69.00000
706.00000, 65.00000
709.00000, 67.00000
710.00000, 69.00000
712.00000, 70.00000
713.00000, 69.00000
714.00000, 67.00000
715.00000, 65.00000
716.00000, 64.00000
720.00000, 62.00000
722.00000, 69.00000
724.00000, 70.00000
726.00000, 69.00000
730.00000, 67.00000
732.00000, 69.00000
744.00000, 62.00000
750.00000, 64.00000
752.00000, 65.00000
756.00000, 67.00000
760.00000, 69.00000
762.00000, 65.00000
764.00000, 64.00000
768.00000, 62.00000
778.00000, 69.00000
780.00000, 70.00000
784.00000, 72.00000
787.00000, 70.00000
788.00000, 67.00000
792.00000, 69.00000
794.00000, 70.00000
796.00000, 72.00000
798.00000, 74.00000
801.00000, 72.00000
802.00000, 70.00000
803.00000, 69.00000
804.00000, 69.00000
807.00000, 70.00000
808.00000, 69.00000
809.00000, 67.00000
809.50000, 65.00000
810.00000, 64.00000
812.00000, 65.00000
815.00000, 64.00000
816.00000, 64.00000
828.00000, 72.00000
834.00000, 74.00000
836.00000, 76.00000
840.00000, 77.00000
846.00000, 76.00000
848.00000, 74.00000
852.00000, 72.00000
854.00000, 69.00000
856.00000, 70.00000
860.00000, 69.00000
863.00000, 67.00000
864.00000, 65.00000
868.00000, 64.00000
874.00000, 69.00000
876.00000, 65.00000
878.00000, 67.00000
880.00000, 69.00000
884.00000, 70.00000
886.00000, 69.00000
890.00000, 74.00000
892.00000, 72.00000
895.00000, 74.00000
896.00000, 76.00000
899.00000, 74.00000
900.00000, 74.00000
902.00000, 79.00000
904.00000, 77.00000
906.00000, 76.00000
907.00000, 74.00000
908.00000, 73.00000
911.00000, 71.00000
912.00000, 74.00000
936.00000, 69.00000
939.00000, 71.00000
940.00000, 72.00000
942.00000, 74.00000
944.00000, 76.00000
946.00000, 77.00000
949.00000, 76.00000
950.00000, 74.00000
951.00000, 72.00000
952.00000, 74.00000
956.00000, 72.00000
978.00000, 79.00000
981.00000, 77.00000
982.00000, 77.00000
985.00000, 76.00000
986.00000, 76.00000
990.00000, 74.00000
991.00000, 72.00000
992.00000, 74.00000
996.00000, 76.00000
1010.00000, 72.00000
1013.00000, 74.00000
1014.00000, 76.00000
1015.00000, 77.00000
1016.00000, 79.00000
1018.00000, 76.00000
1020.00000, 77.00000
1022.00000, 76.00000
1024.00000, 72.00000
1026.00000, 76.00000
1030.00000, 74.00000
1034.00000, 73.00000
1036.00000, 74.00000
1058.00000, 77.00000
1060.00000, 76.00000
1062.00000, 72.00000
1064.00000, 74.00000
1066.00000, 72.00000
1067.00000, 70.00000
1068.00000, 69.00000
1078.00000, 77.00000
1082.00000, 76.00000
1084.00000, 77.00000
1087.00000, 76.00000
1088.00000, 74.00000
1090.00000, 72.00000
1091.00000, 70.00000
1092.00000, 69.00000
1114.00000, 69.00000
1116.00000, 70.00000
1118.00000, 74.00000
1122.00000, 69.00000
1124.00000, 74.00000
1125.00000, 72.00000
1126.00000, 70.00000
1127.00000, 69.00000
1128.00000, 67.00000
1129.00000, 69.00000
1130.00000, 70.00000
1131.00000, 72.00000
