pattern1
occurrence1
1007.00000, 69.00000
1008.00000, 71.00000
1010.00000, 67.00000
1014.00000, 67.00000
1016.00000, 69.00000
occurrence2
1079.00000, 62.00000
1080.00000, 64.00000
1082.00000, 60.00000
1084.00000, 64.00000
1088.00000, 62.00000
occurrence3
1115.00000, 71.00000
1116.00000, 72.00000
1118.00000, 69.00000
1122.00000, 65.00000
1124.00000, 70.00000
pattern2
occurrence1
768.00000, 62.00000
776.00000, 60.00000
784.00000, 62.00000
792.00000, 60.00000
800.00000, 62.00000
808.00000, 65.00000
816.00000, 64.00000
occurrence2
776.00000, 60.00000
784.00000, 62.00000
792.00000, 60.00000
800.00000, 62.00000
808.00000, 65.00000
816.00000, 64.00000
824.00000, 62.00000
occurrence3
896.00000, 69.00000
904.00000, 67.00000
912.00000, 69.00000
920.00000, 67.00000
928.00000, 69.00000
936.00000, 72.00000
944.00000, 71.00000
occurrence4
904.00000, 67.00000
912.00000, 69.00000
920.00000, 67.00000
928.00000, 69.00000
936.00000, 72.00000
944.00000, 71.00000
952.00000, 69.00000
pattern3
occurrence1
1016.00000, 69.00000
1018.00000, 65.00000
1020.00000, 69.00000
1024.00000, 67.00000
1026.00000, 64.00000
1028.00000, 67.00000
1032.00000, 65.00000
occurrence2
1024.00000, 67.00000
1026.00000, 64.00000
1028.00000, 67.00000
1032.00000, 65.00000
1034.00000, 62.00000
1036.00000, 65.00000
1040.00000, 64.00000
occurrence3
1032.00000, 65.00000
1034.00000, 62.00000
1036.00000, 65.00000
1040.00000, 64.00000
1042.00000, 60.00000
1044.00000, 64.00000
1048.00000, 62.00000
occurrence4
1112.00000, 72.00000
1115.00000, 71.00000
1116.00000, 72.00000
1118.00000, 69.00000
1122.00000, 65.00000
1124.00000, 70.00000
1128.00000, 69.00000
pattern4
occurrence1
960.00000, 72.00000
966.00000, 71.00000
967.00000, 69.00000
968.00000, 71.00000
971.00000, 72.00000
972.00000, 74.00000
998.00000, 69.00000
1001.00000, 71.00000
1002.00000, 72.00000
1006.00000, 71.00000
1007.00000, 69.00000
1008.00000, 71.00000
1010.00000, 67.00000
1014.00000, 67.00000
1016.00000, 69.00000
1018.00000, 65.00000
1020.00000, 69.00000
1024.00000, 67.00000
1026.00000, 64.00000
1028.00000, 67.00000
1032.00000, 65.00000
1034.00000, 62.00000
1036.00000, 65.00000
1040.00000, 64.00000
1042.00000, 60.00000
1044.00000, 64.00000
1048.00000, 62.00000
1058.00000, 69.00000
occurrence2
1032.00000, 65.00000
1034.00000, 62.00000
1036.00000, 65.00000
1040.00000, 64.00000
1042.00000, 60.00000
1044.00000, 64.00000
1048.00000, 62.00000
1058.00000, 69.00000
1061.00000, 67.00000
1062.00000, 64.00000
1065.00000, 65.00000
1066.00000, 67.00000
1069.00000, 65.00000
1070.00000, 62.00000
1073.00000, 64.00000
1074.00000, 65.00000
1078.00000, 64.00000
1079.00000, 62.00000
1080.00000, 64.00000
1082.00000, 60.00000
1084.00000, 64.00000
1088.00000, 62.00000
1108.00000, 69.00000
1112.00000, 72.00000
1115.00000, 71.00000
1116.00000, 72.00000
1118.00000, 69.00000
1122.00000, 65.00000
1124.00000, 70.00000
1128.00000, 69.00000
1130.00000, 62.00000
pattern5
occurrence1
1044.00000, 64.00000
1048.00000, 62.00000
1058.00000, 69.00000
1061.00000, 67.00000
1062.00000, 64.00000
1065.00000, 65.00000
1066.00000, 67.00000
occurrence2
1118.00000, 69.00000
1122.00000, 65.00000
1124.00000, 70.00000
1128.00000, 69.00000
1130.00000, 62.00000
1132.00000, 74.00000
1138.00000, 73.00000
1139.00000, 71.00000
1140.00000, 73.00000
pattern6
occurrence1
800.00000, 62.00000
808.00000, 65.00000
816.00000, 64.00000
824.00000, 62.00000
896.00000, 69.00000
904.00000, 67.00000
912.00000, 69.00000
920.00000, 67.00000
928.00000, 69.00000
936.00000, 72.00000
944.00000, 71.00000
952.00000, 69.00000
960.00000, 72.00000
966.00000, 71.00000
967.00000, 69.00000
968.00000, 71.00000
971.00000, 72.00000
972.00000, 74.00000
998.00000, 69.00000
1001.00000, 71.00000
1002.00000, 72.00000
1006.00000, 71.00000
1007.00000, 69.00000
1008.00000, 71.00000
1010.00000, 67.00000
1014.00000, 67.00000
1016.00000, 69.00000
1018.00000, 65.00000
1020.00000, 69.00000
1024.00000, 67.00000
1026.00000, 64.00000
1028.00000, 67.00000
1032.00000, 65.00000
1034.00000, 62.00000
1036.00000, 65.00000
1040.00000, 64.00000
1042.00000, 60.00000
1044.00000, 64.00000
1048.00000, 62.00000
1058.00000, 69.00000
1061.00000, 67.00000
1062.00000, 64.00000
1065.00000, 65.00000
1066.00000, 67.00000
1069.00000, 65.00000
1070.00000, 62.00000
1073.00000, 64.00000
1074.00000, 65.00000
1078.00000, 64.00000
1079.00000, 62.00000
1080.00000, 64.00000
1082.00000, 60.00000
1084.00000, 64.00000
1088.00000, 62.00000
1108.00000, 69.00000
1112.00000, 72.00000
1115.00000, 71.00000
1116.00000, 72.00000
1118.00000, 69.00000
1122.00000, 65.00000
1124.00000, 70.00000
1128.00000, 69.00000
1130.00000, 62.00000
1132.00000, 74.00000
1138.00000, 73.00000
1139.00000, 71.00000
1140.00000, 73.00000
1144.00000, 74.00000
