(0 59 59 1/10 1)
(0 55 57 1/10 1)
(0 52 55 1/10 1)
(0 64 62 1/10 1)
(0 71 66 1/10 1)
(0 79 71 1/10 1)
(0 76 69 1/10 1)
(0 83 73 1 1)
(1 81 72 10416667/125000000 1)
(5416667/5000000 84 74 10416667/125000000 1)
(5833333/5000000 83 73 10416667/125000000 1)
(5/4 81 72 10416667/125000000 1)
(6666667/5000000 83 73 10416667/125000000 1)
(7083333/5000000 84 74 10416667/125000000 1)
(3/2 78 70 10416667/125000000 1)
(7916667/5000000 81 72 10416667/125000000 1)
(8333333/5000000 79 71 10416667/125000000 1)
(7/4 78 70 10416667/125000000 1)
(9166667/5000000 79 71 10416667/125000000 1)
(9583333/5000000 81 72 10416667/125000000 1)
(2 75 68 10416667/125000000 1)
(20833333/10000000 78 70 10416667/125000000 1)
(21666667/10000000 76 69 10416667/125000000 1)
(9/4 75 68 10416667/125000000 1)
(23333333/10000000 76 69 10416667/125000000 1)
(24166667/10000000 78 70 10416667/125000000 1)
(5/2 69 65 10416667/125000000 1)
(25833333/10000000 72 67 10416667/125000000 1)
(26666667/10000000 71 66 10416667/125000000 1)
(11/4 69 65 10416667/125000000 1)
(28333333/10000000 71 66 10416667/125000000 1)
(29166667/10000000 72 67 10416667/125000000 1)
(3 66 63 10416667/125000000 1)
(30833333/10000000 69 65 10416667/125000000 1)
(31666667/10000000 67 64 10416667/125000000 1)
(13/4 66 63 10416667/125000000 1)
(33333333/10000000 67 64 10416667/125000000 1)
(34166667/10000000 69 65 10416667/125000000 1)
(7/2 63 61 10416667/125000000 1)
(35833333/10000000 66 63 10416667/125000000 1)
(36666667/10000000 64 62 10416667/125000000 1)
(15/4 63 61 10416667/125000000 1)
(38333333/10000000 64 62 10416667/125000000 1)
(39166667/10000000 66 63 10416667/125000000 1)
(6 55 57 2 1)
(6 64 62 2 1)
(6 58 59 2 1)
(8 64 62 2 1)
(8 55 57 2 1)
(8 59 59 2 1)
(10 54 56 2 1)
(10 57 58 2 1)
(10 59 59 2 1)
(10 63 61 2 1)
(13 55 57 1/10 1)
(131/10 59 59 1/10 1)
(66/5 64 62 1/10 1)
(133/10 67 64 1/10 1)
(67/5 71 66 1/10 1)
(27/2 76 69 1/10 1)
(68/5 79 71 1/10 1)
(137/10 83 73 1/10 1)
(69/5 88 76 1/10 1)
(139/10 91 78 1/20 1)
