(12 67 64 4 1)
(16 65 63 8 1)
(24 67 64 6 1)
(30 69 65 2 1)
(32 70 66 4 1)
(36 69 65 3 1)
(39 67 64 1 1)
(40 65 63 3 1)
(43 64 62 1 1)
(44 62 61 6 1)
(50 67 64 3 1)
(53 69 65 1 1)
(54 70 66 2 1)
(56 69 65 2 1)
(58 67 64 4 1)
(62 66 63 2 1)
(64 67 64 8 1)
(76 67 64 4 1)
(80 74 68 8 1)
(88 74 68 6 1)
(94 72 67 1 1)
(95 70 66 1 1)
(96 69 65 4 1)
(100 70 66 4 1)
(104 72 67 6 1)
(110 70 66 1 1)
(111 69 65 1 1)
(112 67 64 8 1)
(120 65 63 4 1)
(124 70 66 6 1)
(130 69 65 2 1)
(132 69 65 8 1)
(140 67 64 4 1)
(144 69 65 16 1)
(208 72 67 8 1)
(216 70 66 6 1)
(222 69 65 1 1)
(223 67 64 1 1)
(224 65 63 4 1)
(228 72 67 4 1)
(232 70 66 4 1)
(236 74 68 6 1)
(242 72 67 1 1)
(243 70 66 1 1)
(244 69 65 6 1)
(250 67 64 2 1)
(252 70 66 6 1)
(258 69 65 2 1)
(260 67 64 4 1)
(264 65 63 4 1)
(268 67 64 8 1)
(276 66 63 4 1)
(280 67 64 8 1)
(292 67 64 4 1)
(296 67 64 8 1)
(304 65 63 2 1)
(306 69 65 3 1)
(309 67 64 1 1)
(310 65 63 2 1)
(312 64 62 3 1)
(315 65 63 1 1)
(316 67 64 2 1)
(318 69 65 3 1)
(321 70 66 1 1)
(322 72 67 3 1)
(325 70 66 1 1)
(326 69 65 2 1)
(328 67 64 2 1)
(330 70 66 3 1)
(333 69 65 1 1)
(334 67 64 2 1)
(336 65 63 3 1)
(339 64 62 1 1)
(340 62 61 4 1)
(344 64 62 8 1)
(356 69 65 12 1)
(368 70 66 4 1)
(372 69 65 2 1)
(374 74 68 4 1)
(378 73 68 1 1)
(379 71 66 1 1)
(380 73 68 4 1)
(384 74 68 6 1)
(390 72 67 2 1)
(392 70 66 4 1)
(396 69 65 4 1)
(400 67 64 2 1)
(402 67 64 4 1)
(406 66 63 2 1)
(408 67 64 8 1)
(420 74 68 4 1)
(424 74 68 8 1)
(432 67 64 4 1)
(436 69 65 4 1)
(440 65 63 4 1)
(444 65 63 4 1)
(448 67 64 4 1)
(452 65 63 2 1)
(454 70 66 3 1)
(457 69 65 1 1)
(458 69 65 4 1)
(462 67 64 2 1)
(464 69 65 2 1)
(466 72 67 3 1)
(469 70 66 1 1)
(470 69 65 3 1)
(473 67 64 1 1)
(474 67 64 4 1)
(478 66 63 2 1)
(480 67 64 8 1)
