(0 69 65 6 1)
(6 67 64 1 1)
(7 65 63 1 1)
(8 67 64 4 1)
(12 69 65 4 1)
(16 70 66 8 1)
(24 69 65 4 1)
(28 65 63 6 1)
(34 64 62 1 1)
(35 62 61 1 1)
(36 64 62 4 1)
(40 65 63 4 1)
(44 69 65 4 1)
(48 67 64 2 1)
(50 65 63 4 1)
(54 64 62 1 1)
(55 62 61 1 1)
(56 65 63 2 1)
(58 64 62 2 1)
(60 69 65 6 1)
(66 67 64 1 1)
(67 65 63 1 1)
(68 67 64 4 1)
(72 69 65 4 1)
(78 69 65 4 1)
(82 69 65 4 1)
(86 67 64 1 1)
(87 65 63 1 1)
(88 64 62 2 1)
(90 65 63 4 1)
(94 64 62 1 1)
(95 62 61 1 1)
(96 64 62 2 1)
(98 57 58 2 1)
(100 57 58 8 1)
(108 69 65 6 1)
(114 67 64 1 1)
(115 65 63 1 1)
(116 64 62 2 1)
(118 65 63 3 1)
(121 67 64 1 1)
(122 69 65 1 1)
(123 71 66 1 1)
(124 72 67 4 1)
(128 69 65 4 1)
(132 71 66 6 1)
(138 67 64 4 1)
(142 65 63 1 1)
(143 64 62 1 1)
(144 65 63 3 1)
(147 62 61 1 1)
(148 64 62 2 1)
(150 65 63 2 1)
(152 67 64 2 1)
(154 64 62 4 1)
(158 62 61 4 1)
(162 61 60 1 1)
(163 59 59 1 1)
(164 61 60 4 1)
(168 62 61 4 1)
(204 69 65 12 1)
(216 69 65 4 1)
(220 72 67 4 1)
(224 72 67 4 1)
(228 71 66 2 1)
(230 69 65 4 1)
(234 67 64 1 1)
(235 65 63 1 1)
(236 64 62 4 1)
(240 65 63 4 1)
(244 67 64 2 1)
(246 65 63 1 1)
(247 64 62 1 1)
(248 62 61 4 1)
(252 60 60 8 1)
(260 64 62 4 1)
(264 65 63 2 1)
(266 64 62 4 1)
(270 62 61 1 1)
(271 60 60 1 1)
(272 62 61 4 1)
(276 64 62 4 1)
(282 69 65 2 1)
(284 67 64 2 1)
(286 64 62 2 1)
(288 65 63 2 1)
(290 64 62 4 1)
(294 62 61 4 1)
(298 61 60 2 1)
(300 62 61 2 1)
(302 69 65 2 1)
(304 70 66 2 1)
(306 69 65 4 1)
(310 67 64 1 1)
(311 65 63 1 1)
(312 64 62 2 1)
(314 67 64 4 1)
(318 65 63 1 1)
(319 64 62 1 1)
(320 62 61 4 1)
(324 60 60 3 1)
(327 62 61 1/2 1)
(655/2 64 62 1/2 1)
(328 65 63 2 1)
(330 64 62 3 1)
(333 62 61 1 1)
(334 60 60 1 1)
(335 59 59 1 1)
(336 57 58 2 1)
(338 62 61 4 1)
(342 61 60 1 1)
(343 59 59 1 1)
(344 61 60 4 1)
(348 62 61 12 1)
(368 62 61 8 1)
(376 62 61 4 1)
(380 64 62 6 1)
(386 65 63 2 1)
(388 67 64 2 1)
(390 69 65 4 1)
(394 67 64 1 1)
(395 65 63 1 1)
(396 67 64 2 1)
(398 69 65 2 1)
(400 62 61 4 1)
(404 67 64 3 1)
(407 69 65 1 1)
(408 71 66 2 1)
(410 72 67 2 1)
(412 71 66 2 1)
(414 72 67 4 1)
(418 71 66 1 1)
(419 69 65 1 1)
(420 71 66 2 1)
(422 72 67 3 1)
(425 71 66 1 1)
(426 69 65 4 1)
(430 68 64 2 1)
(432 69 65 2 1)
(434 64 62 2 1)
(436 65 63 3 1)
(439 67 64 1 1)
(440 64 62 3 1)
(443 65 63 1 1)
(444 67 64 2 1)
(446 69 65 4 1)
(450 67 64 2 1)
(452 71 66 2 1)
(454 72 67 2 1)
(456 69 65 2 1)
(458 72 67 2 1)
(460 74 68 3 1)
(463 71 66 1 1)
(464 72 67 2 1)
(466 69 65 4 1)
(470 67 64 1 1)
(471 65 63 1 1)
(472 64 62 1 1)
(473 62 61 1 1)
(474 65 63 4 1)
(478 64 62 1 1)
(479 62 61 1 1)
(480 60 60 2 1)
(482 64 62 2 1)
(484 62 61 4 1)
(488 60 60 8 1)
(514 69 65 2 1)
(516 72 67 3 1)
(519 71 66 1 1)
(520 69 65 2 1)
(522 67 64 1 1)
(523 65 63 1 1)
(524 64 62 1 1)
(525 62 61 1 1)
(526 67 64 3 1)
(529 65 63 1 1)
(530 64 62 1 1)
(531 62 61 1 1)
(532 64 62 4 1)
(536 62 61 4 1)
(542 69 65 3 1)
(545 71 66 1 1)
(546 72 67 1 1)
(547 69 65 1 1)
(548 71 66 2 1)
(550 67 64 2 1)
(552 69 65 2 1)
(554 65 63 3 1)
(557 67 64 1 1)
(558 69 65 1 1)
(559 65 63 1 1)
(560 67 64 2 1)
(562 64 62 2 1)
(564 65 63 2 1)
(566 64 62 1 1)
(567 62 61 1 1)
(568 60 60 3 1)
(571 62 61 1 1)
(572 64 62 2 1)
(574 65 63 4 1)
(578 64 62 1 1)
(579 62 61 1 1)
(580 64 62 1 1)
(581 62 61 1 1)
(582 65 63 2 1)
(584 64 62 1 1)
(585 62 61 1 1)
(586 62 61 4 1)
(590 61 60 2 1)
(592 62 61 8 1)
(624 69 65 8 1)
(632 69 65 4 1)
(636 72 67 6 1)
(642 69 65 4 1)
(646 67 64 1 1)
(647 65 63 1 1)
(648 64 62 2 1)
(650 60 60 2 1)
(652 67 64 8 1)
(660 65 63 6 1)
(666 64 62 1 1)
(667 62 61 1 1)
(668 64 62 4 1)
(672 65 63 4 1)
(682 60 60 2 1)
(684 65 63 3 1)
(687 67 64 1 1)
(688 69 65 1 1)
(689 70 66 1 1)
(690 69 65 4 1)
(694 67 64 1 1)
(695 65 63 1 1)
(696 64 62 2 1)
(698 67 64 3 1)
(701 65 63 1 1)
(702 64 62 1 1)
(703 62 61 1 1)
(704 60 60 4 1)
(708 72 67 2 1)
(710 72 67 3 1)
(713 71 66 1 1)
(714 69 65 1 1)
(715 67 64 1 1)
(716 65 63 3 1)
(719 64 62 1 1)
(720 67 64 8 1)
(730 67 64 2 1)
(732 69 65 2 1)
(734 65 63 3 1)
(737 67 64 1 1)
(738 69 65 1 1)
(739 71 66 1 1)
(740 72 67 2 1)
(742 69 65 2 1)
(744 71 66 2 1)
(746 67 64 2 1)
(748 71 66 6 1)
(754 69 65 2 1)
(756 69 65 6 1)
(762 68 64 1 1)
(763 66 63 1 1)
(764 68 64 4 1)
(768 69 65 2 1)
(770 67 64 1 1)
(771 65 63 1 1)
(772 64 62 2 1)
(774 65 63 4 1)
(778 64 62 1 1)
(779 62 61 1 1)
(780 60 60 4 1)
(786 69 65 3 1)
(789 67 64 1 1)
(790 65 63 1 1)
(791 64 62 1 1)
(792 65 63 2 1)
(794 64 62 1 1)
(795 62 61 1 1)
(796 64 62 2 1)
(798 62 61 4 1)
(802 61 60 2 1)
(804 62 61 12 1)
