(32 71 66 8 1)
(40 72 67 4 1)
(44 69 65 2 1)
(46 71 66 4 1)
(50 69 65 1 1)
(51 67 64 1 1)
(52 69 65 4 1)
(56 67 64 4 1)
(62 69 65 2 1)
(64 71 66 4 1)
(68 72 67 4 1)
(72 71 66 2 1)
(74 71 66 4 1)
(78 69 65 1 1)
(79 67 64 1 1)
(80 69 65 2 1)
(82 71 66 2 1)
(84 64 62 4 1)
(90 71 66 2 1)
(92 74 68 4 1)
(96 72 67 2 1)
(98 71 66 4 1)
(102 69 65 1 1)
(103 67 64 1 1)
(104 69 65 2 1)
(106 71 66 2 1)
(108 72 67 3 1)
(111 71 66 1 1)
(112 71 66 1 1)
(113 69 65 1 1)
(114 69 65 4 1)
(118 68 64 2 1)
(120 69 65 16 1)
(140 64 62 4 1)
(144 65 63 4 1)
(148 65 63 4 1)
(152 64 62 8 1)
(166 67 64 2 1)
(168 69 65 4 1)
(172 67 64 4 1)
(178 69 65 2 1)
(180 71 66 2 1)
(182 71 66 2 1)
(184 72 67 1 1)
(185 71 66 1 1)
(186 69 65 1 1)
(187 67 64 1 1)
(188 69 65 4 1)
(192 67 64 4 1)
(198 69 65 2 1)
(200 71 66 2 1)
(202 67 64 3 1)
(205 69 65 1 1)
(206 71 66 1 1)
(207 72 67 1 1)
(208 74 68 2 1)
(210 72 67 4 1)
(214 71 66 2 1)
(216 72 67 8 1)
(230 72 67 2 1)
(232 72 67 4 1)
(236 72 67 4 1)
(240 71 66 4 1)
(244 67 64 4 1)
(248 69 65 2 1)
(250 71 66 3 1)
(253 69 65 1 1)
(254 67 64 1 1)
(255 65 63 1 1)
(256 64 62 2 1)
(258 67 64 2 1)
(260 67 64 2 1)
(262 67 64 2 1)
(264 69 65 2 1)
(266 67 64 1 1)
(267 65 63 1 1)
(268 64 62 2 1)
(270 69 65 3 1)
(273 67 64 1 1)
(274 65 63 1 1)
(275 64 62 1 1)
(276 65 63 4 1)
(280 64 62 4 1)
(286 67 64 2 1)
(288 69 65 4 1)
(292 69 65 4 1)
(296 67 64 2 1)
(298 65 63 1 1)
(299 64 62 1 1)
(300 65 63 8 1)
(308 64 62 4 1)
(314 71 66 2 1)
(316 72 67 2 1)
(318 72 67 2 1)
(320 71 66 2 1)
(322 69 65 1 1)
(323 67 64 1 1)
(324 69 65 4 1)
(328 67 64 4 1)
(334 74 68 2 1)
(336 76 69 2 1)
(338 76 69 2 1)
(340 74 68 2 1)
(342 71 66 2 1)
(344 71 66 2 1)
(346 72 67 2 1)
(348 74 68 1 1)
(349 72 67 1 1)
(350 71 66 1 1)
(351 69 65 1 1)
(352 67 64 4 1)
(356 69 65 4 1)
(360 67 64 4 1)
(366 72 67 2 1)
(368 71 66 2 1)
(370 72 67 4 1)
(374 71 66 1 1)
(375 69 65 1 1)
(376 67 64 2 1)
(378 64 62 3 1)
(381 65 63 1 1)
(382 67 64 1 1)
(383 69 65 1 1)
(384 71 66 1 1)
(385 72 67 1 1)
(386 74 68 2 1)
(388 72 67 2 1)
(390 71 66 3 1)
(393 69 65 1 1)
(394 69 65 4 1)
(398 68 64 2 1)
(400 69 65 4 1)
(406 72 67 2 1)
(408 71 66 2 1)
(410 72 67 4 1)
(414 71 66 1 1)
(415 69 65 1 1)
(416 67 64 2 1)
(418 64 62 3 1)
(421 65 63 1 1)
(422 67 64 1 1)
(423 69 65 1 1)
(424 71 66 1 1)
(425 72 67 1 1)
(426 74 68 2 1)
(428 72 67 2 1)
(430 71 66 3 1)
(433 69 65 1 1)
(434 69 65 4 1)
(438 68 64 2 1)
(440 69 65 8 1)
