(16 67 64 2 1)
(18 67 64 2 1)
(20 67 64 2 1)
(22 67 64 2 1)
(24 67 64 4 1)
(28 71 66 4 1)
(32 72 67 6 1)
(38 71 66 2 1)
(40 69 65 4 1)
(44 67 64 4 1)
(50 72 67 2 1)
(52 74 68 2 1)
(54 76 69 3 1)
(57 74 68 1 1)
(58 72 67 4 1)
(62 71 66 2 1)
(64 72 67 4 1)
(68 67 64 2 1)
(70 69 65 2 1)
(72 71 66 3 1)
(75 72 67 1 1)
(76 74 68 2 1)
(78 76 69 3 1)
(81 74 68 1 1)
(82 74 68 4 1)
(86 73 67 2 1)
(88 74 68 3 1)
(91 72 67 1 1)
(92 69 65 2 1)
(94 71 66 3 1)
(97 69 65 1 1)
(98 69 65 4 1)
(102 67 64 2 1)
(104 69 65 4 1)
(110 69 65 2 1)
(112 67 64 1 1)
(113 65 63 1 1)
(114 64 62 1 1)
(115 62 61 1 1)
(116 64 62 4 1)
(120 62 61 3 1)
(123 64 62 1 1)
(124 65 63 1 1)
(125 67 64 1 1)
(126 69 65 3 1)
(129 67 64 1 1)
(130 67 64 4 1)
(134 66 63 2 1)
(136 67 64 8 1)
(144 67 64 3 1)
(147 69 65 1 1)
(148 71 66 2 1)
(150 72 67 2 1)
(152 67 64 4 1)
(156 69 65 4 1)
(160 67 64 4 1)
(166 74 68 2 1)
(168 76 69 2 1)
(170 72 67 4 1)
(174 71 66 2 1)
(176 72 67 3 1)
(179 74 68 1 1)
(180 76 69 1 1)
(181 77 70 1 1)
(182 76 69 4 1)
(186 74 68 1 1)
(187 72 67 1 1)
(188 71 66 4 1)
(200 74 68 2 1)
(202 74 68 2 1)
(204 74 68 2 1)
(206 74 68 2 1)
(208 72 67 4 1)
(212 71 66 4 1)
(216 69 65 8 1)
(232 74 68 2 1)
(234 74 68 2 1)
(236 74 68 2 1)
(238 72 67 2 1)
(240 71 66 4 1)
(244 69 65 4 1)
(248 67 64 1 1)
(249 69 65 1 1)
(250 71 66 1 1)
(251 72 67 1 1)
(252 74 68 1 1)
(253 76 69 1 1)
(254 74 68 3 1)
(257 72 67 1 1)
(258 72 67 4 1)
(262 71 66 2 1)
(264 72 67 8 1)
