(0 67 64 8 1)
(8 65 63 4 1)
(12 67 64 4 1)
(16 70 66 8 1)
(24 69 65 4 1)
(28 67 64 6 1)
(34 65 63 1 1)
(35 64 62 1 1)
(36 62 61 4 1)
(40 65 63 4 1)
(44 67 64 2 1)
(46 70 66 4 1)
(50 69 65 1 1)
(51 67 64 1 1)
(52 65 63 2 1)
(54 69 65 3 1)
(57 70 66 1 1)
(58 72 67 2 1)
(60 70 66 3 1)
(63 72 67 1 1)
(64 74 68 2 1)
(66 72 67 3 1)
(69 70 66 1 1)
(70 69 65 1 1)
(71 67 64 1 1)
(72 65 63 2 1)
(74 64 62 2 1)
(76 67 64 3 1)
(79 65 63 1 1)
(80 62 61 8 1)
(96 62 61 6 1)
(102 60 60 2 1)
(104 64 62 4 1)
(108 62 61 3 1)
(111 64 62 1 1)
(112 65 63 2 1)
(114 67 64 2 1)
(116 69 65 4 1)
(120 70 66 4 1)
(124 67 64 2 1)
(126 69 65 4 1)
(130 70 66 2 1)
(132 69 65 2 1)
(134 72 67 2 1)
(136 70 66 2 1)
(138 69 65 3 1)
(141 67 64 1 1)
(142 67 64 4 1)
(146 66 63 2 1)
(148 67 64 2 1)
(150 70 66 2 1)
(152 69 65 4 1)
(156 62 61 8 1)
(166 74 68 4 1)
(170 72 67 1 1)
(171 70 66 1 1)
(172 69 65 4 1)
(176 67 64 4 1)
(180 65 63 2 1)
(182 67 64 2 1)
(184 69 65 3 1)
(187 67 64 1 1)
(188 65 63 1 1)
(189 64 62 1 1)
(190 67 64 3 1)
(193 65 63 1 1)
(194 64 62 1 1)
(195 62 61 1 1)
(196 64 62 4 1)
(200 62 61 4 1)
(216 62 61 4 1)
(220 60 60 2 1)
(222 57 58 2 1)
(224 58 59 2 1)
(226 55 57 3 1)
(229 52 55 1 1)
(230 53 56 2 1)
(232 55 57 2 1)
(234 58 59 2 1)
(236 57 58 4 1)
(240 55 57 4 1)
(248 62 61 4 1)
(252 65 63 4 1)
(256 67 64 4 1)
(260 69 65 4 1)
(264 70 66 4 1)
(268 69 65 4 1)
(272 67 64 2 1)
(274 74 68 3 1)
(277 72 67 1 1)
(278 72 67 3 1)
(281 70 66 1 1)
(282 70 66 4 1)
(286 69 65 2 1)
(288 70 66 4 1)
(328 70 66 4 1)
(332 70 66 2 1)
(334 69 65 3 1)
(337 67 64 1 1)
(338 67 64 4 1)
(342 66 63 2 1)
(344 67 64 8 1)
(352 62 61 8 1)
(364 74 68 4 1)
(368 72 67 2 1)
(370 70 66 3 1)
(373 69 65 1 1)
(374 67 64 2 1)
(376 65 63 2 1)
(378 70 66 4 1)
(382 69 65 2 1)
(384 70 66 4 1)
(388 72 67 2 1)
(390 74 68 2 1)
(392 67 64 2 1)
(394 70 66 2 1)
(396 69 65 2 1)
(398 67 64 4 1)
(402 65 63 1 1)
(403 64 62 1 1)
(404 62 61 3 1)
(407 64 62 1 1)
(408 65 63 1 1)
(409 67 64 1 1)
(410 69 65 2 1)
(412 70 66 2 1)
(414 69 65 3 1)
(417 67 64 1 1)
(418 67 64 4 1)
(422 65 63 2 1)
(424 67 64 2 1)
(426 64 62 3 1)
(429 62 61 1 1)
(430 67 64 4 1)
(434 65 63 2 1)
(436 70 66 4 1)
(440 69 65 8 1)
(448 67 64 8 1)
(456 65 63 4 1)
(460 67 64 6 1)
(466 65 63 1 1)
(467 64 62 1 1)
(468 62 61 1 1)
(469 64 62 1 1)
(470 65 63 1 1)
(471 67 64 1 1)
(472 69 65 4 1)
(476 67 64 2 1)
(478 70 66 4 1)
(482 69 65 1 1)
(483 67 64 1 1)
(484 65 63 4 1)
(488 64 62 2 1)
(490 65 63 2 1)
(492 67 64 2 1)
(494 62 61 4 1)
(498 60 60 1 1)
(499 58 59 1 1)
(500 57 58 2 1)
(502 60 60 3 1)
(505 58 59 1 1)
(506 57 58 2 1)
(508 55 57 2 1)
(510 53 56 2 1)
(512 58 59 4 1)
(516 57 58 4 1)
(522 62 61 4 1)
(526 60 60 2 1)
(528 65 63 3 1)
(531 67 64 1 1)
(532 69 65 1 1)
(533 70 66 1 1)
(534 69 65 4 1)
(538 67 64 1 1)
(539 65 63 1 1)
(540 64 62 4 1)
(544 62 61 4 1)
(548 64 62 2 1)
(550 65 63 2 1)
(552 62 61 2 1)
(554 67 64 2 1)
(556 65 63 2 1)
(558 70 66 4 1)
(562 69 65 1 1)
(563 67 64 1 1)
(564 66 63 4 1)
(568 67 64 4 1)
(574 67 64 2 1)
(576 67 64 3 1)
(579 69 65 1 1)
(580 70 66 3 1)
(583 69 65 1 1)
(584 67 64 2 1)
(586 65 63 2 1)
(588 67 64 1 1)
(589 65 63 1 1)
(590 64 62 1 1)
(591 62 61 1 1)
(592 64 62 4 1)
(596 62 61 16 1)
(612 61 61 4 1)
(616 62 61 12 1)
(632 67 64 4 1)
(636 69 65 4 1)
(640 67 64 2 1)
(642 70 66 3 1)
(645 69 65 1 1)
(646 67 64 1 1)
(647 65 63 1 1)
(648 67 64 4 1)
(652 65 63 2 1)
(654 70 66 2 1)
(656 69 65 2 1)
(658 72 67 3 1)
(661 70 66 1 1)
(662 70 66 4 1)
(666 69 65 2 1)
(668 70 66 4 1)
(674 65 63 3 1)
(677 64 62 1 1)
(678 65 63 2 1)
(680 67 64 2 1)
(682 69 65 2 1)
(684 62 61 2 1)
(686 69 65 2 1)
(688 70 66 2 1)
(690 72 67 2 1)
(692 74 68 3 1)
(695 72 67 1 1)
(696 70 66 1 1)
(697 69 65 1 1)
(698 67 64 2 1)
(700 70 66 2 1)
(702 69 65 2 1)
(704 62 61 2 1)
(706 67 64 4 1)
(710 66 63 2 1)
(712 67 64 4 1)
(734 60 60 2 1)
(736 62 61 4 1)
(740 64 62 4 1)
(744 65 63 2 1)
(746 64 62 3 1)
(749 62 61 1 1)
(750 62 61 4 1)
(754 61 61 2 1)
(756 62 61 4 1)
(762 65 63 2 1)
(764 67 64 4 1)
(768 69 65 4 1)
(772 70 66 2 1)
(774 69 65 3 1)
(777 67 64 1 1)
(778 67 64 4 1)
(782 66 63 2 1)
(784 67 64 16 1)
(992 67 64 8 1)
(1000 65 63 8 1)
(1008 62 61 4 1)
(1012 64 62 4 1)
(1016 65 63 6 1)
(1022 64 62 1 1)
(1023 62 61 1 1)
(1024 60 60 4 1)
(1032 69 65 8 1)
(1040 70 66 4 1)
(1044 69 65 6 1)
(1050 67 64 2 1)
(1052 65 63 4 1)
(1056 64 62 2 1)
(1058 69 65 4 1)
(1062 67 64 2 1)
(1064 69 65 4 1)
(1084 62 61 4 1)
(1088 65 63 3 1)
(1091 64 62 1 1)
(1092 65 63 2 1)
(1094 67 64 2 1)
(1096 70 66 2 1)
(1098 69 65 3 1)
(1101 67 64 1 1)
(1102 67 64 4 1)
(1106 66 63 2 1)
(1108 67 64 4 1)
(1112 69 65 4 1)
(1116 70 66 4 1)
(1120 69 65 4 1)
(1124 62 61 4 1)
(1140 74 68 6 1)
(1146 72 67 2 1)
(1148 70 66 4 1)
(1152 69 65 4 1)
(1156 67 64 4 1)
(1160 69 65 2 1)
(1162 72 67 4 1)
(1166 71 66 2 1)
(1168 72 67 4 1)
(1174 67 64 4 1)
(1178 69 65 2 1)
(1180 70 66 2 1)
(1182 67 64 3 1)
(1185 64 62 1 1)
(1186 65 63 2 1)
(1188 67 64 3 1)
(1191 65 63 1 1)
(1192 62 61 4 1)
(1202 67 64 2 1)
(1204 69 65 2 1)
(1206 70 66 2 1)
(1208 67 64 2 1)
(1210 70 66 2 1)
(1212 72 67 2 1)
(1214 74 68 1 1)
(1215 72 67 1 1)
(1216 70 66 1 1)
(1217 69 65 1 1)
(1218 69 65 4 1)
(1222 67 64 2 1)
(1224 69 65 8 1)
(1260 74 68 8 1)
(1268 72 67 4 1)
(1272 70 66 6 1)
(1278 67 64 2 1)
(1280 69 65 4 1)
(1284 70 66 8 1)
(1356 67 64 8 1)
(1364 65 63 4 1)
(1368 67 64 4 1)
(1372 70 66 4 1)
(1376 69 65 4 1)
(1380 67 64 4 1)
(1384 74 68 6 1)
(1390 72 67 2 1)
(1392 70 66 2 1)
(1394 69 65 2 1)
(1396 70 66 4 1)
(1400 69 65 3 1)
(1403 67 64 1 1)
(1404 67 64 8 1)
(1412 66 63 4 1)
(1416 67 64 12 1)
