(0 67 64 12 1)
(12 67 64 6 1)
(18 69 65 2 1)
(20 67 64 2 1)
(22 69 65 3 1)
(25 67 64 1 1)
(26 64 62 4 1)
(30 69 65 3 1)
(33 67 64 1 1)
(34 69 65 3 1)
(37 67 64 1 1)
(38 64 62 2 1)
(40 62 61 2 1)
(42 65 63 2 1)
(44 64 62 4 1)
(48 62 61 4 1)
(56 67 64 4 1)
(60 69 65 4 1)
(64 71 66 6 1)
(70 69 65 1 1)
(71 71 66 1 1)
(72 72 67 2 1)
(74 71 66 2 1)
(76 67 64 3 1)
(79 69 65 1 1)
(80 65 63 2 1)
(82 64 62 2 1)
(84 62 61 2 1)
(86 67 64 2 1)
(88 69 65 2 1)
(90 71 66 2 1)
(92 72 67 3 1)
(95 71 66 1 1)
(96 67 64 2 1)
(98 69 65 2 1)
(100 70 66 2 1)
(102 69 65 4 1)
(106 67 64 2 1)
(108 69 65 8 1)
(120 65 63 6 1)
(126 67 64 2 1)
(128 69 65 4 1)
(132 70 66 4 1)
(136 69 65 2 1)
(138 69 65 4 1)
(142 65 63 2 1)
(144 64 62 4 1)
(148 62 61 2 1)
(150 67 64 2 1)
(152 65 63 2 1)
(154 69 65 2 1)
(156 67 64 2 1)
(158 69 65 4 1)
(162 67 64 2 1)
(164 65 63 2 1)
(166 62 61 2 1)
(168 60 60 4 1)
(172 62 61 2 1)
(174 65 63 2 1)
(176 64 62 4 1)
(180 62 61 4 1)
(192 59 59 3 1)
(195 60 60 1 1)
(196 62 61 4 1)
(200 64 62 4 1)
(204 62 61 2 1)
(206 60 60 2 1)
(208 64 62 2 1)
(210 62 61 4 1)
(214 60 60 2 1)
(216 62 61 2 1)
(218 65 63 2 1)
(220 67 64 2 1)
(222 69 65 4 1)
(226 65 63 2 1)
(228 64 62 2 1)
(230 65 63 2 1)
(232 67 64 2 1)
(234 65 63 2 1)
(236 62 61 2 1)
(238 65 63 3 1)
(241 67 64 1 1)
(242 69 65 8 1)
(250 67 64 2 1)
(252 69 65 8 1)
(260 67 64 2 1)
(262 72 67 3 1)
(265 71 66 1 1)
(266 69 65 2 1)
(268 71 66 1 1)
(269 67 64 1 1)
(270 67 64 2 1)
(272 66 63 1 1)
(273 66 63 2 1)
(275 64 62 1 1)
(276 67 64 12 1)
(288 67 64 12 1)
(300 69 65 6 1)
(306 67 64 1 1)
(307 65 63 1 1)
(308 64 62 6 1)
(314 62 61 1 1)
(315 60 60 1 1)
(316 67 64 4 1)
(320 69 65 4 1)
(324 67 64 8 1)
(332 72 67 6 1)
(338 71 66 1 1)
(339 69 65 1 1)
(340 71 66 4 1)
(346 64 62 4 1)
(350 65 63 1 1)
(351 67 64 1 1)
(352 69 65 4 1)
(356 67 64 2 1)
(358 64 62 2 1)
(360 65 63 4 1)
(364 64 62 4 1)
(368 65 63 2 1)
(370 67 64 4 1)
(374 64 62 2 1)
(376 62 61 3 1)
(379 59 59 1 1)
(380 57 58 2 1)
(382 55 57 4 1)
(386 59 59 2 1)
(388 57 58 4 1)
(394 55 57 2 1)
(396 57 58 2 1)
(398 59 59 2 1)
(400 60 60 2 1)
(402 62 61 2 1)
(404 64 62 3 1)
(407 65 63 1 1)
(408 62 61 2 1)
(410 60 60 3 1)
(413 62 61 1 1)
(414 64 62 1 1)
(415 65 63 1 1)
(416 62 61 2 1)
(418 67 64 2 1)
(420 65 63 2 1)
(422 67 64 2 1)
(424 69 65 2 1)
(426 67 64 2 1)
(430 72 67 2 1)
(432 71 66 2 1)
(434 67 64 2 1)
(436 69 65 2 1)
(438 71 66 3 1)
(441 67 64 1 1)
(442 67 64 4 1)
(446 66 63 2 1)
(448 67 64 8 1)
(460 64 62 4 1)
(464 65 63 4 1)
(468 67 64 4 1)
(472 65 63 2 1)
(474 69 65 4 1)
(478 67 64 2 1)
(480 64 62 2 1)
(482 60 60 2 1)
(484 62 61 4 1)
(488 60 60 8 1)
(504 72 67 8 1)
(512 71 66 4 1)
(516 67 64 4 1)
(520 69 65 2 1)
(522 69 65 4 1)
(526 67 64 1 1)
(527 65 63 1 1)
(528 64 62 4 1)
(532 67 64 4 1)
(536 69 65 4 1)
(540 72 67 8 1)
(548 71 66 4 1)
(552 72 67 6 1)
(558 71 66 2 1)
(560 69 65 2 1)
(562 67 64 2 1)
(564 67 64 4 1)
(572 69 65 6 1)
(578 67 64 2 1)
(580 64 62 4 1)
(584 62 61 4 1)
(588 60 60 4 1)
(592 64 62 6 1)
(598 62 61 2 1)
(600 59 59 4 1)
(606 60 60 2 1)
(608 59 59 2 1)
(610 64 62 4 1)
(614 62 61 4 1)
(618 59 59 2 1)
(620 57 58 4 1)
(624 55 57 4 1)
(628 60 60 4 1)
(632 62 61 4 1)
(636 64 62 4 1)
(640 65 63 3 1)
(643 67 64 1 1)
(644 69 65 2 1)
(646 67 64 2 1)
(650 65 63 2 1)
(652 67 64 2 1)
(654 64 62 2 1)
(656 65 63 3 1)
(659 67 64 1 1)
(660 69 65 2 1)
(662 70 66 4 1)
(666 69 65 4 1)
(670 67 64 2 1)
(672 69 65 6 1)
(678 65 63 2 1)
(680 67 64 2 1)
(682 64 62 2 1)
(684 65 63 2 1)
(686 67 64 4 1)
(690 65 63 2 1)
(692 67 64 3 1)
(695 65 63 1 1)
(696 62 61 2 1)
(698 60 60 2 1)
(700 65 63 4 1)
(704 64 62 4 1)
(708 67 64 4 1)
(712 65 63 8 1)
(720 64 62 8 1)
(728 67 64 6 1)
(734 69 65 2 1)
(736 71 66 4 1)
(740 72 67 4 1)
(744 71 66 2 1)
(746 67 64 2 1)
(748 69 65 4 1)
(752 67 64 4 1)
(756 69 65 2 1)
(758 72 67 2 1)
(760 71 66 1 1)
(761 71 66 2 1)
(763 69 65 1/2 1)
(1527/2 67 64 1/2 1)
(764 65 63 2 1)
(766 69 65 3 1)
(769 67 64 1 1)
(770 67 64 3 1)
(773 64 62 1 1)
(774 65 63 1/2 1)
(1549/2 64 62 1/2 1)
(775 62 61 1/2 1)
(1551/2 60 60 1/2 1)
(776 59 59 2 1)
(778 65 63 2 1)
(780 67 64 2 1)
(782 64 62 4 1)
(786 62 61 2 1)
(788 64 62 4 1)
(796 71 66 4 1)
(800 72 67 4 1)
(804 71 66 2 1)
(806 69 65 4 1)
(810 67 64 2 1)
(812 69 65 4 1)
(816 71 66 6 1)
(822 69 65 1 1)
(823 67 64 1 1)
(824 67 64 4 1)
(828 69 65 2 1)
(830 67 64 2 1)
(832 72 67 4 1)
(836 71 66 2 1)
(838 69 65 3 1)
(841 67 64 1 1)
(842 67 64 4 1)
(846 66 63 2 1)
(848 67 64 6 1)
(854 65 63 1 1)
(855 64 62 1 1)
(856 62 61 4 1)
(860 60 60 3 1)
(863 62 61 1 1)
(864 64 62 2 1)
(866 65 63 2 1)
(868 64 62 2 1)
(870 65 63 2 1)
(872 67 64 2 1)
(874 60 60 2 1)
(878 67 64 2 1)
(880 69 65 2 1)
(882 67 64 4 1)
(886 69 65 2 1)
(888 67 64 2 1)
(890 72 67 4 1)
(894 71 66 2 1)
(896 72 67 6 1)
(902 71 66 1 1)
(903 69 65 1 1)
(904 67 64 4 1)
(908 69 65 4 1)
(912 72 67 4 1)
(916 71 66 3 1)
(919 69 65 1 1)
(920 69 65 6 1)
(926 67 64 4 1)
(930 65 63 1 1)
(931 67 64 1 1)
(932 69 65 4 1)
(940 71 66 4 1)
(944 67 64 4 1)
(948 69 65 6 1)
(954 71 66 2 1)
(956 72 67 2 1)
(958 71 66 2 1)
(960 67 64 2 1)
(962 69 65 4 1)
(966 65 63 2 1)
(968 64 62 2 1)
(970 69 65 3 1)
(973 67 64 1 1)
(974 67 64 2 1)
(976 69 65 2 1)
(978 72 67 2 1)
(980 71 66 4 1)
(984 67 64 2 1)
(986 69 65 4 1)
(990 65 63 2 1)
(992 67 64 2 1)
(994 64 62 4 1)
(998 60 60 2 1)
(1000 62 61 2 1)
(1002 65 63 2 1)
(1004 64 62 4 1)
(1010 60 60 2 1)
(1012 62 61 3 1)
(1015 60 60 1 1)
(1016 64 62 4 1)
(1024 67 64 4 1)
(1028 65 63 3 1)
(1031 64 62 1 1)
(1032 67 64 3 1)
(1035 65 63 1 1)
(1036 62 61 4 1)
(1040 64 62 4 1)
(1044 60 60 4 1)
(1050 65 63 4 1)
(1054 62 61 2 1)
(1056 64 62 2 1)
(1058 62 61 2 1)
(1060 67 64 4 1)
(1064 65 63 3 1)
(1067 67 64 1 1)
(1068 69 65 2 1)
(1070 70 66 4 1)
(1074 69 65 1 1)
(1075 67 64 1 1)
(1076 65 63 2 1)
(1078 64 62 2 1)
(1080 62 61 2 1)
(1082 67 64 4 1)
(1086 66 63 2 1)
(1088 67 64 12 1)
