(0 67 64 6 1)
(6 64 62 2 1)
(8 65 63 2 1)
(10 64 62 1 1)
(11 65 63 1 1)
(12 67 64 2 1)
(14 65 63 2 1)
(16 62 61 4 1)
(22 60 60 2 1)
(24 62 61 2 1)
(26 58 59 2 1)
(28 57 58 4 1)
(32 55 57 4 1)
(38 65 63 2 1)
(40 67 64 2 1)
(42 70 66 2 1)
(44 69 65 1 1)
(45 67 64 1 1)
(46 67 64 3 1)
(49 66 63 1 1)
(50 66 63 1 1)
(51 64 62 1 1)
(52 67 64 4 1)
(58 62 61 2 1)
(60 62 61 2 1)
(62 62 61 2 1)
(64 58 59 2 1)
(66 55 57 2 1)
(70 62 61 2 1)
(72 63 62 4 1)
(76 62 61 4 1)
(80 60 60 2 1)
(82 58 59 2 1)
(84 55 57 4 1)
(88 57 58 4 1)
(92 55 57 4 1)
(98 65 63 2 1)
(100 67 64 4 1)
(104 70 66 4 1)
(108 69 65 6 1)
(114 69 65 2 1)
(116 67 64 4 1)
(120 67 64 2 1)
(122 65 63 4 1)
(126 63 62 3 1)
(129 62 61 1 1)
(130 62 61 3 1)
(133 60 60 1 1)
(134 60 60 1 1)
(135 58 59 1 1)
(136 62 61 4 1)
(142 67 64 2 1)
(144 65 63 4 1)
(148 64 62 4 1)
(152 62 61 2 1)
(154 62 61 2 1)
(158 60 60 2 1)
(160 58 59 2 1)
(162 62 61 3 1)
(165 60 60 1 1)
(166 58 59 1 1)
(167 57 58 1 1)
(168 55 57 4 1)
(174 65 63 2 1)
(176 67 64 2 1)
(178 69 65 4 1)
(182 65 63 2 1)
(184 67 64 2 1)
(186 65 63 2 1)
(188 62 61 4 1)
(192 64 62 2 1)
(194 65 63 3 1)
(197 67 64 1 1)
(198 69 65 2 1)
(200 70 66 2 1)
(202 69 65 1 1)
(203 67 64 1 1)
(204 66 63 12 1)
