(0 72 67 8 1)
(8 72 67 4 1)
(12 74 68 8 1)
(20 76 69 4 1)
(24 76 69 2 1)
(26 74 68 2 1)
(28 72 67 2 1)
(30 71 66 4 1)
(34 69 65 2 1)
(36 71 66 8 1)
(48 72 67 2 1)
(50 72 67 2 1)
(52 71 66 2 1)
(54 69 65 4 1)
(58 65 63 2 1)
(60 64 62 8 1)
(72 74 68 8 1)
(80 74 68 4 1)
(84 76 69 8 1)
(92 74 68 4 1)
(96 72 67 2 1)
(98 71 66 2 1)
(100 67 64 2 1)
(102 72 67 2 1)
(104 71 66 2 1)
(106 69 65 2 1)
(108 72 67 8 1)
(120 65 63 4 1)
(124 65 63 2 1)
(126 65 63 4 1)
(130 65 63 2 1)
(132 60 60 12 1)
(146 60 60 2 1)
(148 62 61 2 1)
(150 64 62 2 1)
(152 65 63 4 1)
(158 72 67 4 1)
(162 69 65 2 1)
(164 65 63 4 1)
(168 67 64 2 1)
(170 67 64 2 1)
(172 67 64 2 1)
(174 67 64 2 1)
(176 60 60 4 1)
(184 72 67 4 1)
(188 71 66 4 1)
(192 69 65 4 1)
(196 67 64 2 1)
(198 66 63 4 1)
(202 64 62 2 1)
(204 67 64 4 1)
(216 76 69 8 1)
(224 74 68 4 1)
(228 72 67 4 1)
(232 71 66 4 1)
(236 69 65 4 1)
(240 67 64 4 1)
(244 72 67 2 1)
(246 72 67 2 1)
(248 72 67 2 1)
(250 69 65 2 1)
(252 71 66 8 1)
(264 72 67 8 1)
(272 69 65 2 1)
(274 67 64 2 1)
(276 65 63 4 1)
(280 64 62 4 1)
(284 62 61 4 1)
(288 60 60 4 1)
(294 67 64 2 1)
(296 64 62 2 1)
(298 60 60 2 1)
(302 67 64 2 1)
(304 64 62 2 1)
(306 67 64 2 1)
(310 72 67 2 1)
(312 71 66 2 1)
(314 69 65 2 1)
(316 72 67 6666667/5000000 1)
(15933333/50000 60 60 6666667/5000000 1)
(320 64 62 2 1)
(322 65 63 2 1)
(324 67 64 2 1)
(326 69 65 2 1)
(328 64 62 2 1)
(330 62 61 2 1)
(332 64 62 2 1)
(334 65 63 2 1)
(336 67 64 2 1)
(338 60 60 2 1)
(340 72 67 2 1)
(342 67 64 2 1)
(344 69 65 2 1)
(346 71 66 2 1)
(348 72 67 12 1)
