(12 74 68 8 1)
(20 67 64 4 1)
(24 74 68 4 1)
(28 72 67 2 1)
(30 70 66 2 1)
(32 69 65 4 1)
(36 67 64 8 1)
(84 69 65 4 1)
(88 72 67 4 1)
(92 74 68 4 1)
(96 72 67 1 1)
(97 74 68 1 1)
(98 76 69 1 1)
(99 77 70 1 1)
(100 76 69 2 1)
(102 74 68 4 1)
(106 73 67 2 1)
(108 74 68 4 1)
(112 69 65 2 1)
(114 70 66 2 1)
(116 72 67 2 1)
(118 72 67 2 1)
(120 74 68 4 1)
(124 72 67 3 1)
(127 70 66 1 1)
(128 69 65 4 1)
(132 67 64 4 1)
(136 74 68 4 1)
(140 75 69 4 1)
(144 74 68 2 1)
(146 70 66 2 1)
(148 72 67 4 1)
(152 74 68 4 1)
(156 72 67 2 1)
(158 72 67 4 1)
(162 70 66 2 1)
(164 72 67 2 1)
(166 74 68 2 1)
(168 67 64 1 1)
(169 69 65 1 1)
(170 70 66 2 1)
(172 65 63 2 1)
(174 67 64 3 1)
(177 66 63 1/2 1)
(355/2 64 62 1/2 1)
(178 66 63 2 1)
(180 67 64 4 1)
(184 64 62 4 1)
(188 65 63 4 1)
(192 67 64 4 1)
(196 69 65 4 1)
(200 67 64 2 1)
(202 65 63 2 1)
(204 64 62 4 1)
(216 65 63 2 1)
(218 64 62 2 1)
(220 67 64 4 1)
(224 69 65 4 1)
(228 69 65 4 1)
(232 70 66 4 1)
(236 69 65 2 1)
(238 74 68 4 1)
(242 72 67 2 1)
(244 69 65 4 1)
(250 72 67 3 1)
(253 70 66 1 1)
(254 69 65 2 1)
(256 67 64 2 1)
(258 65 63 2 1)
(260 64 62 4 1)
(264 62 61 4 1)
(288 69 65 4 1)
(292 70 66 4 1)
(296 72 67 4 1)
(300 69 65 4 1)
(304 72 67 4 1)
(308 74 68 4 1)
(312 74 68 4 1)
(316 75 69 4 1)
(320 74 68 4 1)
(326 70 66 2 1)
(328 72 67 2 1)
(330 74 68 4 1)
(334 72 67 2 1)
(336 74 68 2 1)
(338 74 68 4 1)
(342 72 67 4 1)
(346 71 66 2 1)
(348 72 67 4 1)
(356 67 64 4 1)
(360 65 63 2 1)
(362 69 65 3 1)
(365 67 64 1 1)
(366 67 64 4 1)
(370 66 63 2 1)
(372 67 64 8 1)
(382 67 64 2 1)
(384 65 63 2 1)
(386 69 65 2 1)
(388 67 64 2 1)
(390 65 63 2 1)
(392 64 62 4 1)
(396 65 63 2 1)
(398 62 61 2 1)
(400 67 64 4 1)
(404 69 65 4 1)
(414 69 65 2 1)
(416 70 66 4 1)
(420 69 65 4 1)
(424 65 63 2 1)
(426 67 64 2 1)
(428 69 65 2 1)
(430 72 67 3 1)
(433 70 66 1 1)
(434 69 65 3 1)
(437 67 64 1 1)
(438 67 64 4 1)
(442 66 63 2 1)
(444 67 64 4 1)
(460 64 62 2 1)
(462 65 63 2 1)
(464 67 64 4 1)
(468 69 65 8 1)
(476 67 64 4 1)
(480 64 62 4 1)
(484 65 63 2 1)
(486 65 63 2 1)
(488 64 62 2 1)
(490 65 63 2 1)
(492 67 64 2 1)
(494 64 62 2 1)
(496 67 64 4 1)
(500 69 65 4 1)
(510 69 65 2 1)
(512 70 66 4 1)
(516 69 65 2 1)
(518 69 65 2 1)
(520 65 63 2 1)
(522 67 64 3 1)
(525 69 65 1 1)
(526 70 66 3 1)
(529 69 65 1 1)
(530 67 64 4 1)
(534 66 63 2 1)
(536 67 64 4 1)
(560 65 63 8 1)
(568 64 62 2 1)
(570 65 63 2 1)
(572 67 64 4 1)
(576 67 64 2 1)
(578 67 64 2 1)
(580 67 64 4 1)
(584 65 63 2 1)
(586 67 64 2 1)
(588 69 65 3 1)
(591 70 66 1 1)
(592 72 67 4 1)
(596 70 66 2 1)
(598 69 65 2 1)
(600 74 68 3 1)
(603 72 67 1/2 1)
(1207/2 70 66 1/2 1)
(604 69 65 1 1)
(605 67 64 1 1)
(606 72 67 2 1)
(608 70 66 2 1)
(610 69 65 3 1)
(613 67 64 1 1)
(614 67 64 2 1)
(616 65 63 2 1)
(618 67 64 4 1)
(622 66 63 2 1)
(624 67 64 12 1)
(660 69 65 4 1)
(664 70 66 4 1)
(668 72 67 6 1)
(674 72 67 2 1)
(676 72 67 4 1)
(680 72 67 4 1)
(684 72 67 8 1)
(692 70 66 4 1)
(696 67 64 4 1)
(700 69 65 6 1)
(706 70 66 2 1)
(708 72 67 6 1)
(714 70 66 1 1)
(715 72 67 1 1)
(716 74 68 8 1)
(732 74 68 8 1)
(740 75 69 8 1)
(748 74 68 8 1)
(756 70 66 8 1)
(764 72 67 6 1)
(770 74 68 1 1)
(771 75 69 1 1)
(772 74 68 2 1)
(774 72 67 4 1)
(778 70 66 2 1)
(780 72 67 8 1)
(788 74 68 8 1)
(796 75 69 8 1)
(804 74 68 4 1)
(808 70 66 4 1)
(812 72 67 4 1)
(816 70 66 4 1)
(820 72 67 4 1)
(824 74 68 4 1)
(828 72 67 4 1)
(832 72 67 6 1)
(838 70 66 2 1)
(840 69 65 2 1)
(842 67 64 2 1)
(844 65 63 8 1)
(864 67 64 4 1)
(868 65 63 4 1)
(872 67 64 4 1)
(876 69 65 4 1)
(880 74 68 4 1)
(884 72 67 2 1)
(886 74 68 2 1)
(888 76 69 4 1)
(892 77 70 4 1)
(896 76 69 2 1)
(898 74 68 4 1)
(902 73 67 2 1)
(904 74 68 4 1)
(908 69 65 4 1)
(912 70 66 6 1)
(918 69 65 4 1)
(922 69 65 2 1)
(924 65 63 2 1)
(926 67 64 2 1)
(928 69 65 4 1)
(932 67 64 2 1)
(934 67 64 2 1)
(936 69 65 2 1)
(938 70 66 2 1)
(940 69 65 2 1)
(942 67 64 2 1)
(944 69 65 2 1)
(946 65 63 2 1)
(948 67 64 2 1)
(950 72 67 3 1)
(953 70 66 1 1)
(954 69 65 1 1)
(955 67 64 1 1)
(956 70 66 2 1)
(958 69 65 3 1)
(961 67 64 1 1)
(962 67 64 4 1)
(966 66 63 2 1)
(968 67 64 4 1)
(1022 69 65 2 1)
(1024 70 66 4 1)
(1028 72 67 4 1)
(1032 70 66 2 1)
(1034 69 65 2 1)
(1036 72 67 4 1)
(1040 74 68 4 1)
(1048 74 68 4 1)
(1052 75 69 4 1)
(1056 74 68 2 1)
(1058 74 68 2 1)
(1060 70 66 2 1)
(1062 72 67 2 1)
(1064 74 68 2 1)
(1066 67 64 2 1)
(1068 72 67 2 1)
(1070 72 67 4 1)
(1074 71 66 2 1)
(1076 72 67 4 1)
(1080 69 65 2 1)
(1082 70 66 2 1)
(1084 72 67 3 1)
(1087 72 67 1 1)
(1088 72 67 2 1)
(1090 72 67 2 1)
(1092 72 67 2 1)
(1094 72 67 2 1)
(1096 72 67 4 1)
(1104 74 68 2 1)
(1106 72 67 2 1)
(1108 70 66 2 1)
(1110 69 65 4 1)
(1114 70 66 2 1)
(1116 69 65 2 1)
(1118 70 66 2 1)
(1120 72 67 4 1)
(1124 74 68 4 1)
(1136 69 65 8 1)
(1144 70 66 4 1)
(1148 69 65 4 1)
(1152 65 63 4 1)
(1156 67 64 2 1)
(1158 69 65 3 1)
(1161 67 64 1 1)
(1162 67 64 4 1)
(1166 66 63 2 1)
(1168 67 64 4 1)
(1204 69 65 2 1)
(1206 70 66 2 1)
(1208 72 67 2 1)
(1210 72 67 2 1)
(1212 72 67 2 1)
(1214 70 66 2 1)
(1216 72 67 2 1)
(1218 74 68 3 1)
(1221 72 67 1 1)
(1222 72 67 3 1)
(1225 69 65 1 1)
(1226 70 66 2 1)
(1228 72 67 2 1)
(1230 74 68 3 1)
(1233 72 67 1 1)
(1234 70 66 1 1)
(1235 69 65 1 1)
(1236 72 67 3 1)
(1239 70 66 1 1)
(1240 69 65 1 1)
(1241 67 64 1 1)
(1242 70 66 3 1)
(1245 69 65 1 1)
(1246 65 63 1 1)
(1247 67 64 1 1)
(1248 69 65 1 1)
(1249 70 66 1 1)
(1250 72 67 2 1)
(1252 70 66 2 1)
(1254 69 65 3 1)
(1257 67 64 1 1)
(1258 67 64 4 1)
(1262 66 63 2 1)
(1264 67 64 4 1)
(1268 74 68 8 1)
(1276 67 64 8 1)
(1284 69 65 4 1)
(1288 70 66 4 1)
(1292 72 67 8 1)
(1300 72 67 8 1)
(1308 74 68 8 1)
(1316 72 67 4 1)
(1320 70 66 4 1)
(1324 69 65 8 1)
(1332 67 64 8 1)
(1340 69 65 8 1)
(1348 70 66 4 1)
(1352 72 67 4 1)
(1356 70 66 4 1)
(1360 67 64 4 1)
(1364 66 63 8 1)
(1372 67 64 4 1)
(1376 69 65 4 1)
(1380 70 66 8 1)
(1388 69 65 8 1)
(1396 70 66 4 1)
(1400 67 64 4 1)
(1404 69 65 4 1)
(1408 70 66 4 1)
(1412 69 65 4 1)
(1416 67 64 6 1)
(1422 66 63 1 1)
(1423 64 62 1 1)
(1424 66 63 4 1)
(1428 67 64 16 1)
(1460 74 68 4 1)
(1464 70 66 2 1)
(1466 72 67 2 1)
(1468 74 68 2 1)
(1470 76 69 2 1)
(1472 77 70 2 1)
(1474 76 69 2 1)
(1476 74 68 4 1)
(1484 70 66 2 1)
(1486 70 66 2 1)
(1488 69 65 2 1)
(1490 70 66 2 1)
(1492 72 67 4 1)
(1496 74 68 4 1)
(1508 69 65 4 1)
(1512 70 66 4 1)
(1516 69 65 4 1)
(1520 65 63 2 1)
(1522 67 64 2 1)
(1524 69 65 2 1)
(1526 62 61 2 1)
(1528 67 64 2 1)
(1530 67 64 4 1)
(1534 66 63 2 1)
(1536 67 64 4 1)
(1540 67 64 4 1)
(1544 65 63 4 1)
(1548 67 64 4 1)
(1552 69 65 4 1)
(1556 72 67 8 1)
(1564 74 68 8 1)
(1572 67 64 4 1)
(1576 69 65 4 1)
(1580 70 66 4 1)
(1586 72 67 3 1)
(1589 70 66 1 1)
(1590 69 65 1 1)
(1591 67 64 1 1)
(1592 69 65 4 1)
(1596 67 64 8 1)
(1612 70 66 8 1)
(1620 72 67 4 1)
(1624 72 67 4 1)
(1636 72 67 4 1)
(1640 72 67 4 1)
(1644 74 68 8 1)
(1652 72 67 4 1)
(1656 70 66 4 1)
(1660 69 65 8 1)
(1668 67 64 4 1)
(1728 74 68 4 1)
(1732 75 69 4 1)
(1736 74 68 2 1)
(1738 74 68 2 1)
(1740 74 68 2 1)
(1742 72 67 2 1)
(1744 70 66 2 1)
(1746 72 67 2 1)
(1748 74 68 4 1)
(1752 72 67 2 1)
(1754 72 67 4 1)
(1758 71 66 2 1)
(1760 72 67 4 1)
(1764 69 65 10666667/2000000 1)
(8846667/5000 69 65 10666667/2000000 1)
(8873333/5000 70 66 10666667/2000000 1)
(1780 72 67 10666667/2000000 1)
(8926667/5000 67 64 10666667/2000000 1)
(8953333/5000 67 64 10666667/2000000 1)
(1796 69 65 10666667/2000000 1)
(9006667/5000 67 64 10666667/2000000 1)
(9033333/5000 64 62 10666667/2000000 1)
(1812 65 63 26666667/10000000 1)
(9073333/5000 65 63 26666667/10000000 1)
(9086667/5000 64 62 26666667/10000000 1)
(1820 65 63 26666667/10000000 1)
(9113333/5000 67 64 10666667/2000000 1)
(1828 69 65 10666667/2000000 1)
(1836 65 63 10666667/2000000 1)
(9206667/5000 67 64 26666667/10000000 1)
(1844 69 65 4 1)
(1848 70 66 6666667/5000000 1)
(9246667/5000 72 67 26666667/10000000 1)
(1852 70 66 26666667/10000000 1)
(9273333/5000 69 65 4 1)
(9293333/5000 67 64 6666667/5000000 1)
(1860 67 64 10666667/2000000 1)
(9326667/5000 66 63 26666667/10000000 1)
(1868 67 64 8 1)
(1892 72 67 4 1)
(1896 74 68 4 1)
(1900 72 67 4 1)
(1904 69 65 4 1)
(1908 70 66 2 1)
(1910 70 66 2 1)
(1912 69 65 2 1)
(1914 70 66 2 1)
(1916 72 67 8 1)
(1924 74 68 4 1)
(1932 70 66 2 1)
(1934 72 67 2 1)
(1936 74 68 4 1)
(1940 72 67 4 1)
(1948 70 66 8 1)
(1956 69 65 6 1)
(1962 70 66 2 1)
(1964 72 67 8 1)
(1972 70 66 8 1)
(1980 69 65 8 1)
(1988 67 64 8 1)
(1996 67 64 8 1)
(2004 74 68 8 1)
(2012 75 69 8 1)
(2020 74 68 4 1)
(2024 74 68 4 1)
(2032 74 68 4 1)
(2036 72 67 4 1)
(2040 70 66 4 1)
(2044 72 67 2 1)
(2046 74 68 3 1)
(2049 72 67 1 1)
(2050 70 66 1 1)
(2051 69 65 1 1)
(2052 70 66 2 1)
(2054 72 67 3 1)
(2057 70 66 1 1)
(2058 69 65 1 1)
(2059 67 64 1 1)
(2060 65 63 2 1)
(2062 67 64 2 1)
(2064 69 65 4 1)
(2068 67 64 2 1)
(2070 70 66 2 1)
(2072 69 65 2 1)
(2074 67 64 2 1)
(2076 72 67 8 1)
(2084 70 66 4 1)
(2088 69 65 4 1)
(2092 67 64 4 1)
(2096 67 64 6 1)
(2102 66 63 2 1)
(2104 66 63 2 1)
(2106 64 62 2 1)
(2108 67 64 16 1)
