(36 74 68 4 1)
(40 74 68 2 1)
(42 74 68 2 1)
(44 72 67 4 1)
(48 74 68 2 1)
(50 77 70 4 1)
(54 76 69 1 1)
(55 74 68 1 1)
(56 76 69 4 1)
(60 69 65 4 1)
(68 76 69 8 1)
(76 77 70 4 1)
(80 76 69 2 1)
(82 79 71 6 1)
(88 76 69 2 1)
(90 72 67 2 1)
(92 74 68 4 1)
(96 72 67 4 1)
(100 72 67 2 1)
(102 74 68 3 1)
(105 72 67 1 1)
(106 70 66 1 1)
(107 69 65 1 1)
(108 70 66 4 1)
(112 69 65 4 1)
(118 77 70 2 1)
(120 76 69 2 1)
(122 74 68 2 1)
(124 72 67 2 1)
(126 70 66 2 1)
(128 69 65 4 1)
(132 69 65 2 1)
(134 70 66 3 1)
(137 69 65 1 1)
(138 74 68 4 1)
(142 73 67 2 1)
(144 74 68 8 1)
(176 76 69 4 1)
(180 76 69 2 1)
(182 76 69 2 1)
(184 76 69 2 1)
(186 77 70 4 1)
(190 77 70 2 1)
(192 76 69 4 1)
(196 74 68 4 1)
(200 72 67 8 1)
(210 76 69 2 1)
(212 76 69 2 1)
(214 76 69 2 1)
(216 77 70 2 1)
(218 76 69 4 1)
(222 74 68 1 1)
(223 72 67 1 1)
(224 74 68 2 1)
(226 72 67 2 1)
(228 79 71 4 1)
(232 79 71 6 1)
(238 77 70 4 1)
(242 76 69 4 1)
(246 74 68 2 1)
(248 76 69 8 1)
(268 76 69 4 1)
(272 77 70 2 1)
(274 77 70 4 1)
(278 76 69 2 1)
(280 74 68 2 1)
(282 72 67 2 1)
(284 71 66 4 1)
(288 69 65 8 1)
(308 74 68 4 1)
(312 74 68 2 1)
(314 74 68 2 1)
(316 72 67 4 1)
(320 72 67 4 1)
(324 74 68 2 1)
(326 77 70 4 1)
(330 76 69 1 1)
(331 74 68 1 1)
(332 76 69 4 1)
(336 69 65 4 1)
(344 76 69 4 1)
(348 77 70 4 1)
(352 76 69 2 1)
(354 79 71 4 1)
(358 77 70 2 1)
(360 76 69 2 1)
(362 74 68 1 1)
(363 72 67 1 1)
(364 74 68 4 1)
(368 72 67 4 1)
(372 72 67 2 1)
(374 74 68 3 1)
(377 72 67 1 1)
(378 70 66 1 1)
(379 69 65 1 1)
(380 70 66 4 1)
(384 69 65 4 1)
(390 77 70 2 1)
(392 76 69 2 1)
(394 74 68 2 1)
(396 72 67 2 1)
(398 70 66 2 1)
(400 69 65 4 1)
(404 69 65 2 1)
(406 70 66 3 1)
(409 69 65 1 1)
(410 74 68 4 1)
(414 73 67 2 1)
(416 74 68 16 1)
