(0 67 64 6 1)
(6 64 62 3 1)
(9 65 63 1 1)
(10 67 64 2 1)
(12 69 65 3 1)
(15 70 66 1 1)
(16 72 67 1 1)
(17 69 65 1 1)
(18 70 66 1 1)
(19 67 64 2 1)
(21 66 63 1 1)
(22 66 63 1 1)
(23 64 62 1 1)
(24 67 64 4 1)
(30 62 61 3 1)
(33 64 62 1 1)
(34 65 63 3 1)
(37 64 62 1 1)
(38 62 61 1 1)
(39 60 60 1 1)
(40 58 59 3 1)
(43 55 57 1 1)
(44 62 61 4 1)
(48 64 62 2 1)
(50 65 63 3 1)
(53 67 64 1 1)
(54 69 65 3 1)
(57 67 64 1 1)
(58 65 63 1 1)
(59 64 62 1 1)
(60 65 63 2 1)
(62 64 62 3 1)
(65 62 61 1 1)
(66 62 61 4 1)
(70 60 60 2 1)
(72 62 61 12 1)
(96 67 64 6 1)
(102 65 63 6 1)
(108 67 64 6 1)
(114 62 61 6 1)
(122 58 59 2 1)
(124 60 60 2 1)
(126 57 58 1 1)
(127 62 61 3/2 1)
(257/2 60 60 1/2 1)
(129 58 59 1 1)
(130 57 58 2 1)
(132 55 57 8 1)
(144 67 64 2 1)
(146 69 65 3 1)
(149 67 64 1 1)
(150 65 63 2 1)
(152 64 62 4 1)
(156 62 61 4 1)
(162 62 61 2 1)
(164 65 63 3 1)
(167 67 64 1 1)
(168 69 65 1 1)
(169 70 66 1 1)
(170 72 67 3 1)
(173 70 66 1 1)
(174 69 65 4 1)
(178 67 64 2 1)
(180 69 65 4 1)
(186 65 63 2 1)
(188 67 64 3 1)
(191 69 65 1/2 1)
(383/2 70 66 1/2 1)
(192 72 67 4 1)
(196 70 66 3 1)
(199 69 65 1 1)
(200 67 64 2 1)
(202 69 65 3 1)
(205 67 64 1 1)
(206 65 63 1 1)
(207 64 62 1 1)
(208 62 61 2 1)
(210 67 64 3 1)
(213 66 63 1 1)
(214 66 63 1 1)
(215 64 62 1/2 1)
(431/2 66 63 1/2 1)
(216 67 64 8 1)
(226 67 64 2 1)
(228 69 65 3 1)
(231 70 66 1 1)
(232 72 67 2 1)
(234 71 66 3/2 1)
(471/2 72 67 1/2 1)
(236 74 68 1 1)
(237 71 66 2 1)
(239 69 65 1 1)
(240 72 67 4 1)
(250 69 65 2 1)
(252 70 66 3 1)
(255 69 65 1 1)
(256 70 66 2 1)
(258 72 67 3 1)
(261 70 66 1 1)
(262 69 65 1 1)
(263 67 64 1 1)
(264 65 63 3 1)
(267 67 64 1 1)
(268 69 65 2 1)
(270 70 66 3 1)
(273 69 65 1 1)
(274 67 64 1 1)
(275 65 63 1/2 1)
(551/2 64 62 1/2 1)
(276 65 63 2 1)
(278 67 64 2 1)
(280 62 61 2 1)
(283 58 59 1 1)
(284 62 61 1 1)
(285 64 62 1 1)
(286 65 63 3/2 1)
(575/2 67 64 1/2 1)
(288 69 65 1 1)
(289 70 66 1 1)
(290 72 67 2 1)
(292 69 65 3/2 1)
(587/2 67 64 1/2 1)
(294 67 64 3 1)
(297 66 63 1/2 1)
(595/2 67 64 1/2 1)
(298 66 63 1 1)
(299 64 62 1 1)
(300 67 64 12 1)
(312 67 64 8 1)
(320 67 64 6 1)
(326 65 63 1 1)
(327 64 62 1 1)
(328 62 61 8 1)
(336 64 62 4 1)
(340 62 61 2 1)
(342 65 63 3 1)
(345 64 62 1 1)
(346 62 61 1 1)
(347 60 60 1 1)
(348 58 59 6 1)
(354 60 60 1 1)
(355 62 61 1 1)
(356 63 62 2 1)
(358 62 61 3 1)
(361 60 60 1 1)
(362 60 60 4 1)
(366 59 59 2 1)
(368 60 60 4 1)
(372 58 59 4 1)
(376 55 57 8 1)
(384 57 58 8 1)
(396 55 57 6 1)
(402 60 60 3 1)
(405 62 61 1 1)
(406 64 62 2 1)
(408 65 63 2 1)
(410 62 61 4 1)
(414 67 64 3 1)
(417 65 63 1 1)
(418 64 62 1 1)
(419 62 61 1 1)
(420 67 64 4 1)
(424 69 65 4 1)
(428 70 66 4 1)
(432 67 64 2 1)
(434 69 65 3 1)
(437 67 64 1 1)
(438 65 63 1 1)
(439 64 62 1 1)
(440 62 61 2 1)
(442 64 62 2 1)
(444 62 61 2 1)
(446 67 64 4 1)
(450 65 63 2 1)
(452 70 66 3 1)
(455 69 65 1/2 1)
(911/2 70 66 1/2 1)
(456 69 65 1 1)
(457 67 64 1 1)
(458 67 64 4 1)
(462 66 63 2 1)
(464 67 64 8 1)
(620 67 64 4 1)
(624 70 66 4 1)
(628 70 66 4 1)
(632 69 65 2 1)
(634 62 61 3 1)
(637 64 62 1 1)
(638 65 63 2 1)
(640 67 64 4 1)
(644 69 65 2 1)
(646 70 66 3 1)
(649 69 65 1 1)
(650 67 64 1 1)
(651 65 63 1 1)
(652 64 62 4 1)
(658 62 61 4 1)
(662 65 63 3 1)
(665 67 64 1 1)
(666 69 65 2 1)
(668 70 66 2 1)
(670 72 67 3 1)
(673 70 66 1 1)
(674 69 65 4 1)
(678 67 64 2 1)
(680 69 65 8 1)
(692 62 61 6 1)
(698 64 62 1 1)
(699 65 63 1 1)
(700 67 64 4 1)
(704 69 65 2 1)
(706 67 64 4 1)
(710 64 62 2 1)
(712 65 63 2 1)
(714 62 61 3 1)
(717 60 60 1 1)
(718 58 59 2 1)
(720 57 58 4 1)
(726 57 58 3 1)
(729 58 59 1 1)
(730 60 60 2 1)
(732 62 61 4 1)
(738 55 57 3 1)
(741 57 58 1 1)
(742 58 59 2 1)
(744 60 60 3 1)
(747 58 59 1 1)
(748 57 58 1 1)
(749 55 57 1 1)
(750 58 59 3 1)
(753 57 58 1 1)
(754 55 57 4 1)
(758 54 56 2 1)
(760 55 57 8 1)
(776 62 61 6 1)
(782 64 62 2 1)
(784 62 61 4 1)
(788 67 64 8 1)
(800 67 64 6 1)
(806 69 65 2 1)
(808 67 64 4 1)
(812 72 67 8 1)
(820 69 65 6 1)
(826 70 66 2 1)
(828 72 67 4 1)
(832 71 66 6 1)
(838 69 65 1 1)
(839 71 66 1 1)
(840 72 67 8 1)
(848 69 65 4 1)
(852 70 66 4 1)
(856 67 64 8 1)
(864 69 65 4 1)
(868 65 63 6 1)
(874 64 62 1 1)
(875 65 63 1 1)
(876 67 64 4 1)
(880 62 61 4 1)
(888 64 62 6 1)
(894 65 63 2 1)
(896 67 64 4 1)
(900 69 65 6 1)
(906 70 66 2 1)
(908 72 67 4 1)
(912 70 66 4 1)
(916 69 65 6 1)
(922 67 64 2 1)
(924 67 64 6 1)
(930 66 63 1 1)
(931 67 64 1 1)
(932 66 63 2 1)
(934 64 62 2 1)
(936 67 64 12 1)
(996 67 64 4 1)
(1000 64 62 6 1)
(1006 65 63 2 1)
(1008 67 64 2 1)
(1010 69 65 2 1)
(1012 67 64 4 1)
(1016 67 64 6 1)
(1022 65 63 1 1)
(1023 64 62 1 1)
(1024 62 61 4 1)
(1030 62 61 3 1)
(1033 64 62 1 1)
(1034 65 63 2 1)
(1036 67 64 2 1)
(1038 64 62 2 1)
(1040 62 61 4 1)
(1044 60 60 3 1)
(1047 58 59 1 1)
(1048 55 57 4 1)
(1058 62 61 2 1)
(1060 64 62 2 1)
(1062 60 60 4 1)
(1066 58 59 2 1)
(1068 62 61 4 1)
(1072 57 58 3 1)
(1075 58 59 1 1)
(1076 60 60 2 1)
(1078 62 61 3 1)
(1081 60 60 1 1)
(1082 58 59 2 1)
(1084 57 58 4 1)
(1088 62 61 4 1)
(1092 58 59 2 1)
(1094 55 57 4 1)
(1098 60 60 3 1)
(1101 57 58 1 1)
(1102 58 59 1 1)
(1103 60 60 1 1)
(1104 62 61 4 1)
(1108 60 60 6 1)
(1114 58 59 1 1)
(1115 60 60 1 1)
(1116 62 61 4 1)
(1120 58 59 2 1)
(1122 55 57 2 1)
(1124 67 64 2 1)
(1126 69 65 3 1)
(1129 67 64 1 1)
(1130 65 63 2 1)
(1132 64 62 2 1)
(1134 67 64 3 1)
(1137 65 63 1 1)
(1138 64 62 1 1)
(1139 62 61 1 1)
(1140 65 63 6 1)
(1146 64 62 1 1)
(1147 62 61 1 1)
(1148 60 60 8 1)
(1164 62 61 4 1)
(1168 64 62 6666667/5000000 1)
(5846667/5000 65 63 26666667/10000000 1)
(1172 67 64 4 1)
(1176 65 63 6666667/5000000 1)
(5886667/5000 64 62 6666667/5000000 1)
(5893333/5000 62 61 6666667/5000000 1)
(1180 64 62 26666667/10000000 1)
(5913333/5000 61 60 4 1)
(5933333/5000 59 59 6666667/5000000 1)
(1188 62 61 4 1)
(1194 62 61 3 1)
(1197 60 60 1 1)
(1198 57 58 2 1)
(1200 58 59 2 1)
(1202 62 61 3 1)
(1205 60 60 1 1)
(1206 58 59 2 1)
(1208 57 58 4 1)
(1214 55 57 2 1)
(1216 67 64 4 1)
(1220 64 62 4 1)
(1224 64 62 6 1)
(1230 65 63 1 1)
(1231 67 64 1 1)
(1232 69 65 4 1)
(1236 70 66 2 1)
(1238 67 64 4 1)
(1242 65 63 1 1)
(1243 64 62 1 1)
(1244 62 61 8 1)
(1252 67 64 12 1)
(1264 69 65 6 1)
(1270 70 66 2 1)
(1272 72 67 4 1)
(1276 69 65 6 1)
(1282 67 64 1 1)
(1283 69 65 1 1)
(1284 70 66 6 1)
(1290 69 65 1 1)
(1291 67 64 1 1)
(1292 65 63 3 1)
(1295 67 64 1 1)
(1296 69 65 6 1)
(1302 67 64 1 1)
(1303 69 65 1 1)
(1304 66 63 3 1)
(1307 64 62 1 1)
(1308 67 64 8 1)
(1324 64 62 6 1)
(1330 62 61 2 1)
(1332 60 60 2 1)
(1334 59 59 1 1)
(1335 57 58 1 1)
(1336 59 59 4 1)
(1340 60 60 4 1)
(1346 60 60 2 1)
(1348 62 61 2 1)
(1350 58 59 2 1)
(1352 57 58 4 1)
(1356 55 57 4 1)
(1360 58 59 6 1)
(1366 57 58 1 1)
(1367 55 57 1 1)
(1368 57 58 4 1)
(1372 62 61 6 1)
(1378 64 62 1 1)
(1379 65 63 1 1)
(1380 67 64 4 1)
(1384 64 62 4 1)
(1388 60 60 4 1)
(1392 62 61 8 1)
(1400 64 62 4 1)
(1404 65 63 2 1)
(1406 62 61 3 1)
(1409 60 60 1 1)
(1410 62 61 4 1)
(1414 58 59 3 1)
(1417 60 60 1 1)
(1418 62 61 1 1)
(1419 64 62 1 1)
(1420 65 63 2 1)
(1422 67 64 1 1)
(1423 69 65 1 1)
(1424 70 66 4 1)
(1428 69 65 2 1)
(1430 65 63 3 1)
(1433 64 62 1 1)
(1434 62 61 2 1)
(1436 64 62 3 1)
(1439 65 63 1 1)
(1440 67 64 2 1)
(1442 69 65 3 1)
(1445 70 66 1 1)
(1446 72 67 3 1)
(1449 70 66 1 1)
(1450 69 65 1 1)
(1451 67 64 1 1)
(1452 70 66 4 1)
(1456 67 64 2 1)
(1458 65 63 3 1)
(1461 67 64 1 1)
(1462 69 65 1 1)
(1463 70 66 1 1)
(1464 72 67 2 1)
(1466 69 65 3 1)
(1469 67 64 1 1)
(1470 64 62 2 1)
(1472 66 63 4 1)
(1476 67 64 16 1)
(1492 62 61 8 1)
(1500 64 62 4 1)
(1504 64 62 4 1)
(1508 62 61 2 1)
(1510 64 62 2 1)
(1512 62 61 2 1)
(1514 67 64 4 1)
(1518 65 63 1 1)
(1519 64 62 1 1)
(1520 65 63 1 1)
(1521 64 62 1 1)
(1522 62 61 1 1)
(1523 60 60 1 1)
(1524 58 59 2 1)
(1526 63 62 4 1)
(1530 62 61 1 1)
(1531 60 60 1 1)
(1532 62 61 4 1)
(1536 55 57 4 1)
(1544 60 60 4 1)
(1548 58 59 2 1)
(1550 55 57 4 1)
(1554 60 60 4 1)
(1558 57 58 2 1)
(1560 58 59 2 1)
(1562 60 60 2 1)
(1564 62 61 4 1)
(1568 64 62 4 1)
(1572 65 63 2 1)
(1574 62 61 4 1)
(1578 67 64 4 1)
(1582 64 62 2 1)
(1584 65 63 2 1)
(1586 67 64 2 1)
(1588 69 65 3 1)
(1591 67 64 1/2 1)
(3183/2 69 65 1/2 1)
(1592 70 66 2 1)
(1594 69 65 3 1)
(1597 67 64 1 1)
(1598 67 64 4 1)
(1602 66 63 2 1)
(1604 67 64 8 1)
(1648 67 64 6 1)
(1654 65 63 1 1)
(1655 64 62 1 1)
(1656 65 63 2 1)
(1658 67 64 2 1)
(1660 69 65 8 1)
(1668 70 66 4 1)
(1672 72 67 6 1)
(1678 70 66 2 1)
(1680 69 65 2 1)
(1682 67 64 1 1)
(1683 65 63 1 1)
(1684 64 62 2 1)
(1686 69 65 4 1)
(1690 67 64 2 1)
(1692 69 65 8 1)
(1704 62 61 6 1)
(1710 67 64 6 1)
(1716 64 62 6 1)
(1722 69 65 3 1)
(1725 67 64 1 1)
(1726 65 63 1 1)
(1727 64 62 1 1)
(1728 62 61 2 1)
(1730 65 63 3 1)
(1733 64 62 1 1)
(1734 62 61 4 1)
(1738 61 60 2 1)
(1740 62 61 8 1)
(1760 60 60 4 1)
(1764 58 59 2 1)
(1766 62 61 3 1)
(1769 60 60 1 1)
(1770 57 58 3 1)
(1773 58 59 1 1)
(1774 60 60 3 1)
(1777 58 59 1 1)
(1778 55 57 2 1)
(1780 57 58 2 1)
(1782 55 57 4 1)
(1786 54 56 2 1)
(1788 55 57 8 1)
(1800 55 57 4 1)
(1804 60 60 4 1)
(1812 60 60 4 1)
(1816 67 64 6 1)
(1822 65 63 2 1)
(1824 64 62 2 1)
(1826 62 61 1 1)
(1827 60 60 1 1)
(1828 62 61 4 1)
(1832 64 62 4 1)
(1836 65 63 4 1)
(1840 67 64 2 1)
(1842 60 60 4 1)
(1846 62 61 4 1)
(1850 64 62 2 1)
(1852 60 60 2 1)
(1854 65 63 3 1)
(1857 64 62 1 1)
(1858 62 61 1 1)
(1859 60 60 1 1)
(1860 62 61 2 1)
(1862 60 60 4 1)
(1866 59 59 2 1)
(1868 60 60 8 1)
(1876 55 57 8 1)
(1884 58 59 8 1)
(1892 60 60 8 1)
(1900 55 57 4 1)
(1904 58 59 6 1)
(1910 60 60 2 1)
(1912 62 61 4 1)
(1916 64 62 4 1)
(1920 65 63 4 1)
(1924 67 64 4 1)
(1928 70 66 6 1)
(1934 69 65 2 1)
(1936 67 64 4 1)
(1940 72 67 8 1)
(1948 70 66 4 1)
(1952 69 65 6 1)
(1958 67 64 2 1)
(1960 65 63 2 1)
(1962 64 62 2 1)
(1964 62 61 4 1)
(1968 67 64 6 1)
(1974 64 62 2 1)
(1976 65 63 2 1)
(1978 67 64 2 1)
(1980 69 65 4 1)
(1984 70 66 6 1)
(1990 69 65 6 1)
(1996 67 64 6 1)
(2002 66 63 2 1)
(2004 66 63 2 1)
(2006 64 62 1 1)
(2007 66 63 1 1)
(2008 67 64 12 1)
