(8 72 67 8 1)
(16 72 67 8 1)
(24 69 65 8 1)
(32 65 63 8 1)
(44 65 63 4 1)
(48 70 66 6 1)
(54 69 65 1 1)
(55 67 64 1 1)
(56 69 65 8 1)
(68 69 65 4 1)
(72 69 65 8 1)
(80 69 65 4 1)
(84 67 64 3 1)
(87 69 65 1 1)
(88 70 66 2 1)
(90 69 65 4 1)
(94 67 64 1 1)
(95 65 63 1 1)
(96 64 62 4 1)
(102 64 62 2 1)
(104 65 63 4 1)
(108 67 64 4 1)
(112 64 62 4 1)
(118 65 63 2 1)
(120 65 63 2 1)
(122 63 62 1 1)
(123 62 61 1 1)
(124 63 62 2 1)
(126 63 62 2 1)
(128 62 61 8 1)
(138 62 61 2 1)
(140 62 61 4 1)
(144 65 63 4 1)
(148 67 64 4 1)
(152 69 65 6 1)
(158 67 64 2 1)
(160 65 63 2 1)
(162 64 62 1 1)
(163 62 61 1 1)
(164 64 62 2 1)
(166 69 65 3 1)
(169 67 64 1 1)
(170 65 63 4 1)
(174 64 62 2 1)
(176 65 63 8 1)
(188 60 60 4 1)
(192 62 61 6 1)
(198 62 61 2 1)
(200 62 61 4 1)
(204 65 63 4 1)
(208 64 62 2 1)
(210 64 62 4 1)
(214 62 61 1 1)
(215 60 60 1 1)
(216 62 61 16 1)
(236 62 61 4 1)
(240 69 65 8 1)
(248 69 65 4 1)
(252 69 65 4 1)
(256 70 66 6 1)
(262 69 65 1 1)
(263 67 64 1 1)
(264 69 65 3 1)
(267 70 66 1 1)
(268 67 64 2 1)
(270 69 65 3 1)
(273 67 64 1 1)
(274 67 64 4 1)
(278 66 63 2 1)
(280 67 64 4 1)
(288 64 62 4 1)
(292 64 62 4 1)
(300 64 62 8 1)
(308 64 62 4 1)
(312 62 61 4 1)
(316 62 61 4 1)
(320 60 60 8 1)
(346 60 60 3 1)
(349 62 61 1 1)
(350 64 62 1 1)
(351 65 63 1 1)
(352 67 64 2 1)
(354 69 65 3 1)
(357 67 64 1 1)
(358 65 63 4 1)
(362 64 62 2 1)
(364 65 63 4 1)
(432 65 63 16 1)
(448 67 64 8 1)
(456 69 65 4 1)
(460 69 65 8 1)
(468 69 65 4 1)
(472 69 65 4 1)
(476 69 65 4 1)
(480 69 65 4 1)
(484 67 64 4 1)
(488 69 65 4 1)
(492 70 66 6 1)
(498 69 65 1 1)
(499 67 64 1 1)
(500 69 65 2 1)
(502 70 66 3 1)
(505 69 65 1 1)
(506 69 65 4 1)
(510 67 64 2 1)
(512 69 65 4 1)
(518 69 65 2 1)
(520 69 65 4 1)
(524 69 65 4 1)
(532 69 65 4 1)
(536 69 65 6 1)
(542 69 65 2 1)
(544 67 64 8 1)
(552 65 63 3 1)
(555 67 64 1 1)
(556 69 65 1 1)
(557 70 66 1 1)
(558 69 65 4 1)
(562 67 64 1 1)
(563 65 63 1 1)
(564 64 62 1 1)
(565 62 61 1 1)
(566 69 65 3 1)
(569 67 64 1 1)
(570 65 63 4 1)
(574 64 62 2 1)
(576 65 63 4 1)
(584 62 61 4 1)
(588 62 61 8 1)
(600 62 61 4 1)
(604 62 61 8 1)
(612 62 61 4 1)
(616 62 61 8 1)
(624 60 60 16 1)
(654 60 60 2 1)
(656 62 61 2 1)
(658 65 63 4 1)
(662 64 62 1 1)
(663 62 61 1 1)
(664 64 62 8 1)
(676 64 62 4 1)
(680 64 62 4 1)
(684 64 62 4 1)
(688 65 63 4 1)
(692 67 64 4 1)
(696 64 62 8 1)
(708 70 66 6 1)
(714 70 66 2 1)
(716 70 66 4 1)
(720 69 65 4 1)
(724 67 64 2 1)
(726 69 65 3 1)
(729 67 64 1 1)
(730 67 64 4 1)
(734 66 63 2 1)
(736 67 64 8 1)
(756 60 60 4 1)
(760 62 61 4 1)
(764 64 62 4 1)
(768 65 63 6 1)
(774 64 62 1 1)
(775 62 61 1 1)
(776 64 62 16 1)
(792 62 61 16 1)
(826 70 66 2 1)
(828 70 66 2 1)
(830 70 66 2 1)
(832 69 65 3 1)
(835 67 64 1/2 1)
(1671/2 65 63 1/2 1)
(836 64 62 1 1)
(837 62 61 1 1)
(838 67 64 4 1)
(842 65 63 4 1)
(846 64 62 2 1)
(848 65 63 4 1)
(856 60 60 8 1)
(864 60 60 4 1)
(868 60 60 4 1)
(872 62 61 3 1)
(875 60 60 1 1)
(876 65 63 6 1)
(882 64 62 1 1)
(883 62 61 1 1)
(884 64 62 4 1)
(888 65 63 8 1)
(900 65 63 4 1)
(904 62 61 8 1)
(912 62 61 4 1)
(916 60 60 6 1)
(922 60 60 2 1)
(924 60 60 8 1)
(934 60 60 4 1)
(938 60 60 2 1)
(940 60 60 4 1)
(944 62 61 2 1)
(946 67 64 2 1)
(948 64 62 2 1)
(950 65 63 3 1)
(953 64 62 1 1)
(954 62 61 1 1)
(955 60 60 1 1)
(956 62 61 4 1)
(960 60 60 8 1)
(970 65 63 4 1)
(974 64 62 1 1)
(975 62 61 1 1)
(976 65 63 2 1)
(978 64 62 4 1)
(982 69 65 4 1)
(986 67 64 1 1)
(987 65 63 1 1)
(988 67 64 4 1)
(992 69 65 8 1)
(1002 72 67 2 1)
(1004 72 67 2 1)
(1006 72 67 2 1)
(1008 74 68 8 1)
(1016 72 67 8 1)
(1028 72 67 4 1)
(1032 70 66 2 1)
(1034 69 65 4 1)
(1038 67 64 1 1)
(1039 65 63 1 1)
(1040 64 62 8 1)
(1052 64 62 4 1)
(1056 64 62 6 1)
(1062 64 62 2 1)
(1064 64 62 4 1)
(1068 65 63 4 1)
(1072 67 64 2 1)
(1074 67 64 2 1)
(1076 69 65 4 1)
(1080 67 64 2 1)
(1082 69 65 4 1)
(1086 67 64 1 1)
(1087 65 63 1 1)
(1088 64 62 3 1)
(1091 62 61 1 1)
(1092 64 62 1 1)
(1093 65 63 1 1)
(1094 67 64 3 1)
(1097 65 63 1 1)
(1098 65 63 4 1)
(1102 64 62 2 1)
(1104 65 63 8 1)
(1114 72 67 4 1)
(1118 72 67 3 1)
(1121 70 66 1 1)
(1122 69 65 1 1)
(1123 67 64 1 1)
(1124 69 65 2 1)
(1126 70 66 3 1)
(1129 69 65 1 1)
(1130 69 65 4 1)
(1134 67 64 2 1)
(1136 69 65 8 1)
(1158 64 62 4 1)
(1162 65 63 4 1)
(1166 64 62 1 1)
(1167 62 61 1 1)
(1168 60 60 4 1)
(1176 60 60 8 1)
(1184 60 60 4 1)
(1188 62 61 8 1)
(1196 60 60 4 1)
(1200 62 61 6 1)
(1206 64 62 2 1)
(1208 60 60 4 1)
(1216 60 60 6 1)
(1222 58 59 2 1)
(1224 57 58 2 1)
(1226 55 57 2 1)
(1228 58 59 6 1)
(1234 57 58 2 1)
(1236 57 58 6 1)
(1242 55 57 1 1)
(1243 57 58 1 1)
(1244 55 57 4 1)
(1248 57 58 4 1)
(1254 62 61 4 1)
(1258 62 61 2 1)
(1260 62 61 4 1)
(1264 60 60 8 1)
(1274 64 62 2 1)
(1276 64 62 2 1)
(1278 64 62 2 1)
(1280 67 64 6 1)
(1286 65 63 1 1)
(1287 64 62 1 1)
(1288 62 61 3 1)
(1291 64 62 1 1)
(1292 65 63 1 1)
(1293 67 64 1 1)
(1294 69 65 3 1)
(1297 67 64 1 1)
(1298 67 64 4 1)
(1302 66 63 2 1)
(1304 67 64 8 1)
(1312 69 65 8 1)
(1322 69 65 2 1)
(1324 69 65 2 1)
(1326 69 65 2 1)
(1328 72 67 6 1)
(1334 70 66 1 1)
(1335 69 65 1 1)
(1336 67 64 3 1)
(1339 69 65 1 1)
(1340 70 66 1 1)
(1341 72 67 1 1)
(1342 74 68 4 1)
(1346 72 67 4 1)
(1350 70 66 2 1)
(1352 72 67 4 1)
(1358 72 67 3 1)
(1361 70 66 1 1)
(1362 69 65 4 1)
(1366 67 64 1 1)
(1367 65 63 1 1)
(1368 64 62 2 1)
(1370 67 64 4 1)
(1374 65 63 4 1)
(1378 64 62 1 1)
(1379 62 61 1 1)
(1380 64 62 4 1)
(1384 65 63 8 1)
(1402 65 63 2 1)
(1404 65 63 3 1)
(1407 67 64 1 1)
(1408 69 65 1 1)
(1409 65 63 1 1)
(1410 70 66 4 1)
(1414 69 65 4 1)
(1418 67 64 1 1)
(1419 65 63 1 1)
(1420 67 64 3 1)
(1423 69 65 1 1)
(1424 69 65 4 1)
(1430 72 67 2 1)
(1432 72 67 3 1)
(1435 70 66 1 1)
(1436 69 65 2 1)
(1438 67 64 2 1)
(1440 65 63 2 1)
(1442 67 64 3 1)
(1445 65 63 1 1)
(1446 64 62 1 1)
(1447 62 61 1 1)
(1448 60 60 2 1)
(1450 72 67 1 1)
(1451 70 66 1 1)
(1452 69 65 1 1)
(1453 67 64 1 1)
(1454 69 65 3 1)
(1457 67 64 1 1)
(1458 65 63 4 1)
(1462 64 62 2 1)
(1464 65 63 16 1)
(1526 69 65 2 1)
(1528 72 67 3 1)
(1531 70 66 1 1)
(1532 69 65 2 1)
(1534 67 64 2 1)
(1536 65 63 1 1)
(1537 67 64 1 1)
(1538 69 65 1 1)
(1539 70 66 1 1)
(1540 69 65 2 1)
(1542 67 64 3 1)
(1545 65 63 1 1)
(1546 65 63 4 1)
(1550 64 62 2 1)
(1552 65 63 8 1)
(1562 60 60 2 1)
(1564 62 61 2 1)
(1566 62 61 2 1)
(1568 60 60 3 1)
(1571 62 61 1 1)
(1572 64 62 1 1)
(1573 65 63 1 1)
(1574 67 64 3 1)
(1577 65 63 1 1)
(1578 65 63 4 1)
(1582 64 62 2 1)
(1584 65 63 4 1)
(1602 60 60 2 1)
(1604 62 61 4 1)
(1608 64 62 4 1)
(1612 65 63 3 1)
(1615 67 64 1 1)
(1616 69 65 1 1)
(1617 65 63 1 1)
(1618 70 66 4 1)
(1622 69 65 2 1)
(1624 70 66 1 1)
(1625 69 65 1 1)
(1626 67 64 1 1)
(1627 65 63 1 1)
(1628 67 64 4 1)
(1632 69 65 8 1)
(1644 69 65 4 1)
(1648 69 65 6 1)
(1654 67 64 2 1)
(1656 65 63 8 1)
(1664 64 62 8 1)
(1676 64 62 4 1)
(1680 64 62 4 1)
(1684 64 62 4 1)
(1688 65 63 2 1)
(1690 67 64 3 1)
(1693 65 63 1 1)
(1694 64 62 1 1)
(1695 62 61 1 1)
(1696 60 60 2 1)
(1698 65 63 4 1)
(1702 64 62 2 1)
(1704 65 63 8 1)
(1730 65 63 2 1)
(1732 65 63 2 1)
(1734 65 63 2 1)
(1736 64 62 4 1)
(1740 65 63 2 1)
(1742 67 64 3 1)
(1745 65 63 1 1)
(1746 64 62 1 1)
(1747 62 61 1 1)
(1748 60 60 2 1)
(1750 67 64 3 1)
(1753 65 63 1 1)
(1754 65 63 4 1)
(1758 64 62 2 1)
(1760 65 63 8 1)
(1772 65 63 8 1)
(1780 67 64 8 1)
(1788 69 65 8 1)
(1796 65 63 6 1)
(1802 65 63 2 1)
(1804 65 63 4 1)
(1808 65 63 4 1)
(1812 65 63 4 1)
(1816 65 63 4 1)
(1820 64 62 4 1)
(1824 62 61 6 1)
(1830 60 60 2 1)
(1832 64 62 4 1)
(1836 65 63 4 1)
(1840 67 64 4 1)
(1844 60 60 8 1)
(1856 60 60 8 1)
(1864 60 60 8 1)
(1872 60 60 8 1)
(1880 62 61 4 1)
(1884 62 61 8 1)
(1892 60 60 4 1)
(1896 62 61 4 1)
(1900 65 63 4 1)
(1904 64 62 8 1)
(1916 65 63 8 1)
(1924 65 63 4 1)
(1928 65 63 8 1)
(1936 64 62 4 1)
(1940 65 63 4 1)
(1944 67 64 6 1)
(1950 65 63 1 1)
(1951 67 64 1 1)
(1952 69 65 8 1)
(1964 69 65 4 1)
(1968 69 65 4 1)
(1972 69 65 4 1)
(1976 67 64 8 1)
(1984 67 64 4 1)
(1988 69 65 6 1)
(1994 67 64 2 1)
(1996 65 63 4 1)
(2000 64 62 4 1)
(2004 65 63 6 1)
(2010 67 64 2 1)
(2012 64 62 8 1)
(2024 64 62 6 1)
(2030 65 63 2 1)
(2032 67 64 2 1)
(2034 64 62 2 1)
(2036 69 65 4 1)
(2040 67 64 6 1)
(2046 65 63 1 1)
(2047 67 64 1 1)
(2048 65 63 6 1)
(2054 64 62 1 1)
(2055 65 63 1 1)
(2056 64 62 4 1)
(2060 65 63 16 1)
(2156 65 63 16 1)
(2172 67 64 8 1)
(2180 69 65 8 1)
(2188 69 65 4 1)
(2192 69 65 4 1)
(2196 69 65 4 1)
(2200 69 65 4 1)
(2204 69 65 2 1)
(2206 72 67 3 1)
(2209 70 66 1 1)
(2210 69 65 4 1)
(2214 67 64 1 1)
(2215 65 63 1 1)
(2216 67 64 4 1)
(2220 69 65 8 1)
(2230 69 65 4 1)
(2234 69 65 2 1)
(2236 69 65 2 1)
(2238 67 64 1 1)
(2239 65 63 1 1)
(2240 64 62 1 1)
(2241 65 63 1 1)
(2242 67 64 3 1)
(2245 65 63 1 1)
(2246 65 63 4 1)
(2250 64 62 2 1)
(2252 65 63 4 1)
(2260 60 60 6 1)
(2266 60 60 2 1)
(2268 62 61 4 1)
(2272 65 63 4 1)
(2276 64 62 2 1)
(2278 64 62 4 1)
(2282 62 61 1 1)
(2283 60 60 1 1)
(2284 62 61 4 1)
(2290 65 63 2 1)
(2292 65 63 2 1)
(2294 65 63 2 1)
(2296 64 62 2 1)
(2298 69 65 4 1)
(2302 67 64 1 1)
(2303 65 63 1 1)
(2304 67 64 4 1)
(2308 69 65 8 1)
(2338 60 60 4 1)
(2342 60 60 2 1)
(2344 62 61 8 1)
(2352 62 61 4 1)
(2356 60 60 4 1)
(2362 60 60 4 1)
(2366 60 60 2 1)
(2368 60 60 2 1)
(2370 60 60 2 1)
(2372 62 61 2 1)
(2374 65 63 4 1)
(2378 64 62 1 1)
(2379 62 61 1 1)
(2380 64 62 3 1)
(2383 60 60 1 1)
(2384 72 67 6 1)
(2390 71 66 1 1)
(2391 69 65 1 1)
(2392 71 66 3 1)
(2395 72 67 1 1)
(2396 72 67 4 1)
(2404 69 65 4 1)
(2408 69 65 2 1)
(2410 69 65 2 1)
(2412 69 65 4 1)
(2416 69 65 4 1)
(2420 69 65 4 1)
(2424 67 64 2 1)
(2426 69 65 4 1)
(2430 67 64 1 1)
(2431 65 63 1 1)
(2432 64 62 1 1)
(2433 62 61 1 1)
(2434 67 64 4 1)
(2438 65 63 4 1)
(2442 64 62 2 1)
(2444 65 63 4 1)
(2450 65 63 2 1)
(2452 69 65 2 1)
(2454 69 65 2 1)
(2456 72 67 6 1)
(2462 70 66 1 1)
(2463 69 65 1 1)
(2464 67 64 4 1)
(2470 62 61 4 1)
(2474 62 61 2 1)
(2476 65 63 2 1)
(2478 65 63 2 1)
(2480 65 63 2 1)
(2482 64 62 1 1)
(2483 62 61 1 1)
(2484 60 60 4 1)
(2488 65 63 4 1)
(2492 64 62 6 1)
(2498 62 61 1 1)
(2499 60 60 1 1)
(2500 62 61 4 1)
(2504 60 60 4 1)
(2510 60 60 4 1)
(2514 60 60 2 1)
(2516 60 60 4 1)
(2520 62 61 2 1)
(2522 64 62 3 1)
(2525 60 60 1 1)
(2526 64 62 2 1)
(2528 65 63 2 1)
(2530 67 64 2 1)
(2532 60 60 4 1)
(2540 60 60 4 1)
(2548 60 60 4 1)
(2552 62 61 4 1)
(2560 64 62 4 1)
(2564 64 62 6 1)
(2570 65 63 2 1)
(2572 67 64 4 1)
(2576 69 65 4 1)
(2580 67 64 2 1)
(2582 69 65 4 1)
(2586 67 64 1 1)
(2587 65 63 1 1)
(2588 64 62 2 1)
(2590 65 63 4 1)
(2594 64 62 2 1)
(2596 65 63 8 1)
(2608 65 63 8 1)
(2616 67 64 4 1)
(2620 69 65 8 1)
(2628 69 65 4 1)
(2632 69 65 8 1)
(2640 67 64 4 1)
(2644 69 65 4 1)
(2648 70 66 6 1)
(2654 72 67 2 1)
(2656 69 65 8 1)
(2664 67 64 4 1)
(2668 69 65 16 1)
(2692 72 67 4 1)
(2696 74 68 2 1)
(2698 72 67 4 1)
(2702 70 66 1 1)
(2703 69 65 1 1)
(2704 70 66 2 1)
(2706 72 67 2 1)
(2708 65 63 4 1)
(2714 69 65 2 1)
(2716 70 66 3 1)
(2719 69 65 1 1)
(2720 67 64 4 1)
(2724 65 63 2 1)
(2726 69 65 4 1)
(2730 67 64 1 1)
(2731 65 63 1 1)
(2732 64 62 8 1)
(2744 64 62 4 1)
(2748 65 63 4 1)
(2752 67 64 6 1)
(2758 65 63 2 1)
(2760 64 62 2 1)
(2762 62 61 2 1)
(2764 60 60 4 1)
(2768 65 63 6 1)
(2774 64 62 1 1)
(2775 62 61 1 1)
(2776 64 62 4 1)
(2780 65 63 2 1)
(2782 69 65 3 1)
(2785 67 64 1 1)
(2786 65 63 4 1)
(2790 64 62 1 1)
(2791 62 61 1 1)
(2792 64 62 4 1)
(2796 65 63 8 1)
