(0 72 67 8 1)
(8 72 67 4 1)
(12 72 67 4 1)
(16 71 66 8 1)
(24 69 65 8 1)
(32 67 64 8 1)
(40 72 67 6 1)
(46 71 66 2 1)
(48 69 65 4 1)
(52 67 64 4 1)
(56 69 65 4 1)
(60 65 63 4 1)
(64 67 64 6 1)
(70 65 63 1 1)
(71 64 62 1 1)
(72 62 61 8 1)
(80 60 60 8 1)
(92 67 64 4 1)
(96 69 65 4 1)
(100 71 66 4 1)
(104 72 67 4 1)
(108 74 68 6 1)
(114 72 67 2 1)
(116 71 66 4 1)
(120 69 65 4 1)
(124 67 64 6 1)
(130 69 65 1 1)
(131 71 66 1 1)
(132 72 67 8 1)
(140 71 66 4 1)
(144 72 67 6 1)
(150 67 64 2 1)
(152 69 65 4 1)
(156 71 66 4 1)
(160 72 67 4 1)
(164 74 68 4 1)
(168 71 66 16 1)
(184 72 67 6 1)
(190 71 66 1 1)
(191 69 65 1 1)
(192 67 64 4 1)
(196 72 67 4 1)
(200 71 66 4 1)
(204 72 67 4 1)
(208 74 68 2 1)
(210 72 67 2 1)
(212 71 66 2 1)
(214 69 65 2 1)
(216 67 64 4 1)
(220 69 65 4 1)
(224 71 66 4 1)
(228 71 66 4 1)
(232 72 67 6 1)
(238 71 66 2 1)
(240 69 65 2 1)
(242 67 64 2 1)
(244 67 64 8 1)
(252 66 63 4 1)
(256 67 64 8 1)
(264 67 64 4 1)
(268 69 65 6 1)
(274 71 66 2 1)
(276 72 67 4 1)
(280 71 66 6 1)
(286 72 67 2 1)
(288 74 68 4 1)
(292 76 69 6 1)
(298 74 68 2 1)
(300 72 67 4 1)
(304 71 66 6 1)
(310 72 67 2 1)
(312 74 68 4 1)
(316 72 67 8 1)
(324 71 66 4 1)
(328 72 67 12 1)
(352 72 67 6 1)
(358 74 68 2 1)
(360 76 69 4 1)
(364 77 70 8 1)
(372 77 70 4 1)
(376 76 69 6 1)
(382 74 68 2 1)
(384 72 67 4 1)
(388 71 66 8 1)
(396 69 65 4 1)
(400 67 64 8 1)
(408 65 63 4 1)
(412 64 62 4 1)
(416 60 60 4 1)
(420 62 61 4 1)
(424 64 62 8 1)
(432 65 63 4 1)
(436 67 64 8 1)
(444 69 65 4 1)
(448 71 66 4 1)
(452 67 64 8 1)
(460 72 67 4 1)
(464 69 65 8 1)
(472 74 68 4 1)
(476 71 66 4 1)
(480 72 67 4 1)
(484 74 68 6 1)
(490 72 67 2 1)
(492 71 66 2 1)
(494 69 65 2 1)
(496 67 64 4 1)
(500 76 69 6 1)
(506 74 68 2 1)
(508 72 67 8 1)
(516 71 66 4 1)
(520 72 67 12 1)
