(0 67 64 4 1)
(4 67 64 4 1)
(8 69 65 4 1)
(12 69 65 4 1)
(16 70 66 4 1)
(20 70 66 4 1)
(24 69 65 4 1)
(32 67 64 4 1)
(36 67 64 4 1)
(40 69 65 4 1)
(44 69 65 4 1)
(48 70 66 4 1)
(52 70 66 4 1)
(56 69 65 8 1)
(80 72 67 4 1)
(84 72 67 4 1)
(88 70 66 4 1)
(92 67 64 4 1)
(96 69 65 8 1)
(104 67 64 8 1)
(128 67 64 4 1)
(132 67 64 4 1)
(136 69 65 8 1)
(144 70 66 8 1)
(152 72 67 8 1)
(160 70 66 3 1)
(163 69 65 1 1)
(164 65 63 2 1)
(166 67 64 3 1)
(169 65 63 1 1)
(170 69 65 3 1)
(173 67 64 1 1)
(174 64 62 2 1)
(176 62 61 2 1)
(178 67 64 4 1)
(182 66 63 2 1)
(184 67 64 4 1)
(208 67 64 4 1)
(212 67 64 4 1)
(216 69 65 4 1)
(220 72 67 6 1)
(226 71 66 1 1)
(227 69 65 1 1)
(228 71 66 4 1)
(232 72 67 3 1)
(235 70 66 1 1)
(236 67 64 2 1)
(238 69 65 3 1)
(241 67 64 1 1)
(242 65 63 1 1)
(243 64 62 1 1)
(244 62 61 4 1)
(250 60 60 4 1)
(254 58 59 1 1)
(255 57 58 1 1)
(256 55 57 2 1)
(258 62 61 2 1)
(260 64 62 2 1)
(262 65 63 2 1)
(264 67 64 2 1)
(266 70 66 3 1)
(269 69 65 1 1)
(270 69 65 3 1)
(273 67 64 1 1)
(274 67 64 4 1)
(278 66 63 2 1)
(280 67 64 12 1)
(304 67 64 8 1)
(312 67 64 4 1)
(316 69 65 8 1)
(324 69 65 4 1)
(328 70 66 8 1)
(336 70 66 4 1)
(340 69 65 8 1)
(352 67 64 8 1)
(360 67 64 4 1)
(364 69 65 8 1)
(372 69 65 4 1)
(376 70 66 8 1)
(384 70 66 4 1)
(388 69 65 12 1)
(408 67 64 4 1)
(412 69 65 4 1)
(416 72 67 6 1)
(422 70 66 2 1)
(424 69 65 2 1)
(426 67 64 2 1)
(428 69 65 2 1)
(430 67 64 2 1)
(432 65 63 2 1)
(434 64 62 2 1)
(436 62 61 6 1)
(442 64 62 2 1)
(444 65 63 4 1)
(448 67 64 8 1)
(456 66 63 4 1)
(460 67 64 12 1)
