(20 67 64 4 1)
(24 72 67 6 1)
(30 72 67 2 1)
(32 72 67 4 1)
(36 74 68 4 1)
(40 76 69 4 1)
(44 72 67 4 1)
(50 72 67 2 1)
(52 77 70 4 1)
(56 77 70 4 1)
(60 76 69 3 1)
(63 74 68 1 1)
(64 76 69 2 1)
(66 77 70 2 1)
(68 76 69 2 1)
(70 77 70 3 1)
(73 76 69 1 1)
(74 74 68 1 1)
(75 72 67 1 1)
(76 74 68 2 1)
(78 72 67 1 1)
(79 71 66 1 1)
(80 69 65 4 1)
(84 67 64 8 1)
(94 72 67 2 1)
(96 72 67 2 1)
(98 72 67 2 1)
(100 76 69 4 1)
(104 76 69 2 1)
(106 69 65 4 1)
(110 69 65 2 1)
(112 72 67 2 1)
(114 71 66 1 1)
(115 69 65 1 1)
(116 67 64 4 1)
(122 67 64 2 1)
(124 69 65 2 1)
(126 71 66 2 1)
(128 72 67 2 1)
(130 74 68 2 1)
(132 76 69 2 1)
(134 77 70 3 1)
(137 76 69 1 1)
(138 74 68 1 1)
(139 72 67 1 1)
(140 74 68 2 1)
(142 76 69 3 1)
(145 74 68 1 1)
(146 72 67 4 1)
(150 71 66 2 1)
(152 72 67 8 1)
(276 67 64 4 1)
(280 72 67 8 1)
(288 72 67 4 1)
(292 74 68 4 1)
(296 76 69 6 1)
(302 74 68 2 1)
(304 72 67 2 1)
(306 71 66 2 1)
(308 69 65 4 1)
(312 67 64 2 1)
(314 72 67 3 1)
(317 71 66 1 1)
(318 69 65 1 1)
(319 67 64 1 1)
(320 69 65 3 1)
(323 67 64 1 1)
(324 69 65 1 1)
(325 67 64 1 1)
(326 65 63 1 1)
(327 64 62 1 1)
(328 62 61 4 1)
(366 67 64 2 1)
(368 74 68 2 1)
(370 74 68 2 1)
(372 76 69 4 1)
(376 74 68 4 1)
(394 67 64 2 1)
(396 74 68 4 1)
(400 76 69 4 1)
(404 74 68 2 1)
(406 71 66 2 1)
(408 72 67 4 1)
(412 71 66 4 1)
(422 67 64 2 1)
(424 74 68 4 1)
(428 76 69 4 1)
(432 74 68 2 1)
(434 71 66 2 1)
(436 72 67 4 1)
(440 71 66 3 1)
(443 69 65 1 1)
(444 71 66 1 1)
(445 72 67 1 1)
(446 74 68 4 1)
(450 72 67 4 1)
(454 71 66 2 1)
(456 72 67 4 1)
(462 76 69 2 1)
(464 76 69 2 1)
(466 76 69 2 1)
(468 76 69 6 1)
(474 74 68 1 1)
(475 72 67 1 1)
(476 74 68 1 1)
(477 76 69 1 1)
(478 77 70 3 1)
(481 76 69 1 1)
(482 76 69 4 1)
(486 74 68 2 1)
(488 76 69 4 1)
(494 76 69 2 1)
(496 74 68 2 1)
(498 76 69 2 1)
(500 77 70 2 1)
(502 76 69 3 1)
(505 72 67 1 1)
(506 74 68 2 1)
(508 76 69 3 1)
(511 74 68 1 1)
(512 71 66 2 1)
(514 72 67 2 1)
(516 74 68 6 1)
(522 72 67 1 1)
(523 71 66 1 1)
(524 72 67 4 1)
(528 71 66 2 1)
(530 74 68 4 1)
(534 72 67 3 1)
(537 71 66 1 1)
(538 69 65 1 1)
(539 67 64 1 1)
(540 69 65 4 1)
(544 67 64 4 1)
(594 76 69 4 1)
(598 76 69 2 1)
(600 77 70 4 1)
(604 74 68 2 1)
(606 76 69 3 1)
(609 74 68 1 1)
(610 72 67 1 1)
(611 71 66 1 1)
(612 72 67 2 1)
(614 72 67 2 1)
(616 71 66 8 1)
(626 76 69 2 1)
(628 76 69 2 1)
(630 76 69 2 1)
(632 77 70 4 1)
(636 74 68 2 1)
(638 76 69 3 1)
(641 74 68 1 1)
(642 72 67 1 1)
(643 71 66 1 1)
(644 72 67 4 1)
(648 71 66 4 1)
(654 76 69 4 1)
(658 74 68 2 1)
(660 71 66 2 1)
(662 72 67 2 1)
(664 74 68 2 1)
(666 67 64 2 1)
(668 69 65 2 1)
(670 71 66 2 1)
(672 69 65 1 1)
(673 67 64 1 1)
(674 72 67 4 1)
(678 71 66 2 1)
(680 72 67 4 1)
(710 76 69 4 1)
(714 74 68 2 1)
(716 71 66 2 1)
(718 72 67 2 1)
(720 74 68 2 1)
(722 67 64 2 1)
(724 69 65 2 1)
(726 71 66 2 1)
(728 69 65 1 1)
(729 67 64 1 1)
(730 72 67 4 1)
(734 71 66 2 1)
(736 72 67 24 1)
(760 67 64 4 1)
(764 72 67 6 1)
(770 71 66 2 1)
(772 72 67 4 1)
(776 74 68 4 1)
(780 71 66 4 1)
(804 67 64 4 1)
(808 72 67 6 1)
(814 71 66 2 1)
(816 72 67 4 1)
(820 74 68 6 1)
(826 71 66 4 1)
(830 69 65 1 1)
(831 67 64 1 1)
(832 67 64 4 1)
(868 74 68 4 1)
(872 76 69 6 1)
(878 74 68 2 1)
(880 72 67 2 1)
(882 71 66 2 1)
(884 69 65 4 1)
(888 67 64 8 1)
(896 72 67 6 1)
(902 74 68 1 1)
(903 72 67 1 1)
(904 74 68 2 1)
(906 76 69 2 1)
(908 77 70 2 1)
(910 74 68 2 1)
(912 76 69 6 1)
(918 74 68 2 1)
(920 72 67 3 1)
(923 71 66 1 1)
(924 72 67 4 1)
(928 71 66 24 1)
(1082 76 69 4 1)
(1086 76 69 2 1)
(1088 77 70 6 1)
(1094 76 69 2 1)
(1096 74 68 4 1)
(1100 72 67 4 1)
(1104 71 66 8 1)
(1128 74 68 8 1)
(1136 74 68 4 1)
(1140 72 67 4 1)
(1144 71 66 3 1)
(1147 72 67 1 1)
(1148 74 68 1 1)
(1149 76 69 1 1)
(1150 74 68 4 1)
(1154 72 67 1 1)
(1155 71 66 1 1)
(1156 69 65 4 1)
(1160 67 64 8 1)
(1170 67 64 2 1)
(1172 69 65 2 1)
(1174 71 66 2 1)
(1176 72 67 6 1)
(1182 71 66 1 1)
(1183 69 65 1 1)
(1184 71 66 2 1)
(1186 72 67 2 1)
(1188 74 68 6 1)
(1194 72 67 1 1)
(1195 71 66 1 1)
(1196 72 67 2 1)
(1198 74 68 2 1)
(1200 76 69 2 1)
(1202 77 70 3 1)
(1205 76 69 1 1)
(1206 74 68 4 1)
(1210 73 67 2 1)
(1212 74 68 8 1)
(1222 74 68 2 1)
(1224 72 67 2 1)
(1226 69 65 2 1)
(1228 71 66 3 1)
(1231 72 67 1 1)
(1232 74 68 6 1)
(1238 72 67 1 1)
(1239 71 66 1 1)
(1240 69 65 4 1)
(1244 67 64 2 1)
(1246 72 67 2 1)
(1248 71 66 2 1)
(1250 69 65 4 1)
(1254 67 64 2 1)
(1256 65 63 4 1)
(1260 64 62 4 1)
(1266 60 60 2 1)
(1268 64 62 3 1)
(1271 65 63 1 1)
(1272 67 64 4 1)
(1278 60 60 2 1)
(1280 64 62 3 1)
(1283 65 63 1 1)
(1284 67 64 2 1)
(1286 69 65 2 1)
(1288 71 66 2 1)
(1290 72 67 2 1)
(1292 74 68 2 1)
(1294 76 69 2 1)
(1296 77 70 2 1)
(1298 76 69 4 1)
(1302 74 68 2 1)
(1304 76 69 4 1)
(1310 76 69 4 1)
(1314 76 69 2 1)
(1316 74 68 2 1)
(1318 72 67 2 1)
(1320 77 70 4 1)
(1324 76 69 3 1)
(1327 74 68 1 1)
(1328 72 67 2 1)
(1330 71 66 2 1)
(1332 69 65 4 1)
(1336 67 64 8 1)
(1600 67 64 4 1)
(1604 67 64 2 1)
(1606 72 67 4 1)
(1610 72 67 2 1)
(1612 74 68 2 1)
(1614 72 67 1 1)
(1615 74 68 1 1)
(1616 76 69 3 1)
(1619 74 68 1 1)
(1620 72 67 1 1)
(1621 71 66 1 1)
(1622 77 70 3 1)
(1625 76 69 1 1)
(1626 76 69 4 1)
(1630 74 68 2 1)
(1632 76 69 8 1)
(1666 76 69 2 1)
(1668 74 68 2 1)
(1670 76 69 2 1)
(1672 77 70 2 1)
(1674 76 69 2 1)
(1676 76 69 2 1)
(1678 74 68 2 1)
(1680 76 69 4 1)
(1702 76 69 2 1)
(1704 76 69 2 1)
(1706 76 69 2 1)
(1708 76 69 6 1)
(1714 74 68 4 1)
(1718 71 66 2 1)
(1720 72 67 3 1)
(1723 69 65 1 1)
(1724 71 66 1 1)
(1725 72 67 1 1)
(1726 74 68 4 1)
(1730 72 67 2 1)
(1732 71 66 2 1)
(1734 69 65 3 1)
(1737 67 64 1 1)
(1738 67 64 4 1)
(1742 66 63 2 1)
(1744 67 64 4 1)
(1754 67 64 2 1)
(1756 69 65 2 1)
(1758 71 66 2 1)
(1760 72 67 2 1)
(1762 72 67 4 1)
(1766 72 67 2 1)
(1768 72 67 2 1)
(1770 72 67 2 1)
(1772 72 67 4 1)
(1776 71 66 2 1)
(1778 74 68 4 1)
(1782 74 68 2 1)
(1784 74 68 2 1)
(1786 74 68 2 1)
(1788 72 67 2 1)
(1790 69 65 2 1)
(1792 71 66 3 1)
(1795 72 67 1 1)
(1796 74 68 1 1)
(1797 71 66 1 1)
(1798 72 67 3 1)
(1801 71 66 1 1)
(1802 69 65 1 1)
(1803 67 64 1 1)
(1804 69 65 4 1)
(1808 67 64 16 1)
(1826 67 64 4 1)
(1830 67 64 2 1)
(1832 72 67 4 1)
(1836 74 68 4 1)
(1840 76 69 4 1)
(1844 74 68 2 1)
(1846 77 70 3 1)
(1849 76 69 1 1)
(1850 74 68 1 1)
(1851 72 67 1 1)
(1852 74 68 2 1)
(1854 76 69 3 1)
(1857 74 68 1 1)
(1858 72 67 4 1)
(1862 71 66 2 1)
(1864 72 67 4 1)
(1872 72 67 4 1)
(1876 72 67 2 1)
(1878 72 67 2 1)
(1880 79 71 3 1)
(1883 77 70 1 1)
(1884 76 69 1 1)
(1885 74 68 1 1)
(1886 76 69 4 1)
(1890 74 68 1 1)
(1891 72 67 1 1)
(1892 71 66 1 1)
(1893 69 65 1 1)
(1894 72 67 4 1)
(1898 71 66 2 1)
(1900 69 65 4 1)
(1904 67 64 8 1)
(1942 71 66 2 1)
(1944 71 66 2 1)
(1946 71 66 2 1)
(1948 71 66 2 1)
(1950 71 66 2 1)
(1952 72 67 3 1)
(1955 71 66 1 1)
(1956 69 65 2 1)
(1958 67 64 2 1)
(1960 72 67 2 1)
(1962 74 68 2 1)
(1964 76 69 2 1)
(1966 77 70 3 1)
(1969 76 69 1 1)
(1970 76 69 4 1)
(1974 74 68 2 1)
(1976 76 69 8 1)
(2014 71 66 2 1)
(2016 71 66 2 1)
(2018 71 66 2 1)
(2020 71 66 2 1)
(2022 71 66 2 1)
(2024 72 67 3 1)
(2027 71 66 1 1)
(2028 69 65 2 1)
(2030 67 64 2 1)
(2032 72 67 2 1)
(2034 74 68 2 1)
(2036 76 69 2 1)
(2038 77 70 3 1)
(2041 76 69 1 1)
(2042 76 69 4 1)
(2046 74 68 2 1)
(2048 76 69 8 1)
(2060 76 69 4 1)
(2064 76 69 4 1)
(2068 76 69 4 1)
(2072 74 68 6 1)
(2078 72 67 2 1)
(2080 71 66 2 1)
(2082 69 65 2 1)
(2084 67 64 8 1)
(2096 76 69 4 1)
(2100 76 69 4 1)
(2104 76 69 4 1)
(2108 74 68 6 1)
(2114 72 67 2 1)
(2116 71 66 2 1)
(2118 69 65 2 1)
(2120 67 64 8 1)
(2128 67 64 4 1)
(2132 64 62 4 1)
(2136 69 65 6 1)
(2142 67 64 2 1)
(2144 65 63 2 1)
(2146 64 62 2 1)
(2148 62 61 8 1)
(2156 74 68 6 1)
(2162 72 67 2 1)
(2164 71 66 2 1)
(2166 69 65 2 1)
(2168 67 64 4 1)
(2172 67 64 6 1)
(2178 65 63 2 1)
(2180 64 62 2 1)
(2182 62 61 2 1)
(2184 60 60 4 1)
(2188 72 67 6 1)
(2194 71 66 2 1)
(2196 69 65 4 1)
(2200 72 67 8 1)
(2208 71 66 4 1)
(2212 69 65 3 1)
(2215 67 64 1 1)
(2216 72 67 6 1)
(2222 71 66 1 1)
(2223 69 65 1 1)
(2224 71 66 4 1)
(2228 72 67 4 1)
(2236 72 67 8 1)
(2244 74 68 4 1)
(2248 76 69 4 1)
(2252 77 70 4 1)
(2256 77 70 4 1)
(2260 76 69 8 1)
(2272 76 69 4 1)
(2276 76 69 4 1)
(2280 74 68 2 1)
(2282 76 69 3 1)
(2285 74 68 1 1)
(2286 72 67 1 1)
(2287 71 66 1 1)
(2288 72 67 4 1)
(2292 71 66 16 1)
(2308 72 67 8 1)
(2316 72 67 8 1)
