(56 69 65 8 1)
(64 72 67 8 1)
(72 74 68 8 1)
(80 76 69 4 1)
(84 77 70 4 1)
(88 76 69 4 1)
(92 74 68 6 1)
(98 73 67 1 1)
(99 71 66 1 1)
(100 73 67 4 1)
(104 74 68 8 1)
(176 74 68 8 1)
(184 67 64 4 1)
(188 65 63 4 1)
(192 72 67 4 1)
(196 74 68 4 1)
(200 72 67 6 1)
(206 70 66 2 1)
(208 69 65 4 1)
(212 67 64 4 1)
(216 65 63 4 1)
(220 67 64 4 1)
(224 69 65 8 1)
(232 69 65 4 1)
(236 72 67 4 1)
(240 74 68 8 1)
(248 76 69 8 1)
(256 77 70 6 1)
(262 76 69 1 1)
(263 74 68 1 1)
(264 72 67 4 1)
(268 77 70 4 1)
(272 76 69 4 1)
(276 74 68 8 1)
(284 73 67 4 1)
(288 74 68 8 1)
(328 74 68 8 1)
(336 67 64 8 1)
(344 74 68 8 1)
(352 72 67 4 1)
(356 74 68 4 1)
(360 72 67 4 1)
(364 70 66 4 1)
(368 69 65 8 1)
(424 74 68 16 1)
(440 72 67 4 1)
(444 70 66 4 1)
(448 69 65 4 1)
(452 67 64 4 1)
(456 72 67 6 1)
(462 70 66 2 1)
(464 69 65 2 1)
(466 67 64 2 1)
(468 70 66 4 1)
(472 69 65 3 1)
(475 67 64 1 1)
(476 67 64 8 1)
(484 66 63 4 1)
(488 67 64 8 1)
(536 72 67 4 1)
(540 74 68 4 1)
(544 72 67 4 1)
(548 70 66 4 1)
(552 69 65 8 1)
(560 67 64 8 1)
(568 65 63 4 1)
(572 67 64 2 1)
(574 69 65 4 1)
(578 67 64 1 1)
(579 65 63 1 1)
(580 67 64 4 1)
(584 69 65 8 1)
(640 74 68 4 1)
(644 72 67 4 1)
(648 74 68 4 1)
(652 76 69 4 1)
(656 77 70 12 1)
(668 76 69 4 1)
(672 74 68 8 1)
(724 72 67 4 1)
(728 74 68 6 1)
(734 72 67 2 1)
(736 70 66 4 1)
(740 69 65 4 1)
(744 69 65 1 1)
(745 67 64 1 1)
(746 65 63 1 1)
(747 64 62 1 1)
(748 62 61 2 1)
(750 69 65 3 1)
(753 70 66 1 1)
(754 72 67 2 1)
(756 70 66 2 1)
(758 69 65 3 1)
(761 67 64 1 1)
(762 67 64 4 1)
(766 66 63 2 1)
(768 67 64 8 1)
(856 77 70 8 1)
(864 76 69 4 1)
(868 74 68 4 1)
(872 72 67 8 1)
(880 70 66 4 1)
(884 74 68 4 1)
(888 72 67 16 1)
(904 74 68 8 1)
(912 72 67 4 1)
(916 74 68 4 1)
(920 72 67 4 1)
(924 70 66 4 1)
(928 69 65 24 1)
(980 67 64 8 1)
(988 65 63 4 1)
(992 67 64 8 1)
(1000 69 65 8 1)
(1048 74 68 8 1)
(1056 67 64 4 1)
(1060 69 65 4 1)
(1064 70 66 4 1)
(1068 72 67 4 1)
(1072 70 66 3 1)
(1075 69 65 1 1)
(1076 67 64 4 1)
(1080 65 63 8 1)
(1088 70 66 4 1)
(1092 69 65 4 1)
(1096 70 66 4 1)
(1100 67 64 4 1)
(1104 69 65 4 1)
(1108 65 63 4 1)
(1112 67 64 8 1)
(1192 72 67 4 1)
(1196 74 68 4 1)
(1200 72 67 4 1)
(1204 70 66 4 1)
(1208 69 65 8 1)
(1216 67 64 8 1)
(1262 74 68 2 1)
(1264 76 69 2 1)
(1266 77 70 2 1)
(1268 76 69 2 1)
(1270 74 68 2 1)
(1272 76 69 4 1)
(1276 72 67 3 1)
(1279 74 68 1 1)
(1280 76 69 2 1)
(1282 77 70 2 1)
(1284 74 68 2 1)
(1286 76 69 3 1)
(1289 74 68 1 1)
(1290 74 68 4 1)
(1294 73 67 2 1)
(1296 74 68 8 1)
(1340 72 67 4 1)
(1344 74 68 4 1)
(1348 76 69 4 1)
(1352 74 68 8 1)
(1384 67 64 8 1)
(1392 65 63 8 1)
(1400 69 65 4 1)
(1404 72 67 8 1)
(1412 74 68 4 1)
(1416 72 67 8 1)
(1424 74 68 8 1)
(1448 69 65 4 1)
(1452 67 64 4 1)
(1456 69 65 4 1)
(1460 70 66 4 1)
(1464 72 67 6 1)
(1470 70 66 2 1)
(1472 69 65 2 1)
(1474 67 64 2 1)
(1476 70 66 4 1)
(1480 69 65 3 1)
(1483 67 64 1 1)
(1484 67 64 8 1)
(1492 66 63 4 1)
(1496 67 64 8 1)
(1528 74 68 8 1)
(1536 67 64 8 1)
(1544 69 65 4 1)
(1548 70 66 4 1)
(1552 72 67 8 1)
(1560 72 67 8 1)
(1568 74 68 8 1)
(1576 72 67 4 1)
(1580 70 66 4 1)
(1584 69 65 8 1)
(1632 67 64 4 1)
(1636 69 65 4 1)
(1640 70 66 8 1)
(1648 69 65 8 1)
(1656 70 66 4 1)
(1660 67 64 4 1)
(1664 69 65 4 1)
(1668 70 66 4 1)
(1672 69 65 4 1)
(1676 67 64 4 1)
(1680 65 63 8 1)
(1688 67 64 12 1)
(1748 74 68 4 1)
(1752 72 67 4 1)
(1756 74 68 4 1)
(1760 76 69 4 1)
(1764 77 70 8 1)
(1772 74 68 12 1)
(1832 67 64 4 1)
(1836 65 63 4 1)
(1840 67 64 4 1)
(1844 69 65 4 1)
(1848 72 67 8 1)
(1856 74 68 8 1)
(1864 67 64 8 1)
(1872 69 65 8 1)
(1880 70 66 4 1)
(1884 69 65 6 1)
(1890 67 64 2 1)
(1892 67 64 8 1)
(1900 66 63 4 1)
(1904 67 64 8 1)
(1964 74 68 4 1)
(1968 77 70 4 1)
(1972 76 69 4 1)
(1976 74 68 4 1)
(1980 72 67 4 1)
(1984 74 68 4 1)
(1988 72 67 4 1)
(1992 70 66 4 1)
(1996 69 65 4 1)
(2000 70 66 8 1)
(2056 67 64 4 1)
(2060 65 63 4 1)
(2064 67 64 4 1)
(2068 69 65 4 1)
(2072 72 67 8 1)
(2080 70 66 8 1)
(2088 69 65 4 1)
(2092 70 66 4 1)
(2096 69 65 4 1)
(2100 67 64 4 1)
(2104 65 63 8 1)
(2112 67 64 4 1)
(2152 76 69 4 1)
(2156 77 70 4 1)
(2160 76 69 8 1)
(2168 74 68 8 1)
(2176 74 68 8 1)
(2184 72 67 4 1)
(2188 70 66 4 1)
(2192 69 65 8 1)
(2200 70 66 8 1)
(2208 69 65 8 1)
(2216 67 64 8 1)
(2224 69 65 4 1)
(2228 70 66 4 1)
(2232 69 65 2 1)
(2234 67 64 2 1)
(2236 72 67 3 1)
(2239 74 68 1 1)
(2240 76 69 2 1)
(2242 74 68 3 1)
(2245 72 67 1 1)
(2246 70 66 1 1)
(2247 69 65 1 1)
(2248 72 67 1 1)
(2249 70 66 1 1)
(2250 69 65 1 1)
(2251 67 64 1 1)
(2252 65 63 2 1)
(2254 70 66 2 1)
(2256 69 65 2 1)
(2258 67 64 4 1)
(2262 66 63 2 1)
(2264 67 64 16 1)
