(0 72 67 8 1)
(8 72 67 4 1)
(12 74 68 4 1)
(16 76 69 6 1)
(22 74 68 1 1)
(23 76 69 1 1)
(24 77 70 4 1)
(28 76 69 2 1)
(30 72 67 2 1)
(32 74 68 4 1)
(36 72 67 6 1)
(42 69 65 2 1)
(44 70 66 4 1)
(48 69 65 4 1)
(56 65 63 8 1)
(64 67 64 8 1)
(72 65 63 4 1)
(76 64 62 2 1)
(78 62 61 4 1)
(82 60 60 2 1)
(84 65 63 4 1)
(88 64 62 2 1)
(90 65 63 2 1)
(92 67 64 2 1)
(94 69 65 2 1)
(96 65 63 4 1)
(100 67 64 2 1)
(102 69 65 4 1)
(106 67 64 1 1)
(107 65 63 1 1)
(108 64 62 4 1)
(116 76 69 4 1)
(120 77 70 2 1)
(122 79 71 3 1)
(125 77 70 1 1)
(126 77 70 4 1)
(130 76 69 2 1)
(132 77 70 4 1)
(136 72 67 2 1)
(138 74 68 2 1)
(140 72 67 2 1)
(142 69 65 3 1)
(145 70 66 1 1)
(146 72 67 4 1)
(150 69 65 2 1)
(152 67 64 3 1)
(155 65 63 1/2 1)
(311/2 64 62 1/2 1)
(156 62 61 2 1)
(158 60 60 4 1)
(162 65 63 4 1)
(166 64 62 2 1)
(168 65 63 16 1)
(186 69 65 2 1)
(188 70 66 2 1)
(190 72 67 4 1)
(194 69 65 4 1)
(198 65 63 2 1)
(200 67 64 2 1)
(202 69 65 2 1)
(204 65 63 6 1)
(210 62 61 2 1)
(212 64 62 2 1)
(214 65 63 4 1)
(218 77 70 3 1)
(221 76 69 1 1)
(222 74 68 1 1)
(223 72 67 1 1)
(224 72 67 2 1)
(226 74 68 3 1)
(229 72 67 1/2 1)
(459/2 74 68 1/2 1)
(230 76 69 3 1)
(233 77 70 1 1)
(234 76 69 1 1)
(235 74 68 1/2 1)
(471/2 72 67 1/2 1)
(236 71 66 3 1)
(239 69 65 1 1)
(240 72 67 4 1)
(246 77 70 2 1)
(248 76 69 2 1)
(250 79 71 3 1)
(253 77 70 1/2 1)
(507/2 76 69 1/2 1)
(254 74 68 2 1)
(256 72 67 2 1)
(258 76 69 3 1)
(261 74 68 1/2 1)
(523/2 72 67 1/2 1)
(262 70 66 2 1)
(264 69 65 2 1)
(266 72 67 3 1)
(269 70 66 1 1)
(270 69 65 2 1)
(272 67 64 4 1)
(276 65 63 12 1)
(304 65 63 8 1)
(312 67 64 4 1)
(316 67 64 4 1)
(320 69 65 6 1)
(326 67 64 1 1)
(327 65 63 1 1)
(328 64 62 4 1)
(332 64 62 4 1)
(336 65 63 8 1)
(344 67 64 8 1)
(352 65 63 8 1)
(364 77 70 8 1)
(372 76 69 4 1)
(376 74 68 4 1)
(380 76 69 6 1)
(386 72 67 2 1)
(388 72 67 8 1)
(396 71 66 4 1)
(400 72 67 8 1)
(412 72 67 4 1)
(416 74 68 4 1)
(420 74 68 4 1)
(424 72 67 4 1)
(428 69 65 4 1)
(432 70 66 4 1)
(436 70 66 4 1)
(440 69 65 8 1)
(448 74 68 8 1)
(456 72 67 4 1)
(460 77 70 6 1)
(466 76 69 2 1)
(468 76 69 2 1)
(470 74 68 2 1)
(472 77 70 8 1)
(480 77 70 26666667/10000000 1)
(24133333/50000 74 68 26666667/10000000 1)
(24266667/50000 77 70 26666667/10000000 1)
(488 76 69 26666667/10000000 1)
(24533333/50000 72 67 26666667/10000000 1)
(24666667/50000 74 68 10666667/2000000 1)
(24933333/50000 76 69 4 1)
(25133333/50000 72 67 6666667/5000000 1)
(504 72 67 10666667/2000000 1)
(25466667/50000 71 66 26666667/10000000 1)
(512 72 67 26666667/10000000 1)
(5146583/10000 69 65 10666667/2000000 1)
(520 65 63 26666667/10000000 1)
(5226583/10000 67 64 4 1)
(5266583/10000 65 63 6666667/5000000 1)
(528 65 63 8 1)
