(0 62 61 6 1)
(6 64 62 2 1)
(8 65 63 4 1)
(12 67 64 2 1)
(14 69 65 2 1)
(16 70 66 4 1)
(20 69 65 4 1)
(24 67 64 4 1)
(28 65 63 2 1)
(30 62 61 2 1)
(32 64 62 4 1)
(36 62 61 2 1)
(38 69 65 3 1)
(41 70 66 1 1)
(42 72 67 3 1)
(45 70 66 1 1)
(46 69 65 1 1)
(47 67 64 1 1)
(48 65 63 8 1)
(60 65 63 4 1)
(64 65 63 4 1)
(68 67 64 4 1)
(72 69 65 4 1)
(76 70 66 4 1)
(80 70 66 2 1)
(82 70 66 2 1)
(84 69 65 3 1)
(87 65 63 1 1)
(88 67 64 2 1)
(90 69 65 3 1)
(93 70 66 1 1)
(94 69 65 1 1)
(95 67 64 1/2 1)
(191/2 65 63 1/2 1)
(96 64 62 2 1)
(98 65 63 3 1)
(101 67 64 1 1)
(102 65 63 1 1)
(103 64 62 1/2 1)
(207/2 62 61 1/2 1)
(104 61 60 3 1)
(107 59 59 1 1)
(108 62 61 4 1)
(116 65 63 4 1)
(120 64 62 3 1)
(123 60 60 1 1)
(124 62 61 4 1)
(128 57 58 4 1)
(134 58 59 2 1)
(136 60 60 2 1)
(138 58 59 1 1)
(139 57 58 1 1)
(140 55 57 4 1)
(144 57 58 2 1)
(146 60 60 2 1)
(148 58 59 4 1)
(152 57 58 2 1)
(154 69 65 4 1)
(158 67 64 2 1)
(160 69 65 2 1)
(162 67 64 1 1)
(163 65 63 1 1)
(164 64 62 4 1)
(168 62 61 8 1)
(180 57 58 2 1)
(182 58 59 2 1)
(184 57 58 2 1)
(186 62 61 4 1)
(190 61 60 2 1)
(192 62 61 2 1)
(194 57 58 3 1)
(197 58 59 1 1)
(198 60 60 2 1)
(200 58 59 4 1)
(204 57 58 4 1)
(210 69 65 4 1)
(214 67 64 2 1)
(216 64 62 4 1)
(220 65 63 2 1)
(222 64 62 1 1)
(223 62 61 1 1)
(224 60 60 4 1)
(232 57 58 2 1)
(234 58 59 2 1)
(236 57 58 2 1)
(238 60 60 4 1)
(242 62 61 2 1)
(244 60 60 2 1)
(246 65 63 4 1)
(250 64 62 2 1)
(252 65 63 2 1)
(254 64 62 3 1)
(257 62 61 1 1)
(258 62 61 4 1)
(262 61 60 2 1)
(264 62 61 2 1)
(266 65 63 3 1)
(269 64 62 1 1)
(270 69 65 4 1)
(274 67 64 2 1)
(276 72 67 2 1)
(278 71 66 3 1)
(281 69 65 1 1)
(282 69 65 4 1)
(286 68 65 2 1)
(288 69 65 12 1)
