(0 67 64 8 1)
(8 67 64 1 1)
(9 69 65 1 1)
(10 70 66 1 1)
(11 67 64 1 1)
(12 74 68 4 1)
(16 74 68 2 1)
(18 69 65 4 1)
(22 72 67 3 1)
(25 70 66 1 1)
(26 67 64 4 1)
(30 67 64 3 1)
(33 69 65 1 1)
(34 70 66 2 1)
(36 72 67 2 1)
(38 74 68 4 1)
(42 72 67 2 1)
(44 77 70 4 1)
(48 76 69 4 1)
(52 72 67 2 1)
(54 74 68 2 1)
(56 70 66 2 1)
(58 74 68 4 1)
(62 72 67 2 1)
(64 74 68 2 1)
(66 70 66 2 1)
(68 72 67 4 1)
(72 74 68 4 1)
(78 74 68 2 1)
(80 70 66 2 1)
(82 74 68 4 1)
(86 72 67 3 1)
(89 70 66 1 1)
(90 67 64 4 1)
(94 67 64 2 1)
(96 74 68 3 1)
(99 72 67 1 1)
(100 70 66 2 1)
(102 69 65 2 1)
(104 72 67 3 1)
(107 70 66 1 1)
(108 67 64 4 1)
(112 67 64 2 1)
(114 74 68 4 1)
(118 72 67 2 1)
(120 69 65 2 1)
(122 70 66 2 1)
(126 69 65 2 1)
(128 70 66 2 1)
(130 72 67 2 1)
(132 69 65 2 1)
(134 72 67 4 1)
(138 74 68 2 1)
(140 76 69 4 1)
(144 77 70 3 1)
(147 76 69 1 1)
(148 74 68 1 1)
(149 72 67 1 1)
(150 70 66 2 1)
(152 69 65 2 1)
(154 67 64 2 1)
(156 69 65 2 1)
(158 70 66 4 1)
(162 69 65 4 1)
(166 67 64 2 1)
(168 69 65 12 1)
(180 74 68 16 1)
(196 72 67 8 1)
(204 70 66 8 1)
(212 69 65 8 1)
(220 69 65 8 1)
(236 74 68 4 1)
(240 72 67 2 1)
(242 72 67 4 1)
(246 70 66 1 1)
(247 69 65 1 1)
(248 70 66 3 1)
(251 72 67 1 1)
(252 69 65 8 1)
(264 69 65 4 1)
(268 72 67 8 1)
(276 74 68 4 1)
(280 76 69 8 1)
(288 74 68 6 1)
(294 72 67 2 1)
(296 72 67 4 1)
(300 74 68 8 1)
(312 77 70 6 1)
(318 76 69 2 1)
(320 74 68 4 1)
(324 72 67 6 1)
(330 74 68 4 1)
(334 72 67 4 1)
(338 71 66 2 1)
(340 72 67 8 1)
(352 72 67 4 1)
(356 74 68 8 1)
(364 72 67 4 1)
(368 70 66 4 1)
(372 69 65 6 1)
(378 67 64 1 1)
(379 69 65 1 1)
(380 70 66 2 1)
(382 74 68 3 1)
(385 72 67 1 1)
(386 70 66 4 1)
(390 69 65 4 1)
(394 67 64 2 1)
(396 69 65 4 1)
(400 69 65 3 1)
(403 70 66 1 1)
(404 72 67 2 1)
(406 74 68 4 1)
(410 72 67 2 1)
(412 74 68 4 1)
(416 77 70 4 1)
(420 76 69 2 1)
(422 72 67 4 1)
(426 70 66 1 1)
(427 69 65 1 1)
(428 67 64 4 1)
(464 74 68 4 1)
(468 76 69 8 1)
(476 76 69 4 1)
(480 72 67 4 1)
(484 74 68 4 1)
(488 76 69 6 1)
(494 72 67 2 1)
(496 74 68 4 1)
(500 72 67 12 1)
(512 70 66 4 1)
(516 72 67 8 1)
(524 74 68 8 1)
(532 67 64 24 1)
(556 67 64 8 1)
(564 67 64 4 1)
(568 70 66 8 1)
(576 74 68 4 1)
(580 67 64 2 1)
(582 70 66 3 1)
(585 72 67 1 1)
(586 74 68 2 1)
(588 75 69 2 1)
(590 72 67 2 1)
(592 74 68 2 1)
(594 77 70 3 1)
(597 76 69 1 1)
(598 74 68 4 1)
(602 72 67 1 1)
(603 70 66 1 1)
(604 69 65 2 1)
(606 72 67 4 1)
(610 70 66 4 1)
(614 69 65 2 1)
(616 70 66 6 1)
(622 74 68 3 1)
(625 72 67 1 1)
(626 70 66 1 1)
(627 69 65 1 1)
(628 67 64 2 1)
(630 72 67 2 1)
(632 67 64 2 1)
(634 72 67 3 1)
(637 74 68 1 1)
(638 76 69 2 1)
(640 77 70 2 1)
(642 74 68 4 1)
(646 72 67 4 1)
(650 71 66 2 1)
(652 72 67 12 1)
(676 72 67 8 1)
(684 70 66 2 1)
(686 69 65 2 1)
(688 74 68 4 1)
(692 70 66 2 1)
(694 72 67 2 1)
(696 74 68 4 1)
(700 70 66 2 1)
(702 72 67 2 1)
(704 74 68 2 1)
(706 72 67 2 1)
(708 69 65 2 1)
(710 70 66 2 1)
(712 72 67 4 1)
(716 69 65 2 1)
(718 70 66 2 1)
(720 72 67 2 1)
(722 70 66 4 1)
(726 69 65 2 1)
(728 67 64 2 1)
(730 65 63 2 1)
(732 67 64 3 1)
(735 69 65 1 1)
(736 69 65 24 1)
