(8 64 62 2 1)
(10 65 63 2 1)
(12 67 64 4 1)
(16 67 64 4 1)
(20 65 63 2 1)
(22 67 64 2 1)
(24 69 65 2 1)
(26 67 64 4 1)
(30 66 63 2 1)
(32 67 64 8 1)
(52 67 64 2 1)
(54 67 64 2 1)
(56 67 64 2 1)
(58 67 64 2 1)
(60 69 65 4 1)
(64 67 64 6 1)
(70 65 63 2 1)
(72 64 62 4 1)
(76 62 61 4 1)
(80 69 65 4 1)
(84 70 66 4 1)
(88 69 65 6 1)
(94 65 63 2 1)
(96 67 64 2 1)
(98 69 65 2 1)
(100 70 66 2 1)
(102 72 67 3 1)
(105 70 66 1 1)
(106 69 65 1 1)
(107 67 64 1 1)
(108 66 63 3 1)
(111 64 62 1 1)
(112 67 64 16 1)
(176 64 62 2 1)
(178 65 63 2 1)
(180 67 64 4 1)
(184 64 62 2 1)
(186 65 63 2 1)
(188 67 64 4 1)
(192 69 65 4 1)
(196 69 65 4 1)
(200 70 66 4 1)
(204 69 65 8 1)
(212 69 65 4 1)
(216 65 63 2 1)
(218 67 64 2 1)
(220 69 65 2 1)
(222 67 64 4 1)
(226 66 63 2 1)
(228 67 64 2 1)
(230 67 64 2 1)
(232 65 63 2 1)
(234 69 65 3 1)
(237 67 64 1 1)
(238 67 64 4 1)
(242 66 63 2 1)
(244 67 64 4 1)
(274 67 64 2 1)
(276 67 64 2 1)
(278 69 65 3 1)
(281 67 64 1 1)
(282 66 63 1 1)
(283 64 62 1 1)
(284 66 63 4 1)
(288 67 64 8 1)
(348 69 65 4 1)
(352 70 66 4 1)
(356 69 65 4 1)
(362 69 65 2 1)
(364 69 65 2 1)
(366 69 65 2 1)
(368 65 63 2 1)
(370 70 66 3 1)
(373 69 65 1 1)
(374 67 64 4 1)
(378 66 63 2 1)
(380 67 64 4 1)
(384 64 62 2 1)
(386 65 63 2 1)
(388 67 64 4 1)
(392 69 65 2 1)
(394 69 65 4 1)
(398 65 63 2 1)
(400 64 62 4 1)
(404 62 61 2 1)
(406 67 64 2 1)
(408 64 62 2 1)
(410 65 63 2 1)
(412 67 64 4 1)
(416 64 62 2 1)
(418 65 63 2 1)
(420 67 64 6 1)
(426 67 64 2 1)
(428 67 64 2 1)
(430 67 64 2 1)
(432 65 63 2 1)
(434 69 65 3 1)
(437 67 64 1 1)
(438 70 66 3 1)
(441 72 67 1 1)
(442 74 68 2 1)
(444 72 67 2 1)
(446 69 65 3 1)
(449 67 64 1 1)
(450 70 66 3 1)
(453 69 65 1 1)
(454 72 67 3 1)
(457 70 66 1 1)
(458 70 66 3 1)
(461 69 65 1 1)
(462 67 64 3 1)
(465 65 63 1 1)
(466 69 65 3 1)
(469 64 62 1 1)
(470 66 63 2 1)
(472 67 64 8 1)
(528 69 65 2 1)
(530 70 66 2 1)
(532 69 65 2 1)
(534 65 63 2 1)
(536 67 64 2 1)
(538 67 64 2 1)
(540 65 63 4 1)
(560 69 65 4 1)
(564 70 66 4 1)
(568 69 65 4 1)
(572 65 63 4 1)
(576 67 64 2 1)
(578 70 66 3 1)
(581 69 65 1 1)
(582 72 67 3 1)
(585 70 66 1 1)
(586 69 65 1 1)
(587 67 64 1 1)
(588 66 63 3 1)
(591 64 62 1 1)
(592 67 64 16 1)
(628 67 64 4 1)
(632 69 65 4 1)
(636 67 64 4 1)
(640 64 62 8 1)
(650 65 63 4 1)
(654 62 61 2 1)
(656 64 62 2 1)
(658 65 63 2 1)
(660 67 64 8 1)
(668 69 65 4 1)
(696 69 65 4 1)
(700 70 66 4 1)
(704 69 65 4 1)
(708 69 65 4 1)
(712 65 63 2 1)
(714 67 64 2 1)
(716 69 65 2 1)
(718 67 64 4 1)
(722 66 63 2 1)
(724 67 64 4 1)
(764 69 65 4 1)
(768 70 66 6 1)
(774 69 65 1 1)
(775 67 64 1 1)
(776 65 63 2 1)
(778 67 64 2 1)
(780 69 65 8 1)
(788 70 66 6 1)
(794 69 65 1 1)
(795 67 64 1 1)
(796 69 65 4 1)
(800 67 64 4 1)
(806 67 64 4 1)
(810 65 63 1 1)
(811 64 62 1 1)
(812 62 61 4 1)
(816 60 60 8 1)
(828 69 65 4 1)
(832 70 66 4 1)
(836 69 65 4 1)
(840 67 64 2 1)
(842 70 66 4 1)
(846 69 65 1 1)
(847 67 64 1 1)
(848 65 63 2 1)
(850 67 64 4 1)
(854 66 63 2 1)
(856 67 64 4 1)
(862 67 64 2 1)
(864 67 64 2 1)
(866 67 64 2 1)
(868 67 64 2 1)
(870 67 64 2 1)
(872 65 63 2 1)
(874 67 64 2 1)
(876 69 65 2 1)
(878 69 65 2 1)
(880 67 64 3 1)
(883 65 63 1 1)
(884 64 62 2 1)
(886 62 61 2 1)
(888 65 63 4 1)
(892 67 64 4 1)
(896 69 65 4 1)
(902 69 65 2 1)
(904 70 66 2 1)
(906 69 65 3 1)
(909 67 64 1 1)
(910 67 64 4 1)
(914 66 63 2 1)
(916 67 64 8 1)
(924 64 62 2 1)
(926 65 63 2 1)
(928 67 64 26666667/10000000 1)
(9306667/10000 67 64 26666667/10000000 1)
(9333333/10000 67 64 26666667/10000000 1)
(936 65 63 26666667/10000000 1)
(9386667/10000 70 66 4 1)
(9426667/10000 69 65 6666667/5000000 1)
(944 65 63 26666667/10000000 1)
(9466667/10000 67 64 26666667/10000000 1)
(9493333/10000 66 63 26666667/10000000 1)
(952 67 64 16 1)
(1200 69 65 4 1)
(1204 69 65 4 1)
(1208 67 64 4 1)
(1212 65 63 2 1)
(1214 70 66 3 1)
(1217 69 65 1 1)
(1218 67 64 2 1)
(1220 65 63 1 1)
(1221 62 61 1 1)
(1222 67 64 4 1)
(1226 66 63 2 1)
(1228 67 64 8 1)
(1240 64 62 2 1)
(1242 65 63 2 1)
(1244 67 64 6 1)
(1250 67 64 2 1)
(1252 67 64 2 1)
(1254 67 64 2 1)
(1256 65 63 2 1)
(1258 67 64 4 1)
(1262 66 63 2 1)
(1264 67 64 16 1)
(1328 64 62 2 1)
(1330 65 63 2 1)
(1332 67 64 4 1)
(1336 67 64 4 1)
(1340 67 64 4 1)
(1344 65 63 2 1)
(1346 69 65 3 1)
(1349 67 64 1 1)
(1350 65 63 2 1)
(1352 64 62 4 1)
(1356 65 63 2 1)
(1358 62 61 2 1)
(1360 64 62 2 1)
(1362 65 63 2 1)
(1364 67 64 4 1)
(1368 69 65 2 1)
(1370 65 63 2 1)
(1372 67 64 2 1)
(1374 69 65 2 1)
(1376 62 61 2 1)
(1378 67 64 4 1)
(1382 66 63 2 1)
(1384 67 64 16 1)
(1472 67 64 8 1)
(1480 67 64 8 1)
(1488 64 62 8 1)
(1496 65 63 8 1)
(1504 64 62 4 1)
(1508 62 61 6 1)
(1514 61 61 1 1)
(1515 59 59 1 1)
(1516 61 61 4 1)
(1520 62 61 8 1)
(1528 69 65 8 1)
(1536 70 66 8 1)
(1544 69 65 4 1)
(1548 69 65 4 1)
(1554 67 64 2 1)
(1556 64 62 2 1)
(1558 67 64 2 1)
(1560 65 63 2 1)
(1562 69 65 2 1)
(1564 67 64 2 1)
(1566 70 66 2 1)
(1568 69 65 2 1)
(1570 72 67 2 1)
(1572 70 66 2 1)
(1574 74 68 3 1)
(1577 72 67 1 1)
(1578 70 66 1 1)
(1579 69 65 1 1)
(1580 67 64 2 1)
(1582 65 63 1 1)
(1583 64 62 1 1)
(1584 65 63 2 1)
(1586 74 68 3 1)
(1589 72 67 1 1)
(1590 70 66 3 1)
(1593 69 65 1 1)
(1594 67 64 3 1)
(1597 65 63 1 1)
(1598 64 62 1 1)
(1599 62 61 1 1)
(1600 65 63 2 1)
(1602 67 64 2 1)
(1604 69 65 6 1)
(1610 67 64 2 1)
(1612 67 64 8 1)
(1620 66 63 4 1)
(1624 67 64 24 1)
