(16 60 60 6 1)
(22 62 61 2 1)
(24 64 62 4 1)
(28 65 63 4 1)
(32 67 64 6 1)
(38 65 63 1 1)
(39 67 64 1 1)
(40 69 65 8 1)
(52 67 64 6 1)
(58 65 63 1 1)
(59 64 62 1 1)
(60 65 63 2 1)
(62 67 64 1 1)
(63 69 65 1 1)
(64 70 66 8 1)
(72 69 65 4 1)
(76 67 64 2 1)
(78 67 64 4 1)
(82 65 63 1 1)
(83 64 62 1 1)
(84 62 61 2 1)
(86 67 64 3 1)
(89 65 63 1 1)
(90 65 63 4 1)
(94 64 62 2 1)
(96 65 63 8 1)
(108 69 65 4 1)
(112 69 65 4 1)
(116 69 65 4 1)
(120 67 64 4 1)
(124 72 67 4 1)
(128 70 66 2 1)
(130 69 65 2 1)
(132 70 66 1 1)
(133 69 65 1 1)
(134 67 64 1 1)
(135 65 63 1 1)
(136 64 62 2 1)
(138 64 62 4 1)
(142 62 61 1 1)
(143 60 60 1 1)
(144 62 61 2 1)
(146 65 63 3 1)
(149 64 62 1 1)
(150 64 62 2 1)
(152 65 63 1 1)
(153 64 62 1 1)
(154 62 61 1 1)
(155 60 60 1 1)
(156 58 59 4 1)
(160 57 58 8 1)
(172 57 58 4 1)
(176 60 60 6 1)
(182 62 61 1 1)
(183 64 62 1 1)
(184 65 63 6 1)
(190 64 62 2 1)
(192 62 61 4 1)
(196 60 60 4 1)
(200 62 61 8 1)
(208 64 62 6 1)
(214 62 61 1 1)
(215 60 60 1 1)
(216 62 61 4 1)
(220 64 62 2 1)
(222 65 63 2 1)
(224 64 62 1 1)
(225 62 61 1 1)
(226 69 65 4 1)
(230 67 64 3 1)
(233 65 63 1 1)
(234 65 63 4 1)
(238 64 62 2 1)
(240 65 63 3 1)
(243 67 64 1 1)
(244 69 65 1 1)
(245 70 66 1 1)
(246 69 65 4 1)
(250 67 64 2 1)
(252 64 62 2 1)
(254 65 63 3 1)
(257 64 62 1 1)
(258 62 61 1 1)
(259 60 60 1 1)
(260 62 61 4 1)
(264 60 60 4 1)
(268 65 63 4 1)
(272 64 62 4 1)
(278 64 62 2 1)
(280 62 61 2 1)
(282 64 62 4 1)
(286 62 61 2 1)
(288 64 62 8 1)
(296 57 58 8 1)
(304 62 61 6 1)
(310 64 62 2 1)
(312 65 63 6 1)
(318 64 62 1 1)
(319 62 61 1 1)
(320 60 60 4 1)
(324 60 60 1 1)
(325 62 61 1 1)
(326 64 62 1 1)
(327 65 63 1 1)
(328 67 64 4 1)
(332 65 63 2 1)
(334 64 62 4 1)
(338 62 61 4 1)
(342 60 60 2 1)
(344 62 61 4 1)
(348 62 61 4 1)
(352 60 60 3 1)
(355 58 59 1/2 1)
(711/2 57 58 1/2 1)
(356 55 57 2 1)
(358 53 56 4 1)
(362 65 63 4 1)
(366 64 62 2 1)
(368 65 63 4 1)
(372 67 64 2 1)
(374 69 65 4 1)
(378 67 64 4 1)
(382 72 67 4 1)
(386 70 66 2 1)
(388 72 67 2 1)
(390 69 65 4 1)
(394 67 64 1 1)
(395 65 63 1 1)
(396 64 62 4 1)
(400 65 63 4 1)
(404 64 62 2 1)
(406 65 63 2 1)
(408 67 64 1 1)
(409 65 63 1 1)
(410 64 62 1 1)
(411 62 61 1 1)
(412 60 60 2 1)
(414 62 61 4 1)
(418 67 64 2 1)
(420 65 63 2 1)
(422 64 62 1 1)
(423 62 61 1 1)
(424 64 62 4 1)
(428 69 65 2 1)
(430 67 64 2 1)
(432 72 67 3 1)
(435 70 66 1 1)
(436 69 65 1 1)
(437 67 64 1 1)
(438 65 63 2 1)
(440 70 66 3 1)
(443 67 64 1 1)
(444 69 65 2 1)
(446 65 63 4 1)
(450 64 62 2 1)
(452 69 65 3 1)
(455 65 63 1 1)
(456 70 66 1 1)
(457 69 65 1 1)
(458 67 64 1 1)
(459 65 63 1 1)
(460 64 62 2 1)
(462 67 64 4 1)
(466 65 63 4 1)
(470 64 62 2 1)
(472 65 63 8 1)
(480 69 65 16 1)
(496 69 65 6 1)
(502 69 65 2 1)
(504 70 66 2 1)
(506 67 64 4 1)
(510 65 63 1 1)
(511 67 64 1 1)
(512 69 65 2 1)
(514 65 63 4 1)
(518 64 62 1 1)
(519 62 61 1 1)
(520 64 62 4 1)
(528 69 65 8 1)
(536 70 66 8 1)
(544 69 65 4 1)
(548 67 64 3 1)
(551 65 63 1 1)
(552 62 61 1 1)
(553 64 62 1 1)
(554 65 63 1 1)
(555 67 64 1 1)
(556 69 65 4 1)
(562 65 63 4 1)
(566 64 62 2 1)
(568 65 63 16 1)
(588 65 63 4 1)
(592 64 62 2 1)
(594 65 63 2 1)
(596 69 65 2 1)
(598 67 64 2 1)
(600 65 63 1 1)
(601 67 64 1 1)
(602 69 65 1 1)
(603 65 63 1 1)
(604 70 66 1 1)
(605 69 65 1 1)
(606 67 64 1 1)
(607 65 63 1 1)
(608 64 62 8 1)
(618 65 63 4 1)
(622 62 61 2 1)
(624 64 62 2 1)
(626 65 63 4 1)
(630 64 62 1 1)
(631 62 61 1 1)
(632 60 60 16 1)
(650 72 67 2 1)
(652 69 65 2 1)
(654 72 67 3 1)
(657 70 66 1 1)
(658 69 65 4 1)
(662 67 64 1 1)
(663 65 63 1 1)
(664 67 64 4 1)
(668 69 65 4 1)
(674 62 61 6 1)
(680 64 62 8 1)
(688 62 61 4 1)
(692 60 60 1 1)
(693 62 61 1 1)
(694 64 62 1 1)
(695 65 63 1 1)
(696 67 64 1 1)
(697 69 65 1 1)
(698 70 66 3 1)
(701 69 65 1 1)
(702 65 63 4 1)
(706 69 65 4 1)
(710 67 64 2 1)
(712 70 66 1 1)
(713 69 65 1 1)
(714 67 64 1 1)
(715 65 63 1 1)
(716 64 62 3 1)
(719 62 61 1 1)
(720 65 63 4 1)
(726 65 63 4 1)
(730 64 62 4 1)
(734 65 63 4 1)
(738 64 62 4 1)
(742 62 61 2 1)
(744 64 62 4 1)
(748 65 63 4 1)
(752 64 62 2 1)
(754 65 63 4 1)
(758 64 62 2 1)
(760 65 63 8 1)
(772 69 65 4 1)
(776 67 64 2 1)
(778 70 66 4 1)
(782 69 65 1 1)
(783 67 64 1 1)
(784 65 63 8 1)
(794 72 67 4 1)
(798 70 66 1 1)
(799 69 65 1 1)
(800 70 66 1 1)
(801 69 65 1 1)
(802 67 64 1 1)
(803 65 63 1 1)
(804 64 62 2 1)
(806 65 63 4 1)
(810 69 65 2 1)
(812 67 64 4 1)
(816 65 63 4 1)
(824 65 63 4 1)
(828 67 64 2 1)
(830 69 65 4 1)
(834 65 63 2 1)
(836 67 64 4 1)
(840 69 65 4 1)
(846 69 65 4 1)
(850 67 64 2 1)
(852 69 65 4 1)
(856 65 63 4 1)
(862 65 63 4 1)
(866 64 62 2 1)
(868 65 63 16 1)
(886 60 60 3 1)
(889 62 61 1 1)
(890 64 62 2 1)
(892 65 63 4 1)
(896 64 62 4 1)
(900 65 63 2 1)
(902 64 62 2 1)
(904 65 63 2 1)
(906 69 65 2 1)
(908 67 64 2 1)
(910 65 63 2 1)
(912 70 66 2 1)
(914 69 65 4 1)
(918 62 61 3 1)
(921 60 60 1 1)
(922 65 63 4 1)
(926 64 62 2 1)
(928 65 63 8 1)
(1016 60 60 6 1)
(1022 62 61 2 1)
(1024 64 62 4 1)
(1028 65 63 4 1)
(1032 67 64 6 1)
(1038 65 63 1 1)
(1039 67 64 1 1)
(1040 69 65 8 1)
(1052 67 64 6 1)
(1058 65 63 1 1)
(1059 64 62 1 1)
(1060 65 63 2 1)
(1062 67 64 1 1)
(1063 69 65 1 1)
(1064 70 66 8 1)
(1072 69 65 4 1)
(1076 67 64 2 1)
(1078 67 64 4 1)
(1082 65 63 1 1)
(1083 64 62 1 1)
(1084 62 61 2 1)
(1086 67 64 3 1)
(1089 65 63 1 1)
(1090 65 63 4 1)
(1094 64 62 2 1)
(1096 65 63 8 1)
(1126 60 60 1 1)
(1127 62 61 1 1)
(1128 64 62 1 1)
(1129 65 63 1 1)
(1130 67 64 1 1)
(1131 69 65 1 1)
(1132 70 66 1 1)
(1133 69 65 1 1)
(1134 67 64 1 1)
(1135 65 63 1 1)
(1136 67 64 1 1)
(1137 65 63 1 1)
(1138 64 62 1 1)
(1139 62 61 1 1)
(1140 64 62 4 1)
(1144 65 63 8 1)
(1154 65 63 4 1)
(1158 62 61 2 1)
(1160 64 62 2 1)
(1162 69 65 4 1)
(1166 67 64 2 1)
(1168 65 63 2 1)
(1170 70 66 2 1)
(1172 69 65 2 1)
(1174 70 66 3 1)
(1177 69 65 1 1)
(1178 67 64 1 1)
(1179 65 63 1 1)
(1180 64 62 4 1)
(1184 62 61 8 1)
(1192 60 60 8 1)
(1212 65 63 4 1)
(1216 64 62 6 1)
(1222 64 62 2 1)
(1224 65 63 3 1)
(1227 64 62 1 1)
(1228 62 61 1 1)
(1229 60 60 1 1)
(1230 62 61 4 1)
(1234 60 60 2 1)
(1236 58 59 4 1)
(1240 57 58 4 1)
(1248 69 65 4 1)
(1252 69 65 6 1)
(1258 69 65 2 1)
(1260 67 64 4 1)
(1264 72 67 4 1)
(1268 70 66 2 1)
(1270 69 65 2 1)
(1272 70 66 1 1)
(1273 69 65 1 1)
(1274 67 64 1 1)
(1275 65 63 1 1)
(1276 64 62 6 1)
(1282 62 61 1 1)
(1283 60 60 1 1)
(1284 62 61 4 1)
(1288 64 62 2 1)
(1290 60 60 1 1)
(1291 62 61 1 1)
(1292 64 62 1 1)
(1293 65 63 1 1)
(1294 67 64 4 1)
(1298 65 63 4 1)
(1302 64 62 2 1)
(1304 65 63 6 1)
(1310 64 62 2 1)
(1312 62 61 2 1)
(1314 60 60 2 1)
(1316 58 59 4 1)
(1320 57 58 2 1)
(1322 69 65 2 1)
(1324 67 64 2 1)
(1326 72 67 3 1)
(1329 70 66 1 1)
(1330 69 65 1 1)
(1331 67 64 1 1)
(1332 70 66 1 1)
(1333 69 65 1 1)
(1334 67 64 1 1)
(1335 65 63 1 1)
(1336 67 64 1 1)
(1337 65 63 1 1)
(1338 64 62 1 1)
(1339 62 61 1 1)
(1340 60 60 2 1)
(1342 62 61 3 1)
(1345 60 60 1 1)
(1346 62 61 2 1)
(1348 60 60 2 1)
(1350 62 61 4 1)
(1354 64 62 2 1)
(1356 65 63 3 1)
(1359 67 64 1 1)
(1360 64 62 4 1)
(1364 60 60 3 1)
(1367 62 61 1 1)
(1368 64 62 2 1)
(1370 65 63 2 1)
(1372 67 64 2 1)
(1374 69 65 3 1)
(1377 67 64 1 1)
(1378 65 63 4 1)
(1382 64 62 2 1)
(1384 65 63 8 1)
