(8 60 60 3 1)
(11 62 61 1 1)
(12 64 62 2 1)
(14 65 63 4 1)
(18 64 62 1 1)
(19 62 61 1 1)
(20 64 62 6 1)
(26 65 63 2 1)
(28 67 64 2 1)
(30 69 65 3 1)
(33 65 63 1 1)
(34 65 63 4 1)
(38 64 62 2 1)
(40 65 63 2 1)
(42 69 65 2 1)
(44 67 64 2 1)
(46 70 66 2 1)
(48 69 65 2 1)
(50 67 64 1 1)
(51 65 63 1 1)
(52 64 62 3 1)
(55 62 61 1 1)
(56 65 63 2 1)
(58 64 62 1 1)
(59 62 61 1 1)
(60 60 60 2 1)
(62 62 61 4 1)
(66 60 60 1 1)
(67 58 59 1 1)
(68 57 58 4 1)
(76 69 65 4 1)
(80 70 66 4 1)
(84 72 67 2 1)
(86 69 65 4 1)
(90 67 64 2 1)
(92 69 65 4 1)
(96 70 66 4 1)
(100 69 65 2 1)
(102 65 63 2 1)
(104 67 64 4 1)
(108 69 65 6 1)
(114 65 63 2 1)
(116 67 64 4 1)
(120 65 63 2 1)
(122 69 65 2 1)
(124 70 66 2 1)
(126 72 67 4 1)
(130 70 66 2 1)
(132 69 65 2 1)
(134 67 64 1 1)
(135 65 63 1 1)
(136 64 62 8 1)
(148 64 62 4 1)
(152 65 63 4 1)
(156 67 64 2 1)
(158 64 62 4 1)
(162 60 60 2 1)
(164 62 61 4 1)
(168 64 62 3 1)
(171 62 61 1 1)
(172 60 60 2 1)
(174 57 58 2 1)
(176 59 59 4 1)
(180 60 60 2 1)
(182 67 64 4 1)
(186 65 63 1 1)
(187 64 62 1 1)
(188 62 61 4 1)
(192 60 60 2 1)
(194 64 62 3 1)
(197 65 63 1 1)
(198 67 64 2 1)
(200 65 63 2 1)
(202 69 65 3 1)
(205 70 66 1 1)
(206 72 67 2 1)
(208 70 66 3 1)
(211 69 65 1 1)
(212 70 66 2 1)
(214 69 65 4 1)
(218 67 64 4 1)
(222 66 63 2 1)
(224 67 64 2 1)
(226 64 62 2 1)
(228 62 61 4 1)
(238 74 68 4 1)
(242 72 67 2 1)
(244 74 68 2 1)
(246 70 66 4 1)
(250 69 65 2 1)
(252 70 66 2 1)
(254 69 65 1 1)
(255 67 64 1 1)
(256 65 63 2 1)
(258 67 64 3 1)
(261 65 63 1 1)
(262 62 61 2 1)
(264 64 62 1 1)
(265 62 61 1 1)
(266 60 60 1 1)
(267 58 59 1 1)
(268 57 58 3 1)
(271 55 57 1 1)
(272 57 58 2 1)
(274 58 59 2 1)
(276 60 60 2 1)
(278 62 61 3 1)
(281 64 62 1 1)
(282 65 63 2 1)
(284 67 64 2 1)
(286 69 65 3 1)
(289 67 64 1 1)
(290 65 63 3 1)
(293 64 62 1 1)
(294 64 62 1 1)
(295 62 61 1 1)
(296 65 63 8 1)
