(0 62 61 16 1)
(16 69 65 8 1)
(24 71 66 4 1)
(28 72 67 12 1)
(40 74 68 4 1)
(46 74 68 2 1)
(48 74 68 3 1)
(51 72 67 1 1)
(52 71 66 2 1)
(54 69 65 2 1)
(56 67 64 2 1)
(58 69 65 2 1)
(60 72 67 2 1)
(62 71 66 3 1)
(65 69 65 1 1)
(66 69 65 4 1)
(70 68 64 2 1)
(72 69 65 20 1)
(229 67 64 1 1)
(230 65 63 1 1)
(231 64 62 3/2 1)
(465/2 65 63 1/2 1)
(233 67 64 1/2 1)
(467/2 69 65 1/2 1)
(234 65 63 1 1)
(235 64 62 2 1)
(237 69 65 2 1)
(239 68 64 1 1)
(240 69 65 3/2 1)
(483/2 71 66 1/2 1)
(242 72 67 1 1)
(243 74 68 1 1)
(244 71 66 2 1)
(246 69 65 3 1)
(249 67 64 1/2 1)
(499/2 65 63 1/2 1)
(250 67 64 2 1)
(252 69 65 2 1)
(254 64 62 3/2 1)
(511/2 65 63 1/2 1)
(256 67 64 1 1)
(257 65 63 1 1)
(258 64 62 2 1)
(260 62 61 2 1)
(264 60 60 2 1)
(266 65 63 3 1)
(269 65 63 1 1)
(270 64 62 2 1)
(272 62 61 3/2 1)
(547/2 60 60 1/2 1)
(274 59 59 1/2 1)
(549/2 57 58 1/2 1)
(275 62 61 2 1)
(277 61 60 1 1)
(278 62 61 2 1)
(282 69 65 2 1)
(284 71 66 2 1)
(286 72 67 2 1)
(288 69 65 2 1)
(290 74 68 3 1)
(293 72 67 1/2 1)
(587/2 71 66 1/2 1)
(294 72 67 2 1)
(296 74 68 2 1)
(298 72 67 1 1)
(299 69 65 2 1)
(301 72 67 1 1)
(302 71 66 1 1)
(303 69 65 2 1)
(305 67 64 1 1)
(306 65 63 2 1)
(308 64 62 8 1)
(316 64 62 3 1)
(319 62 61 1/2 1)
(639/2 64 62 1/2 1)
(320 65 63 1 1)
(321 64 62 1 1)
(322 62 61 1 1)
(323 64 62 1 1)
(324 65 63 1 1)
(325 64 62 2 1)
(327 62 61 1 1)
(328 64 62 2 1)
(331 67 64 2 1)
(333 64 62 1 1)
(334 62 61 2 1)
(336 60 60 1 1)
(337 65 63 2 1)
(339 64 62 1 1)
(340 65 63 8 1)
(348 65 63 2 1)
(350 67 64 2 1)
(352 65 63 2 1)
(354 64 62 3 1)
(357 62 61 1 1)
(358 62 61 4 1)
(362 61 60 2 1)
(364 62 61 4 1)
(370 67 64 2 1)
(372 69 65 2 1)
(374 71 66 2 1)
(376 72 67 3 1)
(379 71 66 1 1)
(380 69 65 2 1)
(382 67 64 2 1)
(384 65 63 2 1)
(386 62 61 2 1)
(388 64 62 3 1)
(391 65 63 1 1)
(392 67 64 2 1)
(394 69 65 3 1)
(397 67 64 1/2 1)
(795/2 65 63 1/2 1)
(398 67 64 2 1)
(400 69 65 4 1)
(404 69 65 3 1)
(407 67 64 1/2 1)
(815/2 65 63 1/2 1)
(408 64 62 4 1)
(412 62 61 4 1)
(416 69 65 4 1)
(420 67 64 4 1)
(424 65 63 3 1)
(427 67 64 1 1)
(428 69 65 2 1)
(430 70 66 2 1)
(432 69 65 4 1)
(436 67 64 3 1)
(439 69 65 1/2 1)
(879/2 71 66 1/2 1)
(440 72 67 4 1)
(444 74 68 2 1)
(446 72 67 2 1)
(448 71 66 2 1)
(450 69 65 3 1)
(453 67 64 1 1)
(454 67 64 4 1)
(458 66 63 2 1)
(460 67 64 3 1)
(463 69 65 1 1)
(464 71 66 2 1)
(466 72 67 4 1)
(470 71 66 2 1)
(472 72 67 4 1)
(478 67 64 2 1)
(480 69 65 3 1)
(483 67 64 1/2 1)
(967/2 65 63 1/2 1)
(484 64 62 2 1)
(486 62 61 3 1)
(489 60 60 1 1)
(490 60 60 4 1)
(494 59 59 2 1)
(496 60 60 4 1)
(500 62 61 8 1)
(514 64 62 2 1)
(516 64 62 2 1)
(518 67 64 2 1)
(520 65 63 6 1)
(526 64 62 1 1)
(527 62 61 1 1)
(528 60 60 2 1)
(530 65 63 4 1)
(534 62 61 4 1)
(538 67 64 3 1)
(541 65 63 1 1)
(542 64 62 1 1)
(543 62 61 1 1)
(544 60 60 2 1)
(546 72 67 2 1)
(548 71 66 2 1)
(550 69 65 4 1)
(554 67 64 2 1)
(556 65 63 2 1)
(558 64 62 3 1)
(561 62 61 1 1)
(562 62 61 4 1)
(566 61 60 2 1)
(568 62 61 8 1)
(588 69 65 6 1)
(594 69 65 2 1)
(596 69 65 4 1)
(600 72 67 4 1)
(604 72 67 3 1)
(607 71 66 1/2 1)
(1215/2 69 65 1/2 1)
(608 67 64 2 1)
(610 69 65 2 1)
(612 67 64 2 1)
(614 72 67 4 1)
(618 71 66 3 1)
(621 69 65 1 1)
(622 69 65 4 1)
(626 67 64 2 1)
(628 65 63 2 1)
(630 64 62 3 1)
(633 62 61 1/2 1)
(1267/2 60 60 1/2 1)
(634 62 61 2 1)
(637 60 60 1 1)
(638 62 61 1 1)
(639 65 63 2 1)
(641 64 62 1 1)
(642 62 61 2 1)
(644 60 60 2 1)
(646 59 59 2 1)
(648 57 58 2 1)
(650 69 65 3/2 1)
(1303/2 67 64 1/4 1)
(2607/4 69 65 1/4 1)
(652 67 64 1 1)
(653 65 63 1 1)
(654 64 62 2 1)
(656 62 61 4 1)
(662 69 65 2 1)
(664 71 66 2 1)
(666 72 67 4 1)
(670 69 65 2 1)
(672 71 66 2 1)
(674 72 67 2 1)
(676 74 68 3 1)
(679 72 67 1 1)
(680 71 66 2 1)
(682 69 65 4 1)
(686 65 63 2 1)
(688 67 64 3 1)
(691 65 63 1/2 1)
(1383/2 67 64 1/2 1)
(692 69 65 2 1)
(694 67 64 1 1)
(695 64 62 2 1)
(697 65 63 2 1)
(699 62 61 1 1)
(700 64 62 1 1)
(701 67 64 2 1)
(703 65 63 1 1)
(704 64 62 1 1)
(705 62 61 1/2 1)
(1411/2 60 60 1/2 1)
(706 62 61 2 1)
(708 60 60 2 1)
(710 67 64 3 1)
(713 65 63 1 1)
(714 65 63 3 1)
(717 64 62 1/2 1)
(1435/2 62 61 1/2 1)
(718 64 62 2 1)
(720 65 63 26666667/10000000 1)
(7226667/10000 64 62 26666667/10000000 1)
(7253333/10000 62 61 6666667/5000000 1)
(7266667/10000 59 59 6666667/5000000 1)
(728 60 60 2 1)
(730 62 61 6666667/10000000 1)
(7306667/10000 64 62 6666667/5000000 1)
(732 62 61 2 1)
(734 67 64 6666667/5000000 1)
(7353333/10000 65 63 16666667/50000000 1)
(7356667/10000 67 64 16666667/50000000 1)
(736 69 65 26666667/10000000 1)
(7386667/10000 67 64 6666667/5000000 1)
(740 69 65 6666667/5000000 1)
(7413333/10000 71 66 2 1)
(7433333/10000 69 65 16666667/50000000 1)
(7436667/10000 71 66 16666667/50000000 1)
(744 72 67 2 1)
(746 71 66 2 1)
(748 69 65 2 1)
(750 67 64 6666667/5000000 1)
(7513333/10000 64 62 6666667/10000000 1)
(752 65 63 6666667/10000000 1)
(7526667/10000 64 62 6666667/5000000 1)
(754 69 65 6666667/10000000 1)
(7546667/10000 67 64 1 1)
(7556667/10000 65 63 16666667/100000000 1)
(7558333/10000 67 64 16666667/100000000 1)
(756 69 65 2 1)
(760 64 62 2 1)
(762 65 63 2 1)
(764 64 62 1 1)
(765 60 60 1 1)
(766 62 61 2 1)
(768 60 60 1 1)
(769 65 63 2 1)
(771 64 62 1 1)
(772 65 63 4 1)
(778 67 64 2 1)
(780 69 65 2 1)
(782 71 66 2 1)
(784 72 67 8 1)
(792 71 66 4 1)
(796 69 65 3 1)
(799 67 64 1/2 1)
(1599/2 65 63 1/2 1)
(800 64 62 2 1)
(802 69 65 4 1)
(806 67 64 3 1)
(809 66 63 1/2 1)
(1619/2 64 62 1/2 1)
(810 66 63 2 1)
(812 67 64 4 1)
(818 72 67 2 1)
(820 71 66 2 1)
(822 74 68 3 1)
(825 72 67 1 1)
(826 71 66 2 1)
(828 69 65 2 1)
(830 67 64 1 1)
(831 69 65 2 1)
(833 67 64 1 1)
(834 65 63 1 1)
(835 67 64 2 1)
(837 65 63 1 1)
(838 64 62 2 1)
(840 62 61 2 1)
(842 65 63 2 1)
(844 64 62 2 1)
(846 62 61 1 1)
(847 64 62 2 1)
(849 60 60 1 1)
(850 59 59 2 1)
(852 57 58 4 1)
(856 59 59 6666667/5000000 1)
(8573333/10000 60 60 6666667/5000000 1)
(8586667/10000 59 59 6666667/10000000 1)
(8593333/10000 60 60 6666667/10000000 1)
(860 62 61 2 1)
(862 64 62 6666667/10000000 1)
(8626667/10000 65 63 6666667/5000000 1)
(864 67 64 2 1)
(866 65 63 6666667/10000000 1)
(8666667/10000 64 62 6666667/10000000 1)
(8673333/10000 62 61 6666667/10000000 1)
(868 60 60 2 1)
(870 62 61 6666667/10000000 1)
(8706667/10000 64 62 6666667/5000000 1)
(872 65 63 26666667/10000000 1)
(8746667/10000 64 62 6666667/5000000 1)
(876 65 63 6666667/5000000 1)
(8773333/10000 64 62 2 1)
(8793333/10000 62 61 6666667/10000000 1)
(880 62 61 26666667/10000000 1)
(8826667/10000 61 60 6666667/5000000 1)
(884 62 61 8 1)
(1208 67 64 8 1)
(1216 67 64 4 1)
(1220 67 64 8 1)
(1228 67 64 6 1)
(1234 65 63 1 1)
(1235 64 62 1 1)
(1236 62 61 4 1)
(1240 67 64 4 1)
(1244 65 63 6 1)
(1250 67 64 2 1)
(1252 69 65 4 1)
(1256 71 66 4 1)
(1260 72 67 3 1)
(1263 71 66 1 1)
(1264 69 65 1 1)
(1265 67 64 1 1)
(1266 69 65 4 1)
(1270 68 64 1 1)
(1271 66 63 1 1)
(1272 68 64 4 1)
(1276 69 65 4 1)
(1280 65 63 2 1)
(1282 67 64 2 1)
(1284 65 63 3 1)
(1287 64 62 1/2 1)
(2575/2 62 61 1/2 1)
(1288 64 62 4 1)
(1296 69 65 4 1)
(1300 67 64 4 1)
(1304 64 62 4 1)
(1308 65 63 6 1)
(1314 64 62 1 1)
(1315 62 61 1 1)
(1316 60 60 6 1)
(1322 62 61 2 1)
(1324 64 62 4 1)
(1328 65 63 4 1)
(1332 64 62 4 1)
(1336 69 65 4 1)
(1340 67 64 2 1)
(1342 65 63 4 1)
(1346 64 62 1 1)
(1347 62 61 1 1)
(1348 60 60 16 1)
(1364 65 63 8 1)
(1372 65 63 4 1)
(1376 65 63 12 1)
(1388 65 63 4 1)
(1392 65 63 4 1)
(1396 65 63 6 1)
(1402 64 62 1 1)
(1403 62 61 1 1)
(1404 64 62 8 1)
(1412 62 61 16 1)
(1428 60 60 8 1)
(1440 72 67 8 1)
(1448 72 67 4 1)
(1452 72 67 4 1)
(1456 72 67 4 1)
(1460 69 65 6 1)
(1466 67 64 1 1)
(1467 65 63 1 1)
(1468 64 62 2 1)
(1470 60 60 2 1)
(1472 72 67 6 1)
(1478 71 66 2 1)
(1480 69 65 6 1)
(1486 67 64 2 1)
(1488 65 63 6 1)
(1494 64 62 1 1)
(1495 62 61 1 1)
(1496 64 62 4 1)
(1500 65 63 6 1)
(1506 64 62 2 1)
(1508 62 61 2 1)
(1510 60 60 2 1)
(1512 62 61 3 1)
(1515 64 62 1 1)
(1516 65 63 1 1)
(1517 67 64 1 1)
(1518 65 63 4 1)
(1522 64 62 1 1)
(1523 62 61 1 1)
(1524 60 60 2 1)
(1526 62 61 4 1)
(1530 61 60 2 1)
(1532 62 61 8 1)
(1548 69 65 4 1)
(1552 67 64 2 1)
(1554 67 64 4 1)
(1558 65 63 1 1)
(1559 64 62 1 1)
(1560 65 63 4 1)
(1564 67 64 4 1)
(1568 64 62 6 1)
(1574 62 61 1 1)
(1575 60 60 1 1)
(1576 62 61 4 1)
(1580 64 62 4 1)
(1584 67 64 6 1)
(1590 65 63 1 1)
(1591 64 62 1 1)
(1592 67 64 3 1)
(1595 69 65 1 1)
(1596 71 66 1 1)
(1597 72 67 1 1)
(1598 69 65 4 1)
(1602 68 64 2 1)
(1604 69 65 4 1)
(1608 72 67 8 1)
(1616 69 65 4 1)
(1620 67 64 4 1)
(1624 67 64 3 1)
(1627 65 63 1 1)
(1628 67 64 2 1)
(1630 69 65 4 1)
(1634 68 64 2 1)
(1636 69 65 4 1)
(1640 71 66 4 1)
(1644 72 67 12 1)
(1656 71 66 4 1)
(1660 69 65 8 1)
(1668 67 64 4 1)
(1672 64 62 4 1)
(1676 65 63 4 1)
(1680 69 65 4 1)
(1684 71 66 4 1)
(1688 72 67 4 1)
(1692 74 68 4 1)
(1696 71 66 2 1)
(1698 72 67 2 1)
(1700 69 65 4 1)
(1704 67 64 4 1)
(1732 67 64 4 1)
(1736 67 64 3 1)
(1739 65 63 1 1)
(1740 64 62 1 1)
(1741 62 61 1 1)
(1742 60 60 2 1)
(1744 62 61 6 1)
(1750 60 60 1 1)
(1751 59 59 1 1)
(1752 60 60 4 1)
(1756 62 61 8 1)
(1816 62 61 4 1)
(1820 67 64 6 1)
(1826 65 63 1 1)
(1827 64 62 1 1)
(1828 64 62 4 1)
(1834 65 63 2 1)
(1836 67 64 3 1)
(1839 65 63 1 1)
(1840 64 62 2 1)
(1842 62 61 2 1)
(1844 60 60 2 1)
(1846 65 63 2 1)
(1848 64 62 2 1)
(1850 60 60 4 1)
(1854 59 59 2 1)
(1856 60 60 4 1)
(1866 72 67 2 1)
(1868 71 66 2 1)
(1870 69 65 4 1)
(1874 67 64 1 1)
(1875 65 63 1 1)
(1876 64 62 4 1)
(1880 62 61 2 1)
(1882 65 63 4 1)
(1886 64 62 1 1)
(1887 62 61 1 1)
(1888 60 60 2 1)
(1890 62 61 2 1)
(1892 65 63 3 1)
(1895 67 64 1 1)
(1896 64 62 4 1)
(1900 62 61 4 1)
(1910 67 64 4 1)
(1914 65 63 2 1)
(1916 67 64 4 1)
(1920 60 60 3 1)
(1923 59 59 1 1)
(1924 62 61 4 1)
(1928 60 60 4 1)
(1934 65 63 4 1)
(1938 64 62 2 1)
(1940 65 63 4 1)
(1944 67 64 4 1)
(1948 69 65 4 1)
(2020 62 61 4 1)
(2024 62 61 4 1)
(2028 65 63 4 1)
(2032 65 63 4 1)
(2036 67 64 4 1)
(2040 69 65 4 1)
(2044 71 66 4 1)
(2048 69 65 2 1)
(2050 74 68 4 1)
(2054 72 67 2 1)
(2056 71 66 2 1)
(2058 72 67 3 1)
(2061 71 66 1 1)
(2062 69 65 4 1)
(2066 67 64 2 1)
(2068 65 63 2 1)
(2070 64 62 4 1)
(2074 60 60 2 1)
(2076 62 61 2 1)
(2078 65 63 2 1)
(2080 64 62 2 1)
(2082 65 63 2 1)
(2084 67 64 2 1)
(2086 64 62 2 1)
(2088 62 61 1 1)
(2089 60 60 1 1)
(2090 62 61 2 1)
(2092 64 62 4 1)
(2100 67 64 8 1)
(2108 69 65 8 1)
(2116 65 63 8 1)
(2124 64 62 8 1)
(2132 67 64 8 1)
(2140 67 64 4 1)
(2144 67 64 4 1)
(2148 67 64 4 1)
(2152 67 64 4 1)
(2156 67 64 6 1)
(2162 69 65 2 1)
(2164 71 66 4 1)
(2168 69 65 4 1)
(2172 74 68 6 1)
(2178 72 67 2 1)
(2180 69 65 6 1)
(2186 71 66 2 1)
(2188 72 67 4 1)
(2192 71 66 4 1)
(2196 69 65 6 1)
(2202 67 64 2 1)
(2204 67 64 6 1)
(2210 66 63 1 1)
(2211 64 62 1 1)
(2212 66 63 4 1)
(2216 67 64 12 1)
(2228 64 62 4 1)
(2232 65 63 4 1)
(2236 62 61 4 1)
(2240 64 62 12 1)
(2260 64 62 4 1)
(2264 67 64 6 1)
(2270 65 63 2 1)
(2272 64 62 2 1)
(2274 62 61 2 1)
(2276 60 60 8 1)
(2284 64 62 8 1)
(2292 67 64 8 1)
(2300 64 62 6 1)
(2306 65 63 2 1)
(2308 67 64 4 1)
(2312 69 65 6 1)
(2318 67 64 2 1)
(2320 65 63 6 1)
(2326 64 62 2 1)
(2328 64 62 6 1)
(2334 62 61 2 1)
(2336 62 61 6 1)
(2342 61 60 4 1)
(2346 59 59 1 1)
(2347 61 60 1 1)
(2348 62 61 12 1)
