(12 62 61 4 1)
(16 62 61 4 1)
(20 60 60 4 1)
(24 65 63 8 1)
(32 65 63 4 1)
(36 67 64 3 1)
(39 69 65 1 1)
(40 70 66 2 1)
(42 69 65 3 1)
(45 67 64 1 1)
(46 65 63 1 1)
(47 64 62 1 1)
(48 62 61 3 1)
(51 64 62 1 1)
(52 62 61 2 1)
(54 67 64 4 1)
(58 66 63 2 1)
(60 67 64 4 1)
(68 70 66 4 1)
(72 69 65 3 1)
(75 70 66 1 1)
(76 72 67 2 1)
(78 74 68 4 1)
(82 72 67 2 1)
(84 70 66 2 1)
(86 69 65 1 1)
(87 67 64 1 1)
(88 65 63 2 1)
(90 70 66 4 1)
(94 69 65 2 1)
(96 67 64 2 1)
(98 72 67 3 1)
(101 70 66 1 1)
(102 70 66 4 1)
(106 69 65 2 1)
(108 70 66 4 1)
(116 65 63 4 1)
(120 67 64 4 1)
(124 67 64 2 1)
(126 69 65 4 1)
(130 69 65 2 1)
(132 70 66 2 1)
(134 70 66 2 1)
(136 69 65 6 1)
(142 67 64 1 1)
(143 65 63 1 1)
(144 64 62 2 1)
(146 67 64 3 1)
(149 65 63 1 1)
(150 65 63 4 1)
(154 64 62 2 1)
(156 65 63 4 1)
(164 65 63 4 1)
(168 67 64 4 1)
(172 69 65 4 1)
(176 67 64 2 1)
(178 65 63 1 1)
(179 64 62 1 1)
(180 62 61 2 1)
(182 69 65 3 1)
(185 67 64 1 1)
(186 67 64 4 1)
(190 66 63 2 1)
(192 67 64 4 1)
(198 67 64 2 1)
(200 67 64 4 1)
(204 67 64 4 1)
(208 65 63 2 1)
(210 64 62 1 1)
(211 62 61 1 1)
(212 60 60 2 1)
(214 65 63 4 1)
(218 64 62 3 1)
(221 62 61 1 1)
(222 62 61 4 1)
(226 61 61 2 1)
(228 62 61 4 1)
(236 69 65 4 1)
(240 70 66 4 1)
(244 72 67 4 1)
(248 70 66 2 1)
(250 69 65 1 1)
(251 67 64 1 1)
(252 65 63 2 1)
(254 70 66 4 1)
(258 69 65 2 1)
(260 70 66 2 1)
(262 69 65 3 1)
(265 67 64 1 1)
(266 65 63 1 1)
(267 64 62 1 1)
(268 62 61 4 1)
(274 62 61 2 1)
(276 65 63 3 1)
(279 67 64 1 1)
(280 69 65 2 1)
(282 70 66 3 1)
(285 69 65 1 1)
(286 67 64 1 1)
(287 65 63 1 1)
(288 67 64 2 1)
(290 69 65 3 1)
(293 67 64 1 1)
(294 67 64 4 1)
(298 66 63 2 1)
(300 67 64 12 1)
