(32 67 64 8 1)
(40 65 63 4 1)
(44 65 63 4 1)
(48 67 64 4 1)
(52 72 67 4 1)
(56 72 67 4 1)
(60 71 66 4 1)
(64 72 67 4 1)
(68 72 67 2 1)
(70 69 65 4 1)
(74 67 64 1 1)
(75 65 63 1 1)
(76 65 63 2 1)
(78 64 62 1 1)
(79 62 61 1 1)
(80 64 62 6 1)
(86 65 63 2 1)
(88 67 64 2 1)
(90 69 65 2 1)
(92 71 66 6 1)
(98 69 65 2 1)
(100 69 65 6 1)
(106 68 64 1 1)
(107 66 63 1 1)
(108 68 64 4 1)
(112 69 65 8 1)
(152 64 62 8 1)
(160 67 64 4 1)
(164 67 64 4 1)
(168 69 65 4 1)
(172 69 65 4 1)
(176 71 66 3 1)
(179 72 67 1 1)
(180 71 66 2 1)
(182 69 65 4 1)
(186 67 64 4 1)
(190 66 63 2 1)
(192 67 64 8 1)
(256 72 67 6 1)
(262 71 66 2 1)
(264 69 65 4 1)
(268 67 64 4 1)
(272 72 67 4 1)
(276 72 67 2 1)
(278 71 66 4 1)
(282 69 65 2 1)
(284 69 65 8 1)
(292 68 64 4 1)
(296 69 65 8 1)
(340 64 62 4 1)
(344 67 64 4 1)
(348 67 64 4 1)
(352 67 64 6 1)
(358 69 65 2 1)
(360 71 66 4 1)
(364 74 68 8 1)
(372 72 67 8 1)
(380 71 66 4 1)
(384 72 67 8 1)
(408 72 67 4 1)
(412 72 67 1 1)
(413 71 66 1 1)
(414 69 65 1 1)
(415 67 64 1 1)
(416 69 65 4 1)
(420 67 64 4 1)
(424 65 63 4 1)
(428 64 62 6 1)
(434 62 61 2 1)
(436 62 61 8 1)
(444 61 60 4 1)
(448 62 61 8 1)
(468 62 61 4 1)
(472 67 64 4 1)
(476 67 64 4 1)
(480 67 64 4 1)
(484 69 65 4 1)
(488 71 66 4 1)
(492 74 68 4 1)
(496 72 67 6 1)
(502 71 66 1 1)
(503 69 65 1 1)
(504 71 66 4 1)
(508 71 66 2 1)
(510 69 65 4 1)
(514 67 64 2 1)
(516 67 64 6 1)
(522 66 63 1 1)
(523 64 62 1 1)
(524 66 63 4 1)
(528 67 64 2 1)
(530 62 61 2 1)
(532 67 64 2 1)
(534 67 64 2 1)
(536 67 64 2 1)
(538 69 65 2 1)
(540 71 66 2 1)
(542 74 68 2 1)
(544 72 67 1 1)
(545 71 66 1 1)
(546 69 65 1 1)
(547 67 64 1 1)
(548 71 66 2 1)
(550 69 65 4 1)
(554 67 64 4 1)
(558 66 63 2 1)
(560 67 64 8 1)
