(12 69 65 4 1)
(16 69 65 4 1)
(20 67 64 4 1)
(24 69 65 2 1)
(26 69 65 2 1)
(28 69 65 4 1)
(32 71 66 4 1)
(36 72 67 4 1)
(40 69 65 4 1)
(44 67 64 4 1)
(50 64 62 2 1)
(52 67 64 4 1)
(56 64 62 4 1)
(62 67 64 2 1)
(64 64 62 2 1)
(66 67 64 2 1)
(70 69 65 4 1)
(74 72 67 4 1)
(78 65 63 4 1)
(82 64 62 1 1)
(83 62 61 1 1)
(84 64 62 4 1)
(88 62 61 4 1)
(94 62 61 2 1)
(96 62 61 2 1)
(98 62 61 2 1)
(100 69 65 8 1)
(108 67 64 4 1)
(112 65 63 4 1)
(118 67 64 2 1)
(120 67 64 2 1)
(122 65 63 2 1)
(124 67 64 4 1)
(128 64 62 4 1)
(132 62 61 4 1)
(138 65 63 3 1)
(141 64 62 1 1)
(142 62 61 2 1)
(144 60 60 2 1)
(146 65 63 4 1)
(150 64 62 4 1)
(154 62 61 2 1)
(156 64 62 4 1)
(168 69 65 4 1)
(172 69 65 2 1)
(174 69 65 2 1)
(176 69 65 4 1)
(182 69 65 2 1)
(184 65 63 2 1)
(186 67 64 2 1)
(188 69 65 2 1)
(190 69 65 2 1)
(192 69 65 2 1)
(194 69 65 2 1)
(196 70 66 2 1)
(198 70 66 2 1)
(200 69 65 8 1)
(230 69 65 2 1)
(232 70 66 2 1)
(234 70 66 2 1)
(236 69 65 4 1)
(242 74 68 2 1)
(244 74 68 2 1)
(246 72 67 2 1)
(248 74 68 3 1)
(251 72 67 1/2 1)
(503/2 71 66 1/2 1)
(252 69 65 1 1)
(253 67 64 1 1)
(254 69 65 2 1)
(256 64 62 2 1)
(258 69 65 4 1)
(262 67 64 2 1)
(264 69 65 8 1)
(272 67 64 8 1)
(280 65 63 8 1)
(288 67 64 4 1)
(296 67 64 6 1)
(302 71 66 3 1)
(305 72 67 1 1)
(306 74 68 4 1)
(310 71 66 2 1)
(312 69 65 2 1)
(314 72 67 3 1)
(317 71 66 1 1)
(318 69 65 2 1)
(320 67 64 2 1)
(322 71 66 3 1)
(325 72 67 1 1)
(326 74 68 2 1)
(328 72 67 2 1)
(330 69 65 3 1)
(333 67 64 1 1)
(334 65 63 2 1)
(336 64 62 4 1)
(342 69 65 4 1)
(346 68 64 2 1)
(348 69 65 6 1)
(354 72 67 3 1)
(357 71 66 1 1)
(358 67 64 2 1)
(360 69 65 4 1)
(366 71 66 4 1)
(370 74 68 2 1)
(372 72 67 2 1)
(374 69 65 3 1)
(377 71 66 1 1)
(378 72 67 1 1)
(379 74 68 1 1)
(380 71 66 4 1)
(384 67 64 2 1)
(386 71 66 3 1)
(389 72 67 1 1)
(390 74 68 4 1)
(394 71 66 2 1)
(396 72 67 2 1)
(398 69 65 4 1)
(402 72 67 3 1)
(405 71 66 1 1)
(406 69 65 1 1)
(407 67 64 1 1)
(408 65 63 4 1)
(412 67 64 4 1)
(418 67 64 2 1)
(420 65 63 2 1)
(422 69 65 3 1)
(425 67 64 1 1)
(426 65 63 1 1)
(427 64 62 1 1)
(428 62 61 2 1)
(430 67 64 2 1)
(432 65 63 2 1)
(434 69 65 3 1)
(437 67 64 1 1)
(438 67 64 4 1)
(442 66 63 2 1)
(444 67 64 3 1)
(447 65 63 1 1)
(448 64 62 1 1)
(449 62 61 1 1)
(450 67 64 4 1)
(454 65 63 2 1)
(456 64 62 2 1)
(458 65 63 3 1)
(461 64 62 1 1)
(462 62 61 4 1)
(466 61 60 2 1)
(468 62 61 4 1)
(474 62 61 2 1)
(476 64 62 6 1)
(482 65 63 4 1)
(486 62 61 4 1)
(490 69 65 2 1)
(492 71 66 2 1)
(494 67 64 4 1)
(498 65 63 2 1)
(500 67 64 8 1)
(544 62 61 4 1)
(548 60 60 2 1)
(550 60 60 2 1)
(552 62 61 3 1)
(555 60 60 1/2 1)
(1111/2 59 59 1/2 1)
(556 60 60 2 1)
(558 62 61 4 1)
(562 61 60 2 1)
(564 62 61 12 1)
(644 67 64 4 1)
(648 67 64 4 1)
(652 67 64 4 1)
(656 67 64 6 1)
(662 67 64 2 1)
(664 67 64 4 1)
(668 69 65 4 1)
(672 69 65 4 1)
(676 67 64 4 1)
(682 67 64 2 1)
(684 67 64 4 1)
(688 67 64 4 1)
(692 65 63 2 1)
(694 69 65 4 1)
(698 67 64 1 1)
(699 65 63 1 1)
(700 67 64 2 1)
(702 69 65 4 1)
(706 68 64 2 1)
(708 69 65 4 1)
(738 62 61 2 1)
(740 62 61 4 1)
(744 62 61 4 1)
(748 60 60 4 1)
(752 62 61 2 1)
(754 62 61 4 1)
(758 61 60 1 1)
(759 59 59 1 1)
(760 61 60 4 1)
(764 62 61 4 1)
(770 62 61 2 1)
(772 67 64 4 1)
(776 65 63 4 1)
(780 64 62 2 1)
(782 62 61 4 1)
(786 61 60 2 1)
(788 62 61 4 1)
(794 62 61 2 1)
(796 65 63 4 1)
(800 65 63 4 1)
(804 64 62 8 1)
(812 62 61 4 1)
(816 64 62 4 1)
(822 64 62 2 1)
(824 64 62 2 1)
(826 64 62 2 1)
(828 64 62 4 1)
(834 62 61 2 1)
(836 64 62 2 1)
(838 65 63 3 1)
(841 64 62 1 1)
(842 62 61 4 1)
(846 61 60 2 1)
(848 62 61 8 1)
(860 62 61 4 1)
(864 60 60 4 1)
(868 62 61 2 1)
(870 62 61 4 1)
(874 61 60 2 1)
(876 62 61 2 1)
(878 65 63 3 1)
(881 67 64 1 1)
(882 69 65 2 1)
(884 65 63 4 1)
(890 65 63 3 1)
(893 62 61 1 1)
(894 64 62 2 1)
(896 65 63 2 1)
(898 69 65 3 1)
(901 71 66 1 1)
(902 72 67 2 1)
(905 72 67 3/2 1)
(1813/2 71 66 1/2 1)
(907 69 65 1 1)
(908 62 61 1 1)
(909 67 64 2 1)
(911 65 63 1 1)
(912 67 64 2 1)
(914 64 62 2 1)
(916 60 60 2 1)
(918 62 61 2 1)
(920 60 60 2 1)
(922 72 67 4 1)
(926 72 67 4 1)
(930 69 65 2 1)
(932 69 65 3 1)
(935 71 66 1 1)
(936 72 67 1 1)
(937 72 67 3/2 1)
(1877/2 71 66 1/2 1)
(939 69 65 1/2 1)
(1879/2 67 64 1/2 1)
(940 65 63 1 1)
(941 69 65 3/2 1)
(1885/2 71 66 1/2 1)
(943 72 67 2 1)
(945 69 65 2 1)
(947 67 64 1 1)
(948 69 65 4 1)
(952 65 63 2 1)
(954 65 63 2 1)
(956 67 64 4 1)
(960 69 65 2 1)
(962 72 67 3 1)
(965 71 66 1 1)
(966 67 64 2 1)
(968 69 65 2 1)
(970 67 64 3 1)
(973 69 65 2 1)
(975 65 63 2 1)
(977 62 61 1 1)
(978 64 62 1 1)
(979 67 64 1 1)
(980 65 63 3 1)
(983 69 65 2 1)
(985 67 64 2 1)
(987 66 63 1 1)
(988 67 64 4 1)
(996 64 62 4 1)
(1000 64 62 3 1)
(1003 62 61 1/2 1)
(2007/2 64 62 1/2 1)
(1004 65 63 1 1)
(1005 62 61 2 1)
(1007 60 60 1 1)
(1008 62 61 2 1)
(1010 64 62 2 1)
(1012 65 63 2 1)
(1014 64 62 2 1)
(1017 64 62 1 1)
(1018 60 60 1 1)
(1019 64 62 3/2 1)
(2041/2 65 63 1/2 1)
(1021 67 64 3/2 1)
(2045/2 65 63 1/2 1)
(1023 64 62 1 1)
(1024 62 61 1 1)
(1025 65 63 3/2 1)
(2053/2 64 62 1/2 1)
(1027 62 61 2 1)
(1029 61 60 1/2 1)
(2059/2 59 59 1/2 1)
(1030 61 60 2 1)
(1032 62 61 12 1)
(1044 69 65 12 1)
(1056 69 65 4 1)
(1060 65 63 8 1)
(1068 65 63 4 1)
(1072 65 63 4 1)
(1076 72 67 8 1)
(1088 69 65 8 1)
(1096 67 64 4 1)
(1100 69 65 8 1)
(1132 69 65 24 1)
(1156 70 66 16 1)
(1172 72 67 8 1)
(1180 71 66 4 1)
(1184 69 65 8 1)
(1192 68 64 4 1)
(1196 69 65 8 1)
(1204 72 67 4 1)
(1208 71 66 4 1)
(1212 72 67 8 1)
(1220 71 66 4 1)
(1224 67 64 4 1)
(1228 69 65 8 1)
(1236 67 64 4 1)
(1240 67 64 1 1)
(1241 65 63 1 1)
(1242 64 62 1 1)
(1243 62 61 1 1)
(1244 60 60 1 1)
(1245 62 61 1 1)
(1246 64 62 1 1)
(1247 65 63 1 1)
(1248 64 62 1 1)
(1249 62 61 1 1)
(1250 64 62 3 1)
(1253 62 61 1 1)
(1254 61 60 1 1)
(1255 59 59 1 1)
(1256 61 60 4 1)
(1260 62 61 8 1)
(1272 69 65 6 1)
(1278 69 65 2 1)
(1280 69 65 4 1)
(1284 67 64 4 1)
(1288 69 65 4 1)
(1296 69 65 4 1)
(1300 65 63 4 1)
(1304 65 63 4 1)
(1308 64 62 4 1)
(1312 64 62 4 1)
(1316 62 61 8 1)
(1328 62 61 4 1)
(1332 67 64 4 1)
(1336 64 62 2 1)
(1338 65 63 3 1)
(1341 67 64 1 1)
(1342 69 65 2 1)
(1344 65 63 2 1)
(1346 70 66 4 1)
(1350 69 65 4 1)
(1354 67 64 2 1)
(1356 69 65 2 1)
(1358 62 61 4 1)
(1362 65 63 2 1)
(1364 64 62 4 1)
(1368 64 62 4 1)
(1372 62 61 8 1)
(1572 69 65 4 1)
(1576 69 65 2 1)
(1578 69 65 2 1)
(1580 67 64 3 1)
(1583 69 65 1 1)
(1584 71 66 2 1)
(1586 72 67 2 1)
(1588 71 66 2 1)
(1590 69 65 4 1)
(1594 67 64 1 1)
(1595 65 63 1 1)
(1596 64 62 3 1)
(1599 65 63 1 1)
(1600 67 64 2 1)
(1602 69 65 4 1)
(1606 67 64 1 1)
(1607 65 63 1 1)
(1608 67 64 4 1)
(1612 69 65 3 1)
(1615 67 64 1 1)
(1616 65 63 1 1)
(1617 64 62 1 1)
(1618 65 63 2 1)
(1620 67 64 1 1)
(1621 65 63 1 1)
(1622 64 62 1 1)
(1623 62 61 1 1)
(1624 60 60 4 1)
(1628 62 61 4 1)
(1648 64 62 4 1)
(1652 65 63 4 1)
(1656 64 62 2 1)
(1658 69 65 4 1)
(1662 65 63 2 1)
(1664 64 62 4 1)
(1668 62 61 4 1)
(1674 74 68 4 1)
(1678 72 67 2 1)
(1680 74 68 2 1)
(1682 71 66 4 1)
(1686 67 64 4 1)
(1690 69 65 4 1)
(1694 65 63 2 1)
(1696 67 64 4 1)
(1700 65 63 2 1)
(1702 65 63 4 1)
(1706 64 62 2 1)
(1708 65 63 4 1)
(1712 62 61 4 1)
(1716 60 60 3 1)
(1719 62 61 1 1)
(1720 64 62 1 1)
(1721 65 63 1 1)
(1722 64 62 4 1)
(1726 62 61 4 1)
(1730 61 60 2 1)
(1732 62 61 4 1)
(1736 65 63 6 1)
(1742 67 64 2 1)
(1744 69 65 4 1)
(1748 65 63 8 1)
(1760 65 63 6 1)
(1766 62 61 2 1)
(1768 64 62 4 1)
(1772 65 63 4 1)
(1776 69 65 6 1)
(1782 71 66 2 1)
(1784 72 67 4 1)
(1790 72 67 3 1)
(1793 71 66 1 1)
(1794 69 65 2 1)
(1796 62 61 2 1)
(1798 67 64 4 1)
(1802 65 63 2 1)
(1804 67 64 4 1)
(1808 64 62 4 1)
(1812 60 60 4 1)
(1816 62 61 4 1)
(1820 60 60 4 1)
(1824 72 67 16 1)
(1840 69 65 4 1)
(1844 69 65 6 1)
(1850 71 66 2 1)
(1852 72 67 2 1)
(1854 72 67 3 1)
(1857 71 66 1 1)
(1858 69 65 1 1)
(1859 67 64 1 1)
(1860 65 63 2 1)
(1862 69 65 3 1)
(1865 71 66 1 1)
(1866 72 67 4 1)
(1870 69 65 4 1)
(1874 67 64 2 1)
(1876 69 65 8 1)
(1884 65 63 8 1)
(1892 67 64 8 1)
(1900 69 65 4 1)
(1904 72 67 6 1)
(1910 71 66 2 1)
(1912 67 64 4 1)
(1916 69 65 4 1)
(1920 67 64 6 1)
(1926 69 65 4 1)
(1930 65 63 4 1)
(1934 62 61 2 1)
(1936 64 62 2 1)
(1938 67 64 2 1)
(1940 65 63 6 1)
(1946 69 65 3 1)
(1949 67 64 1 1)
(1950 66 63 1 1)
(1951 64 62 1 1)
(1952 66 63 4 1)
(1956 67 64 8 1)
(1972 64 62 8 1)
(1980 64 62 6 1)
(1986 62 61 1 1)
(1987 64 62 1 1)
(1988 65 63 2 1)
(1990 62 61 4 1)
(1994 60 60 2 1)
(1996 62 61 4 1)
(2000 64 62 4 1)
(2004 65 63 4 1)
(2008 64 62 4 1)
(2014 64 62 2 1)
(2016 60 60 2 1)
(2018 64 62 3 1)
(2021 65 63 1 1)
(2022 67 64 3 1)
(2025 65 63 1 1)
(2026 64 62 2 1)
(2028 62 61 2 1)
(2030 65 63 3 1)
(2033 64 62 1 1)
(2034 62 61 4 1)
(2038 61 60 1 1)
(2039 59 59 1 1)
(2040 61 60 4 1)
(2044 62 61 26666667/10000000 1)
(20493333/10000 62 61 26666667/10000000 1)
(2052 62 61 10666667/2000000 1)
(20573333/10000 62 61 26666667/10000000 1)
(2060 64 62 10666667/2000000 1)
(20653333/10000 64 62 26666667/10000000 1)
(2068 62 61 26666667/10000000 1)
(2588323/1250 65 63 4 1)
(2593323/1250 67 64 6666667/5000000 1)
(2076 69 65 10666667/2000000 1)
(20813333/10000 67 64 26666667/10000000 1)
(2084 69 65 10666667/2000000 1)
(20893333/10000 69 65 26666667/10000000 1)
(2092 69 65 10666667/2000000 1)
(20973333/10000 69 65 26666667/10000000 1)
(2100 69 65 10666667/2000000 1)
(21053333/10000 69 65 26666667/10000000 1)
(2108 64 62 10666667/2000000 1)
(21133333/10000 64 62 26666667/10000000 1)
(2116 62 61 10666667/2000000 1)
(21213333/10000 62 61 26666667/10000000 1)
(2124 60 60 4 1)
(2128 59 59 6666667/5000000 1)
(21293333/10000 57 58 26666667/10000000 1)
(2132 62 61 4 1)
(2136 61 60 6666667/5000000 1)
(21373333/10000 61 60 6666667/5000000 1)
(2673323/1250 59 59 6666667/5000000 1)
(2140 62 61 24 1)
