(0 64 62 12 1)
(12 64 62 3 1)
(15 65 63 1 1)
(16 67 64 2 1)
(18 69 65 2 1)
(20 67 64 2 1)
(22 72 67 3 1)
(25 71 66 1 1)
(26 72 67 1 1)
(27 74 68 1 1)
(28 71 66 2 1)
(30 69 65 4 1)
(34 67 64 2 1)
(36 64 62 2 1)
(38 65 63 4 1)
(42 64 62 2 1)
(44 60 60 2 1)
(46 62 61 4 1)
(50 60 60 2 1)
(52 57 58 2 1)
(54 59 59 4 1)
(58 57 58 2 1)
(60 59 59 1 1)
(61 60 60 2 1)
(63 62 61 1 1)
(64 64 62 2 1)
(66 65 63 1 1)
(67 67 64 2 1)
(69 69 65 1 1)
(70 71 66 1 1)
(71 69 65 1/2 1)
(143/2 71 66 1/2 1)
(72 72 67 2 1)
(74 71 66 1 1)
(75 67 64 2 1)
(77 69 65 1 1)
(78 71 66 2 1)
(80 67 64 1 1)
(81 64 62 2 1)
(83 65 63 1 1)
(84 67 64 2 1)
(86 64 62 1 1)
(87 60 60 2 1)
(89 62 61 1 1)
(90 64 62 2 1)
(92 60 60 1 1)
(93 57 58 2 1)
(95 59 59 1 1)
(96 60 60 3/2 1)
(195/2 62 61 1/2 1)
(98 59 59 2 1)
(100 57 58 1 1)
(101 62 61 2 1)
(103 60 60 1 1)
(104 62 61 1 1)
(105 60 60 1/2 1)
(211/2 59 59 1/2 1)
(106 57 58 2 1)
(108 55 57 1 1)
(109 67 64 2 1)
(111 65 63 1 1)
(112 67 64 1 1)
(113 65 63 1/2 1)
(227/2 64 62 1/2 1)
(114 62 61 2 1)
(116 60 60 1 1)
(117 72 67 2 1)
(119 71 66 1 1)
(120 72 67 1 1)
(121 71 66 1/2 1)
(243/2 69 65 1/2 1)
(122 67 64 2 1)
(124 64 62 1 1)
(125 65 63 2 1)
(127 64 62 2 1)
(129 62 61 1 1)
(130 64 62 2 1)
(132 71 66 1 1)
(133 72 67 2 1)
(135 71 66 3/2 1)
(273/2 69 65 1/2 1)
(137 69 65 2 1)
(139 68 64 1 1)
(140 69 65 4 1)
(146 64 62 4 1)
(150 60 60 3 1)
(153 62 61 1 1)
(154 64 62 1 1)
(155 65 63 1 1)
(156 67 64 3 1)
(159 69 65 1 1)
(160 71 66 2 1)
(162 72 67 3 1)
(165 71 66 1 1)
(166 69 65 1 1)
(167 67 64 1 1)
(168 69 65 4 1)
(172 69 65 4 1)
(176 67 64 4 1)
(184 64 62 4 1)
(188 65 63 8 1)
(196 64 62 4 1)
(200 60 60 4 1)
(204 62 61 8 1)
(212 60 60 12 1)
(226 65 63 2 1)
(228 64 62 2 1)
(230 65 63 3 1)
(233 67 64 1 1)
(234 69 65 2 1)
(236 67 64 1 1)
(237 65 63 2 1)
(239 64 62 1 1)
(240 65 63 2 1)
(242 69 65 2 1)
(244 67 64 1 1)
(245 65 63 2 1)
(247 64 62 1/2 1)
(495/2 62 61 1/2 1)
(248 60 60 2 1)
(250 60 60 2 1)
(252 64 62 1 1)
(253 65 63 1 1)
(254 64 62 1 1)
(255 65 63 2 1)
(257 64 62 1/2 1)
(515/2 62 61 1/2 1)
(258 60 60 2 1)
(261 67 64 2 1)
(263 69 65 1 1)
(264 71 66 1 1)
(265 72 67 1 1)
(266 71 66 1 1)
(267 72 67 2 1)
(269 71 66 1/2 1)
(539/2 69 65 1/2 1)
(270 67 64 2 1)
(272 69 65 2 1)
(274 72 67 2 1)
(276 71 66 2 1)
(278 69 65 3 1)
(281 67 64 1 1)
(282 65 63 2 1)
(284 64 62 2 1)
(286 65 63 3 1)
(289 64 62 1 1)
(290 61 60 2 1)
(292 62 61 4 1)
(296 61 60 24 1)
(344 64 62 4 1)
(348 67 64 6 1)
(354 64 62 2 1)
(356 67 64 3 1)
(359 69 65 1 1)
(360 71 66 2 1)
(362 72 67 2 1)
(364 71 66 2 1)
(366 67 64 4 1)
(370 65 63 1 1)
(371 64 62 1 1)
(372 62 61 4 1)
(376 64 62 4 1)
(408 60 60 3 1)
(411 62 61 1 1)
(412 64 62 2 1)
(414 65 63 2 1)
(416 64 62 2 1)
(418 60 60 2 1)
(420 64 62 2 1)
(422 65 63 2 1)
(424 67 64 3 1)
(427 69 65 1 1)
(428 71 66 2 1)
(430 64 62 3 1)
(433 65 63 1 1)
(434 67 64 2 1)
(436 62 61 2 1)
(438 64 62 4 1)
(442 62 61 1 1)
(443 60 60 1 1)
(444 59 59 2 1)
(446 55 57 2 1)
(448 60 60 4 1)
(452 59 59 4 1)
(456 57 58 2 1)
(458 60 60 2 1)
(460 62 61 2 1)
(462 64 62 2 1)
(464 65 63 2 1)
(466 67 64 2 1)
(468 69 65 2 1)
(470 72 67 3 1)
(473 71 66 1 1)
(474 71 66 4 1)
(478 69 65 2 1)
(480 71 66 2 1)
(482 69 65 3 1)
(485 64 62 1 1)
(486 67 64 2 1)
(488 65 63 4 1)
(492 64 62 2 1)
(494 62 61 2 1)
(496 65 63 3 1)
(499 64 62 1 1)
(500 62 61 2 1)
(502 60 60 2 1)
(504 62 61 3 1)
(507 64 62 1 1)
(508 65 63 2 1)
(510 64 62 3 1)
(513 62 61 1 1)
(514 62 61 4 1)
(518 60 60 2 1)
(520 62 61 12 1)
(532 65 63 6 1)
(538 64 62 2 1)
(540 64 62 8 1)
(548 62 61 4 1)
(552 64 62 8 1)
(584 67 64 6 1)
(590 69 65 4 1)
(594 67 64 1 1)
(595 65 63 1 1)
(596 64 62 6 1)
(602 65 63 3 1)
(605 64 62 1 1)
(606 60 60 2 1)
(608 62 61 4 1)
(612 64 62 3 1)
(615 65 63 1 1)
(616 67 64 2 1)
(618 69 65 2 1)
(620 67 64 2 1)
(622 72 67 2 1)
(624 71 66 2 1)
(626 69 65 2 1)
(628 71 66 2 1)
(630 74 68 3 1)
(633 72 67 1 1)
(634 72 67 4 1)
(638 71 66 2 1)
(640 72 67 4 1)
(646 67 64 2 1)
(648 69 65 4 1)
(652 67 64 4 1)
(656 65 63 4 1)
(660 64 62 4 1)
(664 62 61 4 1)
(668 60 60 4 1)
(672 59 59 4 1)
(676 57 58 8 1)
(690 64 62 2 1)
(692 62 61 2 1)
(694 59 59 2 1)
(696 60 60 4 1)
(700 59 59 2 1)
(702 64 62 4 1)
(706 62 61 2 1)
(708 64 62 4 1)
(718 69 65 2 1)
(720 67 64 2 1)
(722 64 62 2 1)
(724 65 63 4 1)
(728 64 62 4 1)
(734 69 65 4 1)
(738 67 64 2 1)
(740 69 65 2 1)
(742 72 67 2 1)
(744 71 66 4 1)
(748 69 65 4 1)
(752 74 68 4 1)
(756 72 67 4 1)
(760 71 66 2 1)
(762 69 65 3 1)
(765 67 64 1 1)
(766 67 64 4 1)
(770 65 63 2 1)
(772 67 64 6 1)
(778 65 63 1 1)
(779 64 62 1 1)
(780 65 63 4 1)
(784 64 62 4 1)
(788 60 60 4 1)
(792 60 60 3 1)
(795 62 61 1 1)
(796 64 62 2 1)
(798 65 63 2 1)
(800 64 62 2 1)
(802 65 63 2 1)
(804 64 62 2 1)
(806 65 63 4 1)
(810 64 62 1 1)
(811 62 61 1 1)
(812 64 62 4 1)
(816 62 61 4 1)
(826 69 65 2 1)
(828 71 66 4 1)
(832 69 65 4 1)
(836 71 66 4 1)
(840 67 64 4 1)
(844 69 65 4 1)
(848 67 64 2 1)
(850 72 67 3 1)
(853 71 66 1 1)
(854 67 64 2 1)
(856 69 65 2 1)
(858 65 63 2 1)
(860 67 64 2 1)
(862 71 66 2 1)
(864 69 65 2 1)
(866 72 67 2 1)
(868 71 66 2 1)
(870 69 65 4 1)
(874 67 64 4 1)
(878 65 63 2 1)
(880 67 64 2 1)
(882 64 62 4 1)
(886 60 60 4 1)
(890 65 63 4 1)
(894 64 62 2 1)
(896 65 63 2 1)
(898 69 65 3 1)
(901 71 66 1 1)
(902 72 67 1 1)
(903 74 68 1 1)
(904 71 66 2 1)
(906 67 64 2 1)
(908 69 65 2 1)
(910 74 68 3 1)
(913 72 67 1 1)
(914 71 66 1 1)
(915 69 65 1 1)
(916 67 64 4 1)
(920 69 65 2 1)
(922 74 68 2 1)
(924 72 67 2 1)
(926 71 66 3 1)
(929 69 65 1 1)
(930 69 65 4 1)
(934 68 64 2 1)
(936 69 65 8 1)
(944 69 65 8 1)
(952 67 64 4 1)
(956 71 66 6 1)
(962 69 65 2 1)
(964 69 65 6 1)
(970 67 64 2 1)
(972 67 64 6 1)
(978 65 63 1 1)
(979 64 62 1 1)
(980 65 63 4 1)
(984 67 64 4 1)
(988 64 62 4 1)
(992 62 61 8 1)
(1000 60 60 4 1)
(1024 60 60 16 1)
(1040 65 63 4 1)
(1044 64 62 4 1)
(1048 65 63 4 1)
(1052 67 64 4 1)
(1056 69 65 4 1)
(1060 71 66 2 1)
(1062 72 67 4 1)
(1066 71 66 1 1)
(1067 69 65 1 1)
(1068 67 64 4 1)
(1072 69 65 4 1)
(1076 64 62 4 1)
(1084 67 64 6 1)
(1090 69 65 2 1)
(1092 67 64 2 1)
(1094 65 63 3 1)
(1097 64 62 1 1)
(1098 64 62 4 1)
(1102 62 61 2 1)
(1104 64 62 2 1)
(1106 72 67 3 1)
(1109 71 66 1 1)
(1110 74 68 3 1)
(1113 72 67 1 1)
(1114 72 67 4 1)
(1118 71 66 2 1)
(1120 72 67 4 1)
(1128 65 63 6 1)
(1134 64 62 3 1)
(1137 62 61 1 1)
(1138 62 61 4 1)
(1142 60 60 2 1)
(1144 62 61 2 1)
(1146 65 63 2 1)
(1148 64 62 4 1)
(1152 62 61 2 1)
(1154 60 60 2 1)
(1156 59 59 4 1)
(1160 57 58 8 1)
(1168 60 60 4 1)
(1172 60 60 3 1)
(1175 62 61 1 1)
(1176 64 62 8 1)
(1184 64 62 4 1)
(1188 64 62 4 1)
(1192 65 63 4 1)
(1196 65 63 4 1)
(1200 64 62 3 1)
(1203 65 63 1 1)
(1204 67 64 2 1)
(1206 69 65 4 1)
(1210 69 65 4 1)
(1214 67 64 2 1)
(1216 69 65 6 1)
(1222 67 64 1 1)
(1223 65 63 1 1)
(1224 64 62 4 1)
(1230 62 61 4 1)
(1234 60 60 2 1)
(1236 62 61 4 1)
(1240 64 62 4 1)
(1244 65 63 4 1)
(1248 64 62 2 1)
(1250 60 60 2 1)
(1252 62 61 2 1)
(1254 69 65 3 1)
(1257 67 64 1 1)
(1258 67 64 4 1)
(1262 65 63 2 1)
(1264 67 64 2 1)
(1266 64 62 2 1)
(1268 65 63 4 1)
(1272 64 62 4 1)
(1276 65 63 4 1)
(1280 64 62 3 1)
(1283 65 63 1 1)
(1284 67 64 2 1)
(1286 69 65 4 1)
(1290 71 66 2 1)
(1292 72 67 6 1)
(1298 74 68 4 1)
(1302 72 67 1 1)
(1303 71 66 1 1)
(1304 69 65 3 1)
(1307 67 64 1 1)
(1308 69 65 2 1)
(1310 71 66 3 1)
(1313 69 65 1 1)
(1314 69 65 4 1)
(1318 67 64 2 1)
(1320 69 65 4 1)
(1324 65 63 4 1)
(1328 67 64 4 1)
(1332 69 65 2 1)
(1334 67 64 1 1)
(1335 65 63 1 1)
(1336 64 62 2 1)
(1338 62 61 2 1)
(1340 60 60 4 1)
(1368 65 63 4 1)
(1372 67 64 2 1)
(1374 69 65 4 1)
(1378 67 64 1 1)
(1379 65 63 1 1)
(1380 64 62 2 1)
(1382 65 63 4 1)
(1386 64 62 1 1)
(1387 62 61 1 1)
(1388 60 60 2 1)
(1390 62 61 3 1)
(1393 64 62 1 1)
(1394 65 63 2 1)
(1396 64 62 2 1)
(1398 62 61 2 1)
(1400 65 63 2 1)
(1402 64 62 2 1)
(1404 62 61 4 1)
(1408 60 60 3 1)
(1411 62 61 1 1)
(1412 64 62 2 1)
(1414 65 63 2 1)
(1416 64 62 2 1)
(1418 69 65 2 1)
(1420 67 64 2 1)
(1422 65 63 3 1)
(1425 64 62 1 1)
(1426 64 62 4 1)
(1430 62 61 2 1)
(1432 64 62 32 1)
