(0 60 60 8 1)
(8 60 60 4 1)
(12 62 61 4 1)
(16 64 62 6 1)
(22 62 61 2 1)
(24 65 63 4 1)
(28 64 62 2 1)
(30 60 60 2 1)
(32 62 61 4 1)
(36 60 60 4 1)
(40 58 59 2 1)
(42 60 60 2 1)
(44 57 58 4 1)
(48 55 57 6 1)
(54 60 60 3 1)
(57 58 59 1/2 1)
(115/2 57 58 1/2 1)
(58 55 57 2 1)
(60 57 58 2 1)
(62 58 59 3 1)
(65 57 58 1 1)
(66 55 57 1 1)
(67 53 56 1 1)
(68 55 57 4 1)
(72 53 56 12 1)
(96 57 58 4 1)
(100 57 58 4 1)
(104 55 57 4 1)
(108 53 56 2 1)
(110 60 60 4 1)
(114 62 61 2 1)
(116 64 62 4 1)
(120 65 63 6 1)
(126 69 65 4 1)
(130 67 64 1 1)
(131 65 63 1 1)
(132 64 62 2 1)
(134 62 61 4 1)
(138 67 64 4 1)
(142 66 63 2 1)
(144 67 64 4 1)
(152 64 62 4 1)
(156 64 62 8 1)
(164 62 61 4 1)
(168 64 62 4 1)
(172 65 63 6 1)
(178 64 62 1 1)
(179 62 61 1 1)
(180 64 62 4 1)
(184 65 63 4 1)
(188 67 64 4 1)
(192 69 65 4 1)
(196 67 64 2 1)
(198 64 62 2 1)
(200 62 61 4 1)
(204 60 60 3 1)
(207 62 61 1 1)
(208 64 62 2 1)
(210 65 63 4 1)
(214 64 62 2 1)
(216 65 63 12 1)
(236 65 63 4 1)
(240 67 64 4 1)
(244 65 63 2 1)
(246 69 65 3 1)
(249 67 64 1 1)
(250 65 63 2 1)
(252 64 62 2 1)
(254 65 63 3 1)
(257 67 64 1 1)
(258 65 63 1 1)
(259 64 62 1/2 1)
(519/2 62 61 1/2 1)
(260 61 60 3 1)
(263 59 59 1 1)
(264 62 61 2 1)
(266 58 59 2 1)
(268 60 60 2 1)
(270 62 61 4 1)
(274 60 60 1 1)
(275 58 59 1 1)
(276 57 58 3 1)
(279 58 59 1 1)
(280 60 60 2 1)
(282 62 61 3 1)
(285 64 62 1 1)
(286 65 63 2 1)
(288 67 64 2 1)
(290 69 65 4 1)
(294 65 63 4 1)
(298 64 62 2 1)
(300 65 63 12 1)
(312 64 62 8 1)
(320 64 62 8 1)
(328 64 62 8 1)
(336 65 63 4 1)
(340 69 65 4 1)
(344 67 64 2 1)
(346 65 63 2 1)
(348 65 63 8 1)
(356 64 62 4 1)
(360 65 63 6 1)
(366 64 62 1 1)
(367 62 61 1 1)
(368 60 60 2 1)
(370 62 61 3 1)
(373 60 60 1 1)
(374 57 58 2 1)
(376 60 60 3 1)
(379 58 59 1 1)
(380 55 57 4 1)
(388 53 56 4 1)
(392 57 58 4 1)
(396 58 59 4 1)
(400 60 60 8 1)
(408 62 61 4 1)
(412 60 60 2 1)
(414 64 62 4 1)
(418 62 61 1 1)
(419 60 60 1 1)
(420 59 59 3 1)
(423 57 58 1 1)
(424 60 60 4 1)
(428 58 59 2 1)
(430 57 58 4 1)
(434 53 56 2 1)
(436 55 57 4 1)
(440 53 56 4 1)
(446 65 63 4 1)
(450 67 64 2 1)
(452 69 65 2 1)
(454 67 64 4 1)
(458 65 63 1 1)
(459 64 62 1 1)
(460 62 61 4 1)
(464 53 56 4 1)
(470 65 63 4 1)
(474 67 64 2 1)
(476 69 65 2 1)
(478 67 64 4 1)
(482 65 63 1 1)
(483 64 62 1 1)
(484 62 61 4 1)
(488 60 60 8 1)
