(0 62 61 12 1)
(12 60 60 4 1)
(16 62 61 4 1)
(20 64 62 4 1)
(24 62 61 4 1)
(28 69 65 8 1)
(36 67 64 2 1)
(38 69 65 2 1)
(40 71 66 2 1)
(42 69 65 2 1)
(44 67 64 2 1)
(46 65 63 2 1)
(48 64 62 8 1)
(60 69 65 4 1)
(64 69 65 4 1)
(68 69 65 4 1)
(72 67 64 4 1)
(76 65 63 8 1)
(84 64 62 4 1)
(88 62 61 8 1)
(96 60 60 8 1)
(104 64 62 8 1)
(112 64 62 4 1)
(116 64 62 4 1)
(120 65 63 4 1)
(124 65 63 4 1)
(128 64 62 4 1)
(132 69 65 6 1)
(138 67 64 1 1)
(139 65 63 1 1)
(140 67 64 4 1)
(144 65 63 4 1)
(148 64 62 6 1)
(154 62 61 2 1)
(156 62 61 6 1)
(162 59 59 2 1)
(164 61 60 4 1)
(168 62 61 8 1)
(184 62 61 8 1)
(192 59 59 8 1)
(200 60 60 8 1)
(208 62 61 8 1)
(220 62 61 4 1)
(224 64 62 4 1)
(228 64 62 4 1)
(232 65 63 4 1)
(236 65 63 4 1)
(240 65 63 4 1)
(244 64 62 2 1)
(246 62 61 2 1)
(248 60 60 8 1)
(264 62 61 8 1)
(272 64 62 4 1)
(276 64 62 4 1)
(280 64 62 6 1)
(286 62 61 1 1)
(287 60 60 1 1)
(288 59 59 8 1)
(296 57 58 8 1)
(308 67 64 4 1)
(312 67 64 4 1)
(316 67 64 4 1)
(320 69 65 6 1)
(326 67 64 2 1)
(328 65 63 2 1)
(330 64 62 2 1)
(332 64 62 8 1)
(340 69 65 4 1)
(344 67 64 4 1)
(348 72 67 6 1)
(354 69 65 2 1)
(356 71 66 6 1)
(362 69 65 2 1)
(364 69 65 6 1)
(370 68 65 1 1)
(371 66 63 1 1)
(372 68 65 4 1)
(376 69 65 16 1)
(408 69 65 8 1)
(416 72 67 4 1)
(420 72 67 4 1)
(424 74 68 6 1)
(430 72 67 2 1)
(432 69 65 4 1)
(436 69 65 4 1)
(440 71 66 2 1)
(442 69 65 3 1)
(445 67 64 1 1)
(446 65 63 2 1)
(448 64 62 4 1)
(452 67 64 4 1)
(456 65 63 4 1)
(460 64 62 2 1)
(462 62 61 2 1)
(464 60 60 6 1)
(470 62 61 2 1)
(472 64 62 8 1)
(480 57 58 8 1)
(500 67 64 4 1)
(504 69 65 4 1)
(508 69 65 4 1)
(512 69 65 6 1)
(518 67 64 1 1)
(519 65 63 1 1)
(520 64 62 4 1)
(524 64 62 4 1)
(528 65 63 4 1)
(532 62 61 4 1)
(536 60 60 4 1)
(540 62 61 4 1)
(544 64 62 8 1)
(552 62 61 4 1)
(556 67 64 4 1)
(560 65 63 4 1)
(564 62 61 4 1)
(568 64 62 8 1)
(576 62 61 4 1)
(580 59 59 4 1)
(584 57 58 4 1)
(588 62 61 8 1)
(596 61 60 4 1)
(600 62 61 3 1)
(603 64 62 1 1)
(604 65 63 2 1)
(606 67 64 2 1)
(608 64 62 4 1)
(612 69 65 6 1)
(618 67 64 2 1)
(620 65 63 2 1)
(622 64 62 2 1)
(624 65 63 4 1)
(628 64 62 6 1)
(634 62 61 2 1)
(636 62 61 6 1)
(642 59 59 2 1)
(644 61 60 4 1)
(648 62 61 8 1)
(656 62 61 8 1)
(664 65 63 8 1)
(672 64 62 8 1)
(680 62 61 6 1)
(686 60 60 2 1)
(688 57 58 4 1)
(692 59 59 4 1)
(696 60 60 8 1)
(708 62 61 4 1)
(712 65 63 4 1)
(716 65 63 4 1)
(720 64 62 4 1)
(724 67 64 8 1)
(732 65 63 4 1)
(736 69 65 8 1)
(744 67 64 4 1)
(748 65 63 4 1)
(752 64 62 8 1)
(760 62 61 8 1)
(768 60 60 4 1)
(772 57 58 4 1)
(776 59 59 8 1)
(784 57 58 8 1)
(800 69 65 8 1)
(808 67 64 4 1)
(812 67 64 4 1)
(816 72 67 8 1)
(824 71 66 4 1)
(828 67 64 4 1)
(832 69 65 2 1)
(834 67 64 2 1)
(836 65 63 2 1)
(838 64 62 2 1)
(840 62 61 8 1)
(852 60 60 4 1)
(856 62 61 4 1)
(860 65 63 4 1)
(864 64 62 4 1)
(868 64 62 4 1)
(872 69 65 8 1)
(880 67 64 4 1)
(884 65 63 6 1)
(890 64 62 2 1)
(892 64 62 6 1)
(898 60 60 2 1)
(900 62 61 4 1)
(904 64 62 12 1)
(916 60 60 4 1)
(920 62 61 8 1)
(928 60 60 8 1)
(940 64 62 4 1)
(944 62 61 4 1)
(948 67 64 8 1)
(956 65 63 4 1)
(960 67 64 4 1)
(964 69 65 4 1)
(968 67 64 4 1)
(972 72 67 8 1)
(980 71 66 4 1)
(984 72 67 6 1)
(990 71 66 2 1)
(992 67 64 4 1)
(996 69 65 4 1)
(1000 71 66 4 1)
(1004 69 65 6 1)
(1010 67 64 2 1)
(1012 65 63 4 1)
(1016 64 62 8 1)
(1024 62 61 4 1)
(1028 65 63 4 1)
(1032 67 64 4 1)
(1036 69 65 8 1)
(1044 67 64 4 1)
(1048 72 67 4 1)
(1052 71 66 6 1)
(1058 69 65 2 1)
(1060 69 65 8 1)
(1068 67 64 4 1)
(1072 69 65 16 1)
(1088 67 64 8 1)
(1096 65 63 16 1)
(1112 64 62 8 1)
(1120 62 61 8 1)
