(0 69 65 16 1)
(16 65 63 8 1)
(24 64 62 4 1)
(28 69 65 6 1)
(34 67 64 2 1)
(36 67 64 4 1)
(40 66 63 6 1)
(46 64 62 2 1)
(48 67 64 8 1)
(56 72 67 8 1)
(64 74 68 8 1)
(72 72 67 4 1)
(76 69 65 6 1)
(82 71 66 2 1)
(84 72 67 4 1)
(88 65 63 4 1)
(92 64 62 4 1)
(96 62 61 4 1)
(100 65 63 4 1)
(104 67 64 4 1)
(108 64 62 6 1)
(114 65 63 2 1)
(116 67 64 4 1)
(120 65 63 4 1)
(124 70 66 6 1)
(130 69 65 2 1)
(132 69 65 8 1)
(140 68 65 4 1)
(144 69 65 12 1)
(156 67 64 2 1)
(158 65 63 2 1)
(160 64 62 8 1)
(176 69 65 8 1)
(184 74 68 8 1)
(192 72 67 4 1)
(196 74 68 4 1)
(200 69 65 8 1)
(208 67 64 8 1)
(216 65 63 8 1)
(224 64 62 4 1)
(228 60 60 4 1)
(232 62 61 8 1)
(240 60 60 3 1)
(243 62 61 1 1)
(244 64 62 2 1)
(246 65 63 2 1)
(248 64 62 2 1)
(250 65 63 2 1)
(252 67 64 2 1)
(254 69 65 4 1)
(258 68 65 1 1)
(259 66 63 1 1)
(260 68 65 4 1)
(264 69 65 8 1)
(272 64 62 8 1)
(280 65 63 4 1)
(284 69 65 8 1)
(292 67 64 4 1)
(296 65 63 8 1)
(304 64 62 8 1)
(312 62 61 8 1)
(336 65 63 8 1)
(344 67 64 16 1)
(360 69 65 32 1)
(408 69 65 6 1)
(414 67 64 2 1)
(416 69 65 2 1)
(418 71 66 2 1)
(420 72 67 4 1)
(424 71 66 4 1)
(428 69 65 4 1)
(432 62 61 2 1)
(434 69 65 4 1)
(438 67 64 2 1)
(440 69 65 2 1)
(442 72 67 4 1)
(446 71 66 4 1)
(450 69 65 4 1)
(454 68 65 2 1)
(456 69 65 4 1)
(480 69 65 6 1)
(486 71 66 2 1)
(488 72 67 4 1)
(492 69 65 4 1)
(496 71 66 4 1)
(500 74 68 4 1)
(504 72 67 4 1)
(508 69 65 4 1)
(512 72 67 6 1)
(518 71 66 1 1)
(519 69 65 1 1)
(520 67 64 8 1)
(528 65 63 4 1)
(532 69 65 6 1)
(538 71 66 2 1)
(540 72 67 4 1)
(544 71 66 3 1)
(547 69 65 1 1)
(548 74 68 4 1)
(552 72 67 4 1)
(556 71 66 6 1)
(562 69 65 2 1)
(564 69 65 6 1)
(570 68 65 2 1)
(572 68 65 3 1)
(575 66 63 1 1)
(576 69 65 8 1)
(592 62 61 4 1)
(596 67 64 4 1)
(600 69 65 4 1)
(604 65 63 4 1)
(608 67 64 6 1)
(614 72 67 4 1)
(618 71 66 1 1)
(619 69 65 1 1)
(620 67 64 3 1)
(623 65 63 1 1)
(624 69 65 4 1)
(628 69 65 2 1)
(630 65 63 4 1)
(634 64 62 2 1)
(636 62 61 6 1)
(642 59 59 2 1)
(644 61 60 4 1)
(648 62 61 8 1)
(656 65 63 8 1)
(664 67 64 8 1)
(672 69 65 8 1)
(684 67 64 4 1)
(688 64 62 4 1)
(692 65 63 6 1)
(698 64 62 2 1)
(700 64 62 6 1)
(706 62 61 1 1)
(707 60 60 1 1)
(708 62 61 4 1)
(712 64 62 4 1)
(718 64 62 2 1)
(720 65 63 2 1)
(722 69 65 4 1)
(726 67 64 2 1)
(728 69 65 4 1)
(732 71 66 4 1)
(736 69 65 2 1)
(738 74 68 4 1)
(742 72 67 2 1)
(744 74 68 2 1)
(746 69 65 2 1)
(748 72 67 2 1)
(750 71 66 3 1)
(753 69 65 1 1)
(754 69 65 4 1)
(758 67 64 2 1)
(760 69 65 2 1)
(762 72 67 3 1)
(765 71 66 1 1)
(766 69 65 3 1)
(769 67 64 1 1)
(770 64 62 2 1)
(772 65 63 2 1)
(774 64 62 1 1)
(775 62 61 1 1)
(776 60 60 2 1)
(778 72 67 3 1)
(781 71 66 1 1)
(782 69 65 3 1)
(785 67 64 1 1)
(786 65 63 1 1)
(787 64 62 1 1)
(788 65 63 4 1)
(792 64 62 8 1)
(800 65 63 32 1)
(832 67 64 16 1)
(848 69 65 24 1)
(872 69 65 8 1)
(880 69 65 16 1)
(920 69 65 8 1)
(928 69 65 8 1)
(936 67 64 8 1)
(944 70 66 8 1)
(952 69 65 8 1)
(960 67 64 16 1)
(976 69 65 8 1)
(984 67 64 8 1)
(992 65 63 8 1)
(1016 62 61 2 1)
(1018 65 63 3 1)
(1021 67 64 1 1)
(1022 69 65 2 1)
(1024 70 66 2 1)
(1026 69 65 4 1)
(1030 67 64 1 1)
(1031 65 63 1 1)
(1032 64 62 4 1)
(1036 62 61 2 1)
(1038 65 63 4 1)
(1042 64 62 1 1)
(1043 62 61 1 1)
(1044 60 60 2 1)
(1046 62 61 2 1)
(1048 65 63 2 1)
(1050 64 62 4 1)
(1054 62 61 2 1)
(1056 65 63 2 1)
(1058 67 64 2 1)
(1060 69 65 4 1)
(1064 67 64 2 1)
(1066 69 65 2 1)
(1068 72 67 2 1)
(1070 71 66 3 1)
(1073 69 65 1 1)
(1074 69 65 4 1)
(1078 68 65 2 1)
(1080 69 65 4 1)
(1084 71 66 2 1)
(1086 69 65 3 1)
(1089 67 64 1 1)
(1090 65 63 1 1)
(1091 64 62 1 1)
(1092 62 61 2 1)
(1094 67 64 4 1)
(1098 65 63 2 1)
(1100 64 62 2 1)
(1102 62 61 2 1)
(1104 65 63 4 1)
(1108 64 62 4 1)
(1112 62 61 8 1)
(1120 64 62 4 1)
(1124 65 63 4 1)
(1128 67 64 8 1)
(1136 64 62 4 1)
(1140 69 65 4 1)
(1144 67 64 4 1)
(1148 69 65 2 1)
(1150 71 66 3 1)
(1153 69 65 1 1)
(1154 69 65 4 1)
(1158 68 65 2 1)
(1160 69 65 8 1)
(1172 69 65 4 1)
(1176 71 66 4 1)
(1180 72 67 4 1)
(1184 65 63 4 1)
(1188 67 64 2 1)
(1190 69 65 3 1)
(1193 67 64 1 1)
(1194 65 63 1 1)
(1195 64 62 1 1)
(1196 64 62 6 1)
(1202 62 61 2 1)
(1204 62 61 2 1)
(1206 60 60 2 1)
(1208 64 62 2 1)
(1210 67 64 3 1)
(1213 69 65 1 1)
(1214 71 66 2 1)
(1216 67 64 2 1)
(1218 72 67 4 1)
(1222 71 66 4 1)
(1226 69 65 4 1)
(1230 68 65 2 1)
(1232 69 65 4 1)
(1236 62 61 2 1)
(1238 69 65 4 1)
(1242 67 64 1 1)
(1243 69 65 1 1)
(1244 71 66 1 1)
(1245 69 65 1 1)
(1246 67 64 1 1)
(1247 65 63 1 1)
(1248 64 62 4 1)
(1252 62 61 2 1)
(1254 67 64 4 1)
(1258 69 65 2 1)
(1260 71 66 4 1)
(1264 72 67 4 1)
(1268 72 67 2 1)
(1270 69 65 3 1)
(1273 67 64 1 1)
(1274 65 63 1 1)
(1275 64 62 1 1)
(1276 65 63 2 1)
(1278 64 62 2 1)
(1280 62 61 2 1)
(1282 65 63 2 1)
(1284 67 64 2 1)
(1286 69 65 3 1)
(1289 71 66 1 1)
(1290 72 67 2 1)
(1292 71 66 2 1)
(1294 69 65 3 1)
(1297 67 64 1 1)
(1298 67 64 4 1)
(1302 66 63 2 1)
(1304 67 64 8 1)
