(0 69 65 8 1)
(8 72 67 4 1)
(12 72 67 4 1)
(16 71 66 8 1)
(24 64 62 8 1)
(36 67 64 4 1)
(40 69 65 4 1)
(44 71 66 4 1)
(48 72 67 4 1)
(52 71 66 2 1)
(54 67 64 2 1)
(56 69 65 4 1)
(60 67 64 4 1)
(68 71 66 4 1)
(72 72 67 4 1)
(76 74 68 4 1)
(80 76 69 4 1)
(84 74 68 2 1)
(86 71 66 2 1)
(88 72 67 2 1)
(90 69 65 4 1)
(94 71 66 2 1)
(96 69 65 2 1)
(98 66 63 2 1)
(100 68 64 4 1)
(104 69 65 8 1)
(120 69 65 8 1)
(128 72 67 4 1)
(132 71 66 8 1)
(140 67 64 4 1)
(144 69 65 4 1)
(148 67 64 8 1)
(156 72 67 6 1)
(162 69 65 2 1)
(164 71 66 4 1)
(168 72 67 8 1)
(184 72 67 8 1)
(192 71 66 4 1)
(196 67 64 4 1)
(200 69 65 8 1)
(208 67 64 4 1)
(212 64 62 8 1)
(220 69 65 8 1)
(228 67 64 4 1)
(232 69 65 4 1)
(236 71 66 4 1)
(240 67 64 8 1)
(256 67 64 8 1)
(264 69 65 6 1)
(270 67 64 2 1)
(272 65 63 2 1)
(274 64 62 2 1)
(276 64 62 8 1)
(284 62 61 4 1)
(288 64 62 8 1)
(300 71 66 4 1)
(304 71 66 4 1)
(308 71 66 4 1)
(312 72 67 6 1)
(318 71 66 1 1)
(319 69 65 1 1)
(320 67 64 4 1)
(324 69 65 4 1)
(328 71 66 4 1)
(332 67 64 6 1)
(338 66 63 2 1)
(340 66 63 2 1)
(342 64 62 2 1)
(344 67 64 8 1)
(356 64 62 4 1)
(360 65 63 4 1)
(364 67 64 4 1)
(368 69 65 4 1)
(372 64 62 4 1)
(380 67 64 4 1)
(384 69 65 4 1)
(388 67 64 4 1)
(392 72 67 6 1)
(398 71 66 2 1)
(400 69 65 4 1)
(404 67 64 4 1)
(408 72 67 4 1)
(412 71 66 2 1)
(414 76 69 4 1)
(418 74 68 2 1)
(420 71 66 4 1)
(424 72 67 4 1)
(428 69 65 6 1)
(434 66 63 2 1)
(436 68 64 4 1)
(440 69 65 16 1)
