(24 67 64 3 1)
(27 69 65 1 1)
(28 71 66 2 1)
(30 72 67 4 1)
(34 71 66 1 1)
(35 69 65 1 1)
(36 67 64 3 1)
(39 65 63 1 1)
(40 67 64 2 1)
(42 69 65 4 1)
(46 67 64 1 1)
(47 65 63 1 1)
(48 64 62 2 1)
(50 60 60 2 1)
(52 64 62 2 1)
(54 65 63 2 1)
(56 62 61 4 1)
(60 60 60 4 1)
(70 67 64 2 1)
(72 69 65 2 1)
(74 72 67 2 1)
(76 71 66 2 1)
(78 74 68 3 1)
(81 72 67 1 1)
(82 71 66 2 1)
(84 69 65 4 1)
(88 67 64 2 1)
(90 65 63 1 1)
(91 64 62 1 1)
(92 62 61 2 1)
(94 64 62 3 1)
(97 62 61 1 1)
(98 67 64 4 1)
(102 66 63 2 1)
(104 67 64 8 1)
(114 64 62 4 1)
(118 60 60 3 1)
(121 62 61 1 1)
(122 64 62 3 1)
(125 65 63 1 1)
(126 67 64 2 1)
(128 69 65 2 1)
(130 67 64 3 1)
(133 65 63 1 1)
(134 64 62 1 1)
(135 62 61 1 1)
(136 60 60 2 1)
(140 67 64 4 1)
(144 65 63 2 1)
(146 67 64 2 1)
(148 64 62 2 1)
(150 62 61 4 1)
(154 60 60 4 1)
(158 59 59 2 1)
(160 60 60 12 1)
(174 67 64 2 1)
(176 69 65 2 1)
(178 72 67 2 1)
(180 71 66 2 1)
(182 71 66 2 1)
(184 72 67 3 1)
(187 71 66 1 1)
(188 67 64 2 1)
(190 74 68 2 1)
(192 72 67 2 1)
(194 76 69 4 1)
(198 74 68 2 1)
(200 76 69 3 1)
(203 74 68 1 1)
(204 71 66 4 1)
(208 72 67 4 1)
(212 74 68 2 1)
(214 76 69 3 1)
(217 74 68 1 1)
(218 72 67 4 1)
(222 71 66 2 1)
(224 72 67 2 1)
(226 69 65 3 1)
(229 67 64 1 1)
(230 64 62 2 1)
(232 65 63 2 1)
(234 67 64 4 1)
(238 65 63 1 1)
(239 64 62 1 1)
(240 62 61 8 1)
(250 67 64 3 1)
(253 65 63 1 1)
(254 67 64 2 1)
(256 69 65 2 1)
(258 67 64 1 1)
(259 65 63 1 1)
(260 64 62 4 1)
(264 62 61 2 1)
(266 67 64 4 1)
(270 66 63 2 1)
(272 67 64 4 1)
(278 62 61 2 1)
(280 64 62 2 1)
(282 67 64 4 1)
(286 65 63 2 1)
(288 64 62 2 1)
(290 62 61 1 1)
(291 60 60 1 1)
(292 59 59 4 1)
(296 60 60 2 1)
(298 67 64 3 1)
(301 65 63 1 1)
(302 64 62 1 1)
(303 62 61 1 1)
(304 64 62 4 1)
(308 60 60 4 1)
(314 60 60 2 1)
(316 64 62 3 1)
(319 65 63 1 1)
(320 67 64 2 1)
(322 69 65 2 1)
(324 67 64 2 1)
(326 65 63 1 1)
(327 64 62 1 1)
(328 62 61 2 1)
(332 74 68 2 1)
(334 74 68 3 1)
(337 72 67 1 1)
(338 74 68 2 1)
(340 71 66 2 1)
(342 69 65 3 1)
(345 67 64 1 1)
(346 67 64 4 1)
(350 66 63 2 1)
(352 67 64 8 1)
(362 67 64 2 1)
(364 69 65 3 1)
(367 71 66 1 1)
(368 72 67 4 1)
(372 74 68 2 1)
(374 76 69 4 1)
(378 74 68 1 1)
(379 72 67 1 1)
(380 71 66 4 1)
(386 69 65 2 1)
(388 71 66 2 1)
(390 67 64 4 1)
(394 65 63 2 1)
(396 62 61 2 1)
(398 64 62 4 1)
(402 62 61 1 1)
(403 60 60 1 1)
(404 59 59 2 1)
(406 64 62 3 1)
(409 62 61 1 1)
(410 60 60 4 1)
(414 59 59 2 1)
(416 60 60 8 1)
