(32 67 64 6 1)
(38 65 63 1 1)
(39 64 62 1 1)
(40 65 63 4 1)
(44 67 64 2 1)
(46 70 66 4 1)
(50 67 64 2 1)
(52 70 66 2 1)
(54 72 67 2 1)
(56 74 68 4 1)
(60 70 66 4 1)
(64 67 64 4 1)
(70 69 65 2 1)
(72 70 66 2 1)
(74 67 64 3 1)
(77 65 63 1 1)
(78 64 62 1 1)
(79 62 61 1 1)
(80 64 62 4 1)
(84 62 61 4 1)
(88 67 64 4 1)
(92 72 67 6 1)
(98 70 66 1 1)
(99 69 65 1 1)
(100 70 66 2 1)
(102 69 65 2 1)
(104 67 64 6 1)
(110 65 63 1 1)
(111 64 62 1 1)
(112 65 63 4 1)
(116 67 64 4 1)
(120 64 62 2 1)
(122 65 63 3 1)
(125 64 62 1 1)
(126 62 61 1 1)
(127 60 60 1 1)
(128 58 59 4 1)
(132 62 61 2 1)
(134 65 63 2 1)
(136 67 64 2 1)
(138 64 62 4 1)
(142 60 60 2 1)
(144 62 61 2 1)
(146 60 60 1 1)
(147 58 59 1 1)
(148 57 58 4 1)
(170 67 64 4 1)
(174 69 65 2 1)
(176 70 66 2 1)
(178 67 64 4 1)
(182 66 63 2 1)
(184 67 64 2 1)
(186 70 66 3 1)
(189 69 65 1 1)
(190 65 63 2 1)
(192 67 64 2 1)
(194 64 62 2 1)
(196 62 61 2 1)
(198 65 63 4 1)
(202 64 62 4 1)
(206 62 61 4 1)
(210 61 61 2 1)
(212 62 61 4 1)
(218 57 58 2 1)
(220 58 59 2 1)
(222 60 60 2 1)
(224 62 61 2 1)
(226 65 63 4 1)
(230 64 62 2 1)
(232 62 61 2 1)
(234 60 60 1 1)
(235 58 59 1 1)
(236 60 60 4 1)
(242 67 64 4 1)
(246 65 63 1 1)
(247 64 62 1 1)
(248 62 61 4 1)
(266 72 67 2 1)
(268 74 68 2 1)
(270 72 67 3 1)
(273 70 66 1 1)
(274 70 66 4 1)
(278 69 65 2 1)
(280 70 66 3 1)
(283 69 65 1 1)
(284 65 63 2 1)
(286 69 65 2 1)
(288 70 66 2 1)
(290 72 67 2 1)
(292 69 65 3 1)
(295 67 64 1 1)
(296 64 62 2 1)
(298 67 64 2 1)
(300 69 65 2 1)
(302 70 66 2 1)
(304 67 64 3 1)
(307 65 63 1 1)
(308 62 61 2 1)
(310 65 63 2 1)
(312 67 64 2 1)
(314 69 65 2 1)
(316 65 63 3 1)
(319 64 62 1 1)
(320 60 60 2 1)
(322 65 63 2 1)
(324 67 64 2 1)
(326 70 66 3 1)
(329 69 65 1 1)
(330 69 65 4 1)
(334 67 64 2 1)
(336 69 65 8 1)
(344 62 61 8 1)
(352 64 62 8 1)
(360 65 63 4 1)
(364 64 62 2 1)
(366 62 61 4 1)
(370 60 60 1 1)
(371 58 59 1 1)
(372 57 58 2 1)
(374 60 60 2 1)
(376 62 61 2 1)
(378 65 63 4 1)
(382 64 62 1 1)
(383 65 63 1 1)
(384 67 64 1 1)
(385 65 63 1 1)
(386 64 62 1 1)
(387 62 61 1 1)
(388 64 62 4 1)
(392 62 61 4 1)
(402 69 65 2 1)
(404 70 66 2 1)
(406 74 68 3 1)
(409 70 66 1 1)
(410 72 67 2 1)
(412 67 64 2 1)
(414 70 66 2 1)
(416 69 65 2 1)
(418 67 64 4 1)
(422 66 63 2 1)
(424 67 64 16 1)
