(24 72 67 8 1)
(32 65 63 4 1)
(36 65 63 4 1)
(40 69 65 3 1)
(43 70 66 1 1)
(44 72 67 2 1)
(46 74 68 2 1)
(48 72 67 4 1)
(52 65 63 4 1)
(60 70 66 6 1)
(66 70 66 2 1)
(68 70 66 4 1)
(72 72 67 2 1)
(74 72 67 4 1)
(78 70 66 2 1)
(80 69 65 2 1)
(82 67 64 1 1)
(83 65 63 1 1)
(84 67 64 2 1)
(86 67 64 2 1)
(88 65 63 4 1)
(100 69 65 4 1)
(104 70 66 3 1)
(107 72 67 1 1)
(108 74 68 1 1)
(109 75 69 1 1)
(110 74 68 4 1)
(114 72 67 3 1)
(117 71 66 1 1)
(118 71 66 1 1)
(119 69 65 1 1)
(120 72 67 16 1)
(176 72 67 4 1)
(180 72 67 2 1)
(182 72 67 2 1)
(184 69 65 4 1)
(188 65 63 4 1)
(192 69 65 3 1)
(195 70 66 1 1)
(196 72 67 1 1)
(197 74 68 1 1)
(198 72 67 3 1)
(201 70 66 1 1)
(202 69 65 1 1)
(203 67 64 1 1)
(204 70 66 2 1)
(206 69 65 1 1)
(207 67 64 2 1)
(209 65 63 1 1)
(210 65 63 4 1)
(214 64 62 2 1)
(216 65 63 8 1)
(236 67 64 4 1)
(240 65 63 2 1)
(242 65 63 2 1)
(244 65 63 1 1)
(245 67 64 1 1)
(246 69 65 1 1)
(247 70 66 1 1)
(248 72 67 2 1)
(250 74 68 3 1)
(253 73 67 1 1)
(254 73 67 2 1)
(256 74 68 8 1)
(272 74 68 6 1)
(278 76 69 2 1)
(280 77 70 2 1)
(282 77 70 4 1)
(286 76 69 2 1)
(288 74 68 6 1)
(294 72 67 1 1)
(295 70 66 1 1)
(296 69 65 3 1)
(299 67 64 1 1)
(300 69 65 2 1)
(302 70 66 4 1)
(306 69 65 4 1)
(310 67 64 2 1)
(312 69 65 8 1)
(352 69 65 4 1)
(356 69 65 2 1)
(358 69 65 4 1)
(362 69 65 2 1)
(364 70 66 4 1)
(368 69 65 4 1)
(374 69 65 2 1)
(376 69 65 2 1)
(378 69 65 2 1)
(380 69 65 2 1)
(382 72 67 4 1)
(386 70 66 1 1)
(387 69 65 1 1)
(388 70 66 4 1)
(392 69 65 8 1)
(400 72 67 4 1)
(404 72 67 2 1)
(406 72 67 2 1)
(408 65 63 4 1)
(412 65 63 4 1)
(416 69 65 3 1)
(419 70 66 1 1)
(420 72 67 1 1)
(421 70 66 1 1)
(422 72 67 3 1)
(425 70 66 1 1)
(426 67 64 1 1)
(427 69 65 1 1)
(428 70 66 3 1)
(431 69 65 1 1)
(432 67 64 1 1)
(433 65 63 1 1)
(434 65 63 4 1)
(438 64 62 2 1)
(440 65 63 8 1)
(484 72 67 4 1)
(488 72 67 4 1)
(492 72 67 4 1)
(496 69 65 4 1)
(500 65 63 4 1)
(504 69 65 4 1)
(508 74 68 4 1)
(512 72 67 4 1)
(516 72 67 2 1)
(518 72 67 3 1)
(521 70 66 1 1)
(522 69 65 1 1)
(523 67 64 1 1)
(524 65 63 1 1)
(525 64 62 1 1)
(526 67 64 4 1)
(530 65 63 3 1)
(533 64 62 1 1)
(534 64 62 2 1)
(536 65 63 8 1)
(544 72 67 4 1)
(548 72 67 2 1)
(550 72 67 2 1)
(552 74 68 6 1)
(558 72 67 2 1)
(560 70 66 3 1)
(563 69 65 1 1)
(564 67 64 4 1)
(570 72 67 2 1)
(572 72 67 2 1)
(574 72 67 2 1)
(576 69 65 3 1)
(579 70 66 1 1)
(580 72 67 2 1)
(582 74 68 4 1)
(586 72 67 3 1)
(589 71 66 1 1)
(590 71 66 2 1)
(592 72 67 8 1)
(632 69 65 4 1)
(636 69 65 4 1)
(640 70 66 4 1)
(644 69 65 2 1)
(646 67 64 4 1)
(650 65 63 3 1)
(653 64 62 1 1)
(654 64 62 2 1)
(656 65 63 8 1)
(674 69 65 2 1)
(676 69 65 2 1)
(678 69 65 2 1)
(680 72 67 3 1)
(683 70 66 1 1)
(684 72 67 1 1)
(685 70 66 1 1)
(686 69 65 1 1)
(687 67 64 1 1)
(688 65 63 8 1)
(698 69 65 2 1)
(700 70 66 2 1)
(702 70 66 2 1)
(704 69 65 3 1)
(707 70 66 1 1)
(708 72 67 1 1)
(709 74 68 1 1)
(710 76 69 4 1)
(714 74 68 4 1)
(718 73 67 2 1)
(720 74 68 8 1)
(728 69 65 4 1)
(732 69 65 4 1)
(736 70 66 4 1)
(740 69 65 2 1)
(742 74 68 3 1)
(745 72 67 1 1)
(746 70 66 1 1)
(747 69 65 1 1)
(748 70 66 4 1)
(752 69 65 8 1)
(770 74 68 2 1)
(772 74 68 2 1)
(774 74 68 2 1)
(776 77 70 6 1)
(782 76 69 1 1)
(783 74 68 1 1)
(784 74 68 2 1)
(786 72 67 1 1)
(787 70 66 1 1)
(788 69 65 2 1)
(790 74 68 4 1)
(794 72 67 2 1)
(796 70 66 2 1)
(798 72 67 3 1)
(801 70 66 1 1)
(802 69 65 4 1)
(806 67 64 2 1)
(808 69 65 8 1)
(824 74 68 4 1)
(828 74 68 2 1)
(830 74 68 2 1)
(832 72 67 4 1)
(836 72 67 4 1)
(840 77 70 6 1)
(846 76 69 1 1)
(847 74 68 1 1)
(848 76 69 2 1)
(850 76 69 2 1)
(852 72 67 2 1)
(854 74 68 3 1)
(857 72 67 1 1)
(858 70 66 1 1)
(859 69 65 1 1)
(860 67 64 2 1)
(862 69 65 2 1)
(864 67 64 2 1)
(866 72 67 4 1)
(870 71 66 2 1)
(872 72 67 8 1)
(928 69 65 4 1)
(932 69 65 4 1)
(936 70 66 3 1)
(939 69 65 1/2 1)
(1879/2 67 64 1/2 1)
(940 65 63 1 1)
(941 64 62 1 1)
(942 67 64 4 1)
(946 65 63 4 1)
(950 64 62 2 1)
(952 65 63 4 1)
(958 69 65 2 1)
(960 69 65 2 1)
(962 69 65 2 1)
(964 72 67 6 1)
(970 70 66 1 1)
(971 69 65 1 1)
(972 67 64 1 1)
(973 69 65 1 1)
(974 70 66 2 1)
(976 69 65 2 1)
(978 65 63 2 1)
(980 67 64 4 1)
(984 65 63 4 1)
(1016 70 66 4 1)
(1020 70 66 4 1)
(1024 69 65 1 1)
(1025 67 64 1 1)
(1026 69 65 1 1)
(1027 70 66 1 1)
(1028 72 67 2 1)
(1030 74 68 4 1)
(1034 72 67 4 1)
(1038 70 66 2 1)
(1040 72 67 4 1)
(1044 69 65 4 1)
(1054 74 68 2 1)
(1056 74 68 2 1)
(1058 74 68 2 1)
(1060 77 70 6 1)
(1066 76 69 1 1)
(1067 74 68 1 1)
(1068 74 68 2 1)
(1070 72 67 1 1)
(1071 70 66 1 1)
(1072 69 65 2 1)
(1074 70 66 2 1)
(1076 72 67 1 1)
(1077 70 66 1 1)
(1078 69 65 1 1)
(1079 67 64 1 1)
(1080 65 63 2 1)
(1082 74 68 2 1)
(1084 74 68 2 1)
(1086 74 68 2 1)
(1088 72 67 4 1)
(1092 69 65 2 1)
(1094 70 66 4 1)
(1098 69 65 4 1)
(1102 67 64 2 1)
(1104 69 65 16 1)
(1156 69 65 6 1)
(1162 69 65 2 1)
(1164 74 68 2 1)
(1166 74 68 2 1)
(1168 72 67 4 1)
(1172 69 65 2 1)
(1174 72 67 3 1)
(1177 70 66 1 1)
(1178 69 65 1 1)
(1179 67 64 1 1)
(1180 69 65 2 1)
(1182 67 64 4 1)
(1186 65 63 3 1)
(1189 64 62 1 1)
(1190 64 62 2 1)
(1192 65 63 8 1)
(1204 72 67 4 1)
(1208 72 67 2 1)
(1210 72 67 4 1)
(1214 72 67 2 1)
(1216 74 68 6 1)
(1222 72 67 2 1)
(1224 70 66 2 1)
(1226 69 65 1 1)
(1227 67 64 1 1)
(1228 69 65 4 1)
(1232 67 64 2 1)
(1234 74 68 4 1)
(1238 72 67 2 1)
(1240 70 66 2 1)
(1242 69 65 1 1)
(1243 67 64 1 1)
(1244 69 65 4 1)
(1248 67 64 3 1)
(1251 69 65 1 1)
(1252 70 66 1 1)
(1253 72 67 1 1)
(1254 74 68 3 1)
(1257 67 64 1 1)
(1258 72 67 4 1)
(1262 71 66 2 1)
(1264 72 67 12 1)
(1276 74 68 4 1)
(1280 74 68 4 1)
(1284 74 68 4 1)
(1288 77 70 8 1)
(1296 76 69 4 1)
(1300 74 68 8 1)
(1308 72 67 2 1)
(1310 70 66 2 1)
(1312 69 65 8 1)
(1336 74 68 4 1)
(1340 74 68 4 1)
(1344 74 68 4 1)
(1348 77 70 8 1)
(1356 76 69 4 1)
(1360 74 68 8 1)
(1368 72 67 2 1)
(1370 70 66 2 1)
(1372 69 65 2 1)
(1374 67 64 2 1)
(1376 70 66 6 1)
(1382 69 65 2 1)
(1384 69 65 8 1)
(1392 67 64 4 1)
(1396 69 65 12 1)
(1420 72 67 4 1)
(1424 72 67 4 1)
(1428 72 67 4 1)
(1432 65 63 8 1)
(1440 65 63 4 1)
(1444 69 65 6 1)
(1450 70 66 2 1)
(1452 72 67 2 1)
(1454 74 68 2 1)
(1456 72 67 6 1)
(1462 70 66 2 1)
(1464 69 65 2 1)
(1466 67 64 2 1)
(1468 70 66 4 1)
(1472 69 65 2 1)
(1474 67 64 4 1)
(1478 65 63 2 1)
(1480 65 63 8 1)
(1488 64 62 4 1)
(1492 65 63 8 1)
(1510 69 65 2 1)
(1512 69 65 2 1)
(1514 69 65 2 1)
(1516 72 67 3 1)
(1519 70 66 1 1)
(1520 72 67 1 1)
(1521 70 66 1 1)
(1522 69 65 1 1)
(1523 67 64 1 1)
(1524 65 63 2 1)
(1526 72 67 2 1)
(1528 74 68 4 1)
(1532 72 67 2 1)
(1534 69 65 2 1)
(1536 70 66 4 1)
(1540 69 65 4 1)
(1546 77 70 4 1)
(1550 76 69 2 1)
(1552 72 67 2 1)
(1554 74 68 4 1)
(1558 72 67 2 1)
(1560 69 65 2 1)
(1562 70 66 3 1)
(1565 69 65 1 1)
(1566 67 64 1 1)
(1567 65 63 1 1)
(1568 69 65 2 1)
(1570 67 64 3 1)
(1573 65 63 1 1)
(1574 65 63 4 1)
(1578 64 62 2 1)
(1580 65 63 6 1)
(1586 64 62 1 1)
(1587 62 61 1 1)
(1588 64 62 8 1)
(1596 65 63 8 1)
(1604 65 63 8 1)
