(0 67 64 12 1)
(12 71 66 2 1)
(14 72 67 2 1)
(16 74 68 6 1)
(22 72 67 2 1)
(24 69 65 2 1)
(26 67 64 2 1)
(28 67 64 4 1)
(32 72 67 4 1)
(36 71 66 4 1)
(40 69 65 4 1)
(44 72 67 2 1)
(46 71 66 2 1)
(48 67 64 4 1)
(52 67 64 2 1)
(54 66 63 4 1)
(58 64 62 2 1)
(60 67 64 8 1)
(72 64 62 6 1)
(78 62 61 2 1)
(80 65 63 4 1)
(84 67 64 8 1)
(92 72 67 4 1)
(96 72 67 8 1)
(104 71 66 2 1)
(106 69 65 2 1)
(108 72 67 8 1)
(116 71 66 4 1)
(120 72 67 4 1)
(124 74 68 8 1)
(132 74 68 4 1)
(136 76 69 6 1)
(142 74 68 2 1)
(144 74 68 6 1)
(150 74 68 2 1)
(152 73 67 2 1)
(154 71 66 2 1)
(156 74 68 12 1)
(170 71 66 2 1)
(172 72 67 2 1)
(174 74 68 4 1)
(178 67 64 2 1)
(180 69 65 2 1)
(182 71 66 2 1)
(184 67 64 4 1)
(188 64 62 2 1)
(190 65 63 2 1)
(192 67 64 3 1)
(195 65 63 1 1)
(196 64 62 2 1)
(198 62 61 4 1)
(202 67 64 2 1)
(204 65 63 2 1)
(206 69 65 3 1)
(209 71 66 1 1)
(210 72 67 3 1)
(213 71 66 1 1)
(214 69 65 1 1)
(215 67 64 1 1)
(216 67 64 2 1)
(218 74 68 2 1)
(220 72 67 1 1)
(221 70 66 2 1)
(223 69 65 1 1)
(224 70 66 1 1)
(225 67 64 2 1)
(227 65 63 1 1)
(228 69 65 4 1)
(240 69 65 4 1)
(244 70 66 6 1)
(250 69 65 2 1)
(252 65 63 4 1)
(258 69 65 2 1)
(260 71 66 2 1)
(262 72 67 4 1)
(266 71 66 2 1)
(268 69 65 2 1)
(270 67 64 2 1)
(272 64 62 4 1)
(276 62 61 2 1)
(278 67 64 4 1)
(282 65 63 2 1)
(284 70 66 4 1)
(288 69 65 2 1)
(290 74 68 2 1)
(292 70 66 2 1)
(294 67 64 4 1)
(298 66 63 2 1)
(300 67 64 4 1)
(308 62 61 2 1)
(310 64 62 2 1)
(312 62 61 2 1)
(314 67 64 3 1)
(317 65 63 1 1)
(318 62 61 2 1)
(320 60 60 2 1)
(322 62 61 1 1)
(323 64 62 1 1)
(324 65 63 2 1)
(326 64 62 2 1)
(328 62 61 2 1)
(330 60 60 2 1)
(332 58 59 3 1)
(335 57 58 1 1)
(336 57 58 4 1)
(344 69 65 4 1)
(348 67 64 4 1)
(352 70 66 6 1)
(358 69 65 2 1)
(360 66 63 12 1)
(372 66 63 6 1)
(378 67 64 2 1)
(380 66 63 2 1)
(382 64 62 2 1)
(384 67 64 4 1)
(396 69 65 4 1)
(400 69 65 4 1)
(404 69 65 8 1)
(412 65 63 8 1)
(420 62 61 4 1)
(424 65 63 2 1)
(426 67 64 2 1)
(428 69 65 6 1)
(434 67 64 2 1)
(436 69 65 2 1)
(438 65 63 2 1)
(440 64 62 4 1)
(446 69 65 4 1)
(450 67 64 2 1)
(452 65 63 6 1)
(458 69 65 2 1)
(460 72 67 2 1)
(462 71 66 2 1)
(464 69 65 4 1)
(468 65 63 2 1)
(470 65 63 2 1)
(472 65 63 3 1)
(475 64 62 1 1)
(476 60 60 4 1)
(482 60 60 2 1)
(484 62 61 2 1)
(486 60 60 2 1)
(488 65 63 4 1)
(492 64 62 2 1)
(494 69 65 3 1)
(497 71 66 1 1)
(498 72 67 3 1)
(501 71 66 1 1)
(502 69 65 1 1)
(503 67 64 1 1)
(504 71 66 3 1)
(507 67 64 1 1)
(508 67 64 4 1)
(516 67 64 8 1)
(524 67 64 2 1)
(526 65 63 2 1)
(528 62 61 4 1)
(532 70 66 6 1)
(538 69 65 2 1)
(540 67 64 2 1)
(542 65 63 2 1)
(544 65 63 4 1)
(548 70 66 4 1)
(552 70 66 8 1)
(560 70 66 4 1)
(564 69 65 4 1)
(576 62 61 4 1)
(580 62 61 4 1)
(584 62 61 4 1)
(590 74 68 4 1)
(594 74 68 4 1)
(598 74 68 2 1)
(600 76 69 4 1)
(604 74 68 8 1)
(612 74 68 2 1)
(614 74 68 2 1)
(616 70 66 2 1)
(618 70 66 2 1)
(620 70 66 2 1)
(622 70 66 2 1)
(624 69 65 8 1)
(632 72 67 3 1)
(635 70 66 1 1)
(636 67 64 2 1)
(638 65 63 2 1)
(640 70 66 2 1)
(642 69 65 2 1)
(644 67 64 4 1)
(650 66 63 2 1)
(652 66 63 2 1)
(654 67 64 2 1)
(656 66 63 3 1)
(659 64 62 1 1)
(660 67 64 8 1)
(672 71 66 8 1)
(680 72 67 4 1)
(684 74 68 8 1)
(692 72 67 4 1)
(696 69 65 6 1)
(702 67 64 2 1)
(704 71 66 8 1)
(716 67 64 8 1)
(724 69 65 4 1)
(728 67 64 4 1)
(732 72 67 4 1)
(736 71 66 4 1)
(740 67 64 8 1)
(748 67 64 4 1)
(752 69 65 4 1)
(756 71 66 4 1)
(760 72 67 4 1)
(764 74 68 6 1)
(770 72 67 2 1)
(772 72 67 8 1)
(780 71 66 4 1)
(784 72 67 8 1)
(800 72 67 4 1)
(804 71 66 4 1)
(808 67 64 4 1)
(812 69 65 6 1)
(818 67 64 2 1)
(820 64 62 4 1)
(824 67 64 2 1)
(826 65 63 2 1)
(828 62 61 3 1)
(831 60 60 1 1)
(832 60 60 8 1)
(844 67 64 8 1)
(852 69 65 8 1)
(860 67 64 8 1)
(868 72 67 4 1)
(872 71 66 4 1)
(876 72 67 4 1)
(880 74 68 4 1)
(884 67 64 6 1)
(890 66 63 2 1)
(892 66 63 2 1)
(894 64 62 2 1)
(896 67 64 16 1)
(920 67 64 8 1)
(928 69 65 12 1)
(940 67 64 4 1)
(944 71 66 4 1)
(948 72 67 4 1)
(952 74 68 12 1)
(964 72 67 4 1)
(968 69 65 6 1)
(974 67 64 2 1)
(976 67 64 8 1)
(984 65 63 4 1)
(988 64 62 6 1)
(994 62 61 2 1)
(996 62 61 8 1)
(1004 61 60 4 1)
(1008 62 61 16 1)
(1028 69 65 8 1)
(1036 67 64 4 1)
(1040 69 65 4 1)
(1044 70 66 8 1)
(1052 69 65 4 1)
(1056 67 64 6 1)
(1062 65 63 2 1)
(1064 65 63 8 1)
(1076 72 67 4 1)
(1080 70 66 4 1)
(1084 69 65 6 1)
(1090 67 64 2 1)
(1092 67 64 4 1)
(1096 64 62 4 1)
(1100 65 63 4 1)
(1104 67 64 4 1)
(1108 70 66 4 1)
(1112 69 65 8 1)
(1120 67 64 8 1)
(1132 74 68 4 1)
(1136 72 67 4 1)
(1140 70 66 6 1)
(1146 69 65 2 1)
(1148 67 64 4 1)
(1152 66 63 8 1)
(1164 66 63 8 1)
(1172 66 63 8 1)
(1180 66 63 4 1)
(1184 67 64 8 1)
(1200 69 65 6 1)
(1206 67 64 2 1)
(1208 69 65 2 1)
(1210 71 66 2 1)
(1212 72 67 4 1)
(1216 74 68 2 1)
(1218 72 67 2 1)
(1220 69 65 6 1)
(1226 65 63 2 1)
(1228 67 64 2 1)
(1230 65 63 2 1)
(1232 62 61 4 1)
(1236 65 63 6 1)
(1242 67 64 2 1)
(1244 69 65 6 1)
(1250 67 64 2 1)
(1252 65 63 2 1)
(1254 64 62 2 1)
(1256 64 62 8 1)
(1268 69 65 8 1)
(1276 65 63 8 1)
(1284 72 67 8 1)
(1292 72 67 4 1)
(1296 69 65 8 1)
(1308 65 63 4 1)
(1312 64 62 4 1)
(1316 60 60 4 1)
(1320 65 63 6 1)
(1326 64 62 2 1)
(1328 64 62 4 1)
(1332 69 65 6 1)
(1338 71 66 2 1)
(1340 72 67 2 1)
(1342 69 65 2 1)
(1344 71 66 4 1)
(1348 67 64 4 1)
(1356 74 68 4 1)
(1360 71 66 4 1)
(1364 67 64 6 1)
(1370 65 63 2 1)
(1372 64 62 2 1)
(1374 62 61 2 1)
(1376 62 61 8 1)
(1384 70 66 6 1)
(1390 69 65 2 1)
(1392 67 64 4 1)
(1396 65 63 4 1)
(1400 70 66 8 1)
(1408 69 65 8 1)
(1416 69 65 8 1)
(1424 62 61 16 1)
(1424 69 65 8 1)
(1440 74 68 8 1)
(1448 74 68 8 1)
(1464 74 68 8 1)
(1472 76 69 8 1)
(1480 74 68 12 1)
(1492 72 67 4 1)
(1496 70 66 8 1)
(1504 69 65 8 1)
(1516 69 65 4 1)
(1520 70 66 4 1)
(1524 67 64 8 1)
(1532 67 64 4 1)
(1536 69 65 4 1)
(1540 66 63 8 1)
(1548 64 62 4 1)
(1552 67 64 8 1)
(1568 69 65 8 1)
(1576 71 66 4 1)
(1580 67 64 4 1)
(1584 69 65 8 1)
(1592 65 63 4 1)
(1596 67 64 8 1)
(1604 64 62 4 1)
(1608 65 63 4 1)
(1612 62 61 8 1)
(1620 74 68 8 1)
(1628 71 66 4 1)
(1632 72 67 4 1)
(1636 74 68 6 1)
(1642 71 66 2 1)
(1644 71 66 6 1)
(1650 67 64 2 1)
(1652 67 64 4 1)
(1656 69 65 4 1)
(1660 71 66 4 1)
(1664 67 64 8 1)
(1672 72 67 4 1)
(1676 74 68 4 1)
(1680 71 66 4 1)
(1684 67 64 4 1)
(1688 69 65 4 1)
(1692 65 63 4 1)
(1696 62 61 8 1)
(1704 67 64 4 1)
(1708 64 62 4 1)
(1712 65 63 8 1)
(1720 67 64 4 1)
(1724 69 65 8 1)
(1732 71 66 4 1)
(1736 72 67 4 1)
(1740 69 65 6 1)
(1746 67 64 2 1)
(1748 67 64 8 1)
(1756 66 63 4 1)
(1760 67 64 8 1)
(1776 69 65 8 1)
(1784 65 63 4 1)
(1788 67 64 4 1)
(1792 69 65 8 1)
(1800 67 64 4 1)
(1804 74 68 8 1)
(1812 72 67 4 1)
(1816 69 65 6 1)
(1822 67 64 2 1)
(1824 67 64 8 1)
(1824 71 66 8 1)
(1836 69 65 8 1)
(1844 65 63 4 1)
(1848 69 65 4 1)
(1852 67 64 4 1)
(1856 64 62 8 1)
(1864 62 61 4 1)
(1868 69 65 8 1)
(1876 71 66 4 1)
(1880 72 67 4 1)
(1884 69 65 8 1)
(1892 74 68 4 1)
(1896 72 67 4 1)
(1900 69 65 4 1)
(1904 71 66 8 1)
(1912 67 64 8 1)
(1928 65 63 8 1)
(1936 70 66 8 1)
(1944 69 65 8 1)
(1952 62 61 8 1)
(1964 74 68 8 1)
(1972 72 67 4 1)
(1976 70 66 8 1)
(1984 69 65 8 1)
(1992 67 64 8 1)
(2000 66 63 6 1)
(2006 64 62 2 1)
(2008 67 64 4 1)
(2016 71 66 8 1)
(2024 72 67 4 1)
(2028 74 68 4 1)
(2032 71 66 6 1)
(2038 67 64 2 1)
(2040 67 64 8 1)
(2048 64 62 4 1)
(2052 65 63 4 1)
(2056 70 66 6 1)
(2062 69 65 2 1)
(2064 69 65 4 1)
(2068 67 64 6 1)
(2074 65 63 2 1)
(2076 69 65 12 1)
(2092 64 62 8 1)
(2100 62 61 4 1)
(2104 65 63 6 1)
(2110 67 64 2 1)
(2112 69 65 6 1)
(2118 67 64 2 1)
(2120 72 67 4 1)
(2124 71 66 4 1)
(2128 69 65 6 1)
(2134 67 64 2 1)
(2136 67 64 8 1)
(2144 66 63 4 1)
(2148 67 64 12 1)
(2172 69 65 4 1)
(2176 71 66 2 1)
(2178 74 68 4 1)
(2182 72 67 2 1)
(2184 71 66 4 1)
(2188 69 65 4 1)
(2192 67 64 2 1)
(2194 65 63 2 1)
(2196 64 62 4 1)
(2200 69 65 6 1)
(2206 67 64 2 1)
(2208 67 64 4 1)
(2212 65 63 4 1)
(2216 64 62 2 1)
(2218 62 61 2 1)
(2220 60 60 12 1)
(2236 64 62 4 1)
(2240 65 63 2 1)
(2242 67 64 2 1)
(2244 70 66 4 1)
(2248 69 65 4 1)
(2252 65 63 8 1)
(2260 64 62 6 1)
(2266 62 61 2 1)
(2268 62 61 12 1)
(2288 69 65 4 1)
(2292 67 64 4 1)
(2296 72 67 6 1)
(2302 69 65 2 1)
(2304 71 66 4 1)
(2308 74 68 2 1)
(2310 72 67 2 1)
(2312 69 65 4 1)
(2320 65 63 4 1)
(2324 70 66 4 1)
(2328 69 65 4 1)
(2332 62 61 6 1)
(2338 64 62 2 1)
(2340 67 64 4 1)
(2344 66 63 8 1)
(2356 69 65 6 1)
(2362 67 64 2 1)
(2364 67 64 6 1)
(2370 65 63 2 1)
(2372 62 61 2 1)
(2374 64 62 2 1)
(2376 65 63 4 1)
(2380 67 64 2 1)
(2382 69 65 4 1)
(2386 70 66 2 1)
(2388 69 65 2 1)
(2390 66 63 4 1)
(2394 67 64 2 1)
(2396 66 63 2 1)
(2398 64 62 2 1)
(2400 67 64 8 1)
(2412 69 65 8 1)
(2420 69 65 4 1)
(2424 69 65 4 1)
(2428 65 63 6 1)
(2434 62 61 2 1)
(2436 62 61 4 1)
(2440 65 63 4 1)
(2444 67 64 2 1)
(2446 69 65 4 1)
(2450 67 64 2 1)
(2452 64 62 6 1)
(2458 62 61 2 1)
(2460 62 61 4 1)
(2468 69 65 6 1)
(2474 71 66 2 1)
(2476 72 67 2 1)
(2478 74 68 2 1)
(2480 72 67 2 1)
(2482 69 65 2 1)
(2484 71 66 2 1)
(2486 69 65 4 1)
(2490 67 64 2 1)
(2492 69 65 2 1)
(2494 65 63 2 1)
(2496 64 62 4 1)
(2500 69 65 6 1)
(2506 67 64 2 1)
(2508 67 64 4 1)
(2514 72 67 4 1)
(2518 69 65 2 1)
(2520 72 67 4 1)
(2524 71 66 4 1)
(2532 67 64 8 1)
(2540 67 64 4 1)
(2544 62 61 4 1)
(2548 70 66 6 1)
(2554 69 65 2 1)
(2556 67 64 4 1)
(2560 65 63 8 1)
(2568 70 66 4 1)
(2572 70 66 8 1)
(2580 69 65 6 1)
(2586 65 63 2 1)
(2588 67 64 2 1)
(2590 65 63 2 1)
(2592 62 61 12 1)
(2612 74 68 4 1)
(2616 76 69 4 1)
(2620 74 68 8 1)
(2628 74 68 6 1)
(2634 72 67 2 1)
(2636 70 66 4 1)
(2640 69 65 4 1)
(2648 72 67 2 1)
(2650 71 66 2 1)
(2652 67 64 6 1)
(2658 65 63 2 1)
(2660 62 61 2 1)
(2662 67 64 4 1)
(2666 65 63 2 1)
(2668 67 64 2 1)
(2670 69 65 2 1)
(2672 66 63 3 1)
(2675 64 62 1 1)
(2676 67 64 8 1)
(2688 67 64 8 1)
(2696 65 63 4 1)
(2700 67 64 4 1)
(2704 69 65 6 1)
(2710 67 64 2 1)
(2712 67 64 4 1)
(2716 66 63 8 1)
(2724 67 64 12 1)
