(8 67 64 8 1)
(16 70 66 4 1)
(20 72 67 4 1)
(24 74 68 8 1)
(36 72 67 4 1)
(40 70 66 6 1)
(46 69 65 1 1)
(47 67 64 1 1)
(48 69 65 4 1)
(52 70 66 4 1)
(56 72 67 8 1)
(64 70 66 4 1)
(68 69 65 4 1)
(72 70 66 2 1)
(74 67 64 4 1)
(78 65 63 1 1)
(79 64 62 1 1)
(80 65 63 4 1)
(86 65 63 2 1)
(88 64 62 2 1)
(90 62 61 2 1)
(92 64 62 4 1)
(96 62 61 4 1)
(102 69 65 3 1)
(105 70 66 1/2 1)
(211/2 72 67 1/2 1)
(106 74 68 4 1)
(110 72 67 2 1)
(112 74 68 2 1)
(114 70 66 4 1)
(118 69 65 1 1)
(119 67 64 1 1)
(120 69 65 1 1)
(121 67 64 1 1)
(122 72 67 3 1)
(125 70 66 1 1)
(126 69 65 1 1)
(127 67 64 1 1)
(128 69 65 2 1)
(130 67 64 4 1)
(134 66 63 2 1)
(136 67 64 8 1)
(192 70 66 6 1)
(198 70 66 2 1)
(200 69 65 4 1)
(204 67 64 6 1)
(210 65 63 1 1)
(211 64 62 1 1)
(212 62 61 1 1)
(213 64 62 1 1)
(214 65 63 1 1)
(215 67 64 1 1)
(216 69 65 1 1)
(217 70 66 1 1)
(218 67 64 2 1)
(220 65 63 1 1)
(221 67 64 1 1)
(222 69 65 1 1)
(223 70 66 1 1)
(224 72 67 1 1)
(225 74 68 1 1)
(226 70 66 2 1)
(228 69 65 2 1)
(230 74 68 4 1)
(234 73 67 2 1)
(236 74 68 4 1)
(242 62 61 4 1)
(246 62 61 2 1)
(248 60 60 2 1)
(250 65 63 3 1)
(253 64 62 1 1)
(254 62 61 4 1)
(258 61 60 2 1)
(260 62 61 2 1)
(262 65 63 4 1)
(266 64 62 1 1)
(267 62 61 1 1)
(268 64 62 2 1)
(270 65 63 2 1)
(272 67 64 8 1)
(280 69 65 4 1)
(284 72 67 4 1)
(288 70 66 8 1)
(296 69 65 4 1)
(302 69 65 4 1)
(306 69 65 2 1)
(308 67 64 2 1)
(310 72 67 2 1)
(312 70 66 2 1)
(314 69 65 4 1)
(318 67 64 2 1)
(320 69 65 2 1)
(322 67 64 2 1)
(324 69 65 3 1)
(327 72 67 1 1)
(328 70 66 2 1)
(330 69 65 4 1)
(334 70 66 4 1)
(338 69 65 2 1)
(340 72 67 3 1)
(343 70 66 1 1)
(344 69 65 1 1)
(345 67 64 1 1)
(346 67 64 4 1)
(350 66 63 2 1)
(352 67 64 8 1)
(360 62 61 4 1)
(364 62 61 2 1)
(366 64 62 1 1)
(367 65 63 1 1)
(368 67 64 1 1)
(369 69 65 1 1)
(370 70 66 4 1)
(374 69 65 2 1)
(376 67 64 4 1)
(380 67 64 2 1)
(382 69 65 1 1)
(383 70 66 1 1)
(384 72 67 1 1)
(385 74 68 1 1)
(386 75 69 4 1)
(390 74 68 2 1)
(392 72 67 4 1)
(396 65 63 2 1)
(398 70 66 3 1)
(401 67 64 1 1)
(402 69 65 2 1)
(404 74 68 3 1)
(407 70 66 1 1)
(408 72 67 2 1)
(410 74 68 2 1)
(436 69 65 3 1)
(439 65 63 1 1)
(440 67 64 2 1)
(442 69 65 2 1)
(444 65 63 3 1)
(447 62 61 1 1)
(448 64 62 2 1)
(450 62 61 2 1)
(452 69 65 4 1)
(456 67 64 2 1)
(458 65 63 3 1)
(461 62 61 1 1)
(462 64 62 2 1)
(464 62 61 4 1)
(468 67 64 3 1)
(471 64 62 1 1)
(472 65 63 2 1)
(474 67 64 2 1)
(476 62 61 2 1)
(478 67 64 3 1)
(481 69 65 1 1)
(482 65 63 2 1)
(484 64 62 4 1)
(488 62 61 4 1)
(522 70 66 3 1)
(525 72 67 1 1)
(526 74 68 2 1)
(528 72 67 2 1)
(530 74 68 3 1)
(533 72 67 1 1)
(534 69 65 2 1)
(536 70 66 2 1)
(538 69 65 3 1)
(541 70 66 1 1)
(542 72 67 2 1)
(544 70 66 2 1)
(546 72 67 3 1)
(549 70 66 1 1)
(550 67 64 2 1)
(552 69 65 2 1)
(554 67 64 4 1)
(558 66 63 2 1)
(560 67 64 4 1)
(568 70 66 12 1)
(580 70 66 4 1)
(584 69 65 16 1)
(604 67 64 8 1)
(612 69 65 4 1)
(616 70 66 3 1)
(619 72 67 1 1)
(620 74 68 1 1)
(621 75 69 1 1)
(622 74 68 2 1)
(624 72 67 2 1)
(626 70 66 4 1)
(630 69 65 2 1)
(632 70 66 8 1)
(652 70 66 6 1)
(658 70 66 2 1)
(660 69 65 2 1)
(662 67 64 2 1)
(664 70 66 3 1)
(667 72 67 1 1)
(668 69 65 2 1)
(670 67 64 2 1)
(672 70 66 4 1)
(676 72 67 4 1)
(680 74 68 8 1)
(688 72 67 3 1)
(691 70 66 1 1)
(692 72 67 1 1)
(693 70 66 1 1)
(694 69 65 1 1)
(695 67 64 1 1)
(696 65 63 2 1)
(698 70 66 4 1)
(702 69 65 2 1)
(704 70 66 4 1)
(708 70 66 2 1)
(710 72 67 4 1)
(714 69 65 2 1)
(716 70 66 4 1)
(720 67 64 2 1)
(722 69 65 4 1)
(726 65 63 2 1)
(728 67 64 2 1)
(730 64 62 4 1)
(734 62 61 4 1)
(738 67 64 4 1)
(742 66 63 2 1)
(744 67 64 8 1)
(752 67 64 12 1)
(764 64 62 4 1)
(768 64 62 8 1)
(776 64 62 4 1)
(780 69 65 8 1)
(788 65 63 4 1)
(792 65 63 8 1)
(800 65 63 4 1)
(804 70 66 8 1)
(812 67 64 4 1)
(816 67 64 3 1)
(819 69 65 1 1)
(820 70 66 2 1)
(822 67 64 4 1)
(826 72 67 3 1)
(829 71 66 1 1)
(830 71 66 2 1)
(832 72 67 8 1)
(842 72 67 4 1)
(846 69 65 2 1)
(848 69 65 6 1)
(854 70 66 4 1)
(858 69 65 1 1)
(859 67 64 1 1)
(860 69 65 4 1)
(864 69 65 2 1)
(866 72 67 3 1)
(869 69 65 1 1)
(870 72 67 2 1)
(872 70 66 2 1)
(874 69 65 2 1)
(876 74 68 4 1)
(880 74 68 2 1)
(882 72 67 4 1)
(886 70 66 1 1)
(887 69 65 1 1)
(888 70 66 8 1)
(928 69 65 3 1)
(931 70 66 1 1)
(932 72 67 2 1)
(934 69 65 4 1)
(938 67 64 2 1)
(940 69 65 2 1)
(942 64 62 2 1)
(944 67 64 8 1)
(952 65 63 8 1)
(960 64 62 4 1)
(964 64 62 2 1)
(966 69 65 4 1)
(970 67 64 2 1)
(972 69 65 4 1)
(976 70 66 2 1)
(978 72 67 2 1)
(980 69 65 2 1)
(982 74 68 4 1)
(986 73 67 2 1)
(988 74 68 4 1)
(996 74 68 4 1)
(1000 72 67 2 1)
(1002 69 65 4 1)
(1006 67 64 2 1)
(1008 69 65 3 1)
(1011 70 66 1 1)
(1012 72 67 1 1)
(1013 70 66 1 1)
(1014 69 65 1 1)
(1015 67 64 1 1)
(1016 65 63 2 1)
(1018 74 68 4 1)
(1022 74 68 2 1)
(1024 72 67 3 1)
(1027 70 66 1 1)
(1028 69 65 2 1)
(1030 67 64 2 1)
(1032 65 63 8 1)
(1040 67 64 8 1)
(1048 65 63 3 1)
(1051 67 64 1 1)
(1052 69 65 1 1)
(1053 70 66 1 1)
(1054 72 67 1 1)
(1055 70 66 1 1)
(1056 69 65 1 1)
(1057 67 64 1 1)
(1058 67 64 4 1)
(1062 66 63 2 1)
(1064 67 64 8 1)
(1252 69 65 4 1)
(1256 70 66 1 1)
(1257 69 65 1 1)
(1258 70 66 1 1)
(1259 72 67 1 1)
(1260 74 68 4 1)
(1264 72 67 4 1)
(1268 70 66 4 1)
(1274 69 65 2 1)
(1276 70 66 1 1)
(1277 69 65 1 1)
(1278 70 66 1 1)
(1279 72 67 1 1)
(1280 74 68 4 1)
(1284 72 67 2 1)
(1286 69 65 2 1)
(1288 70 66 3 1)
(1291 67 64 1 1)
(1292 69 65 2 1)
(1294 74 68 4 1)
(1298 72 67 2 1)
(1300 74 68 2 1)
(1302 69 65 4 1)
(1306 70 66 2 1)
(1308 72 67 2 1)
(1310 69 65 4 1)
(1314 67 64 1 1)
(1315 65 63 1 1)
(1316 64 62 4 1)
(1322 62 61 3 1)
(1325 64 62 1 1)
(1326 65 63 1 1)
(1327 67 64 1 1)
(1328 69 65 2 1)
(1330 70 66 3 1)
(1333 69 65 1 1)
(1334 74 68 4 1)
(1338 72 67 4 1)
(1342 70 66 3 1)
(1345 69 65 1 1)
(1346 67 64 1 1)
(1347 65 63 1 1)
(1348 67 64 4 1)
(1352 65 63 4 1)
(1358 65 63 3 1)
(1361 64 62 1 1)
(1362 65 63 1 1)
(1363 62 61 1 1)
(1364 65 63 2 1)
(1366 62 61 2 1)
(1368 65 63 1 1)
(1369 64 62 1 1)
(1370 65 63 1 1)
(1371 62 61 1 1)
(1372 65 63 2 1)
(1374 62 61 2 1)
(1376 65 63 1 1)
(1377 67 64 1 1)
(1378 69 65 1 1)
(1379 67 64 1/2 1)
(2759/2 69 65 1/2 1)
(1380 70 66 2 1)
(1382 69 65 4 1)
(1386 67 64 4 1)
(1390 66 63 2 1)
(1392 67 64 8 1)
