(0 69 65 3 1)
(3 67 64 1 1)
(4 65 63 1 1)
(5 64 62 1 1)
(6 65 63 4 1)
(10 64 62 1 1)
(11 62 61 1 1)
(12 60 60 4 1)
(32 69 65 3 1)
(35 67 64 1 1)
(36 65 63 1 1)
(37 64 62 1 1)
(38 65 63 4 1)
(42 64 62 1 1)
(43 62 61 1 1)
(44 64 62 4 1)
(48 62 61 16 1)
(100 60 60 4 1)
(104 62 61 4 1)
(108 65 63 4 1)
(112 67 64 4 1)
(116 71 66 4 1)
(120 69 65 2 1)
(122 72 67 3 1)
(125 71 66 1 1)
(126 69 65 1 1)
(127 67 64 1 1)
(128 65 63 12 1)
(140 65 63 4 1)
(144 67 64 3 1)
(147 65 63 1/2 1)
(295/2 64 62 1/2 1)
(148 62 61 2 1)
(150 67 64 4 1)
(154 65 63 1 1)
(155 64 62 1 1)
(156 62 61 4 1)
(160 60 60 4 1)
(164 60 60 3 1)
(167 59 59 1 1)
(168 60 60 2 1)
(170 62 61 4 1)
(174 61 60 2 1)
(176 62 61 8 1)
(200 59 59 3 1)
(203 60 60 1 1)
(204 62 61 2 1)
(206 64 62 3 1)
(209 65 63 1 1)
(210 67 64 1 1)
(211 69 65 1 1)
(212 71 66 2 1)
(214 64 62 2 1)
(218 72 67 4 1)
(222 69 65 4 1)
(226 67 64 1 1)
(227 65 63 1 1)
(228 64 62 2 1)
(230 69 65 4 1)
(234 65 63 4 1)
(238 64 62 1 1)
(239 62 61 1 1)
(240 60 60 3 1)
(243 62 61 1 1)
(244 64 62 2 1)
(246 65 63 3 1)
(249 67 64 1 1)
(250 69 65 1 1)
(251 71 66 1 1)
(252 72 67 4 1)
(256 71 66 8 1)
(266 71 66 4 1)
(270 67 64 2 1)
(272 71 66 2 1)
(274 69 65 4 1)
(278 67 64 4 1)
(282 65 63 4 1)
(286 64 62 1 1)
(287 62 61 1 1)
(288 60 60 4 1)
(294 64 62 2 1)
(296 65 63 2 1)
(298 67 64 4 1)
(302 64 62 2 1)
(304 65 63 2 1)
(306 67 64 2 1)
(308 64 62 4 1)
(312 65 63 2 1)
(314 67 64 2 1)
(316 64 62 2 1)
(318 65 63 3 1)
(321 64 62 1 1)
(322 62 61 4 1)
(326 61 60 2 1)
(328 62 61 4 1)
(334 57 58 2 1)
(336 59 59 2 1)
(338 60 60 2 1)
(340 62 61 2 1)
(342 65 63 2 1)
(344 64 62 2 1)
(346 62 61 3 1)
(349 60 60 1 1)
(350 59 59 1 1)
(351 57 58 1 1)
(352 59 59 4 1)
(356 57 58 4 1)
(368 65 63 4 1)
(372 67 64 4 1)
(376 65 63 4 1)
(380 67 64 4 1)
(384 69 65 24 1)
(412 67 64 4 1)
(416 67 64 6 1)
(422 65 63 2 1)
(424 64 62 4 1)
(428 62 61 4 1)
(432 67 64 6 1)
(438 69 65 4 1)
(442 67 64 4 1)
(446 66 63 2 1)
(448 67 64 4 1)
(468 67 64 4 1)
(472 65 63 4 1)
(476 64 62 4 1)
(480 62 61 2 1)
(482 59 59 1 1)
(483 60 60 1 1)
(484 62 61 1 1)
(485 59 59 1 1)
(486 64 62 4 1)
(490 62 61 4 1)
(494 61 60 2 1)
(496 62 61 4 1)
(502 69 65 3 1)
(505 71 66 1 1)
(506 72 67 2 1)
(508 74 68 2 1)
(510 71 66 2 1)
(512 72 67 2 1)
(514 69 65 2 1)
(516 71 66 3 1)
(519 67 64 1 1)
(520 69 65 2 1)
(522 65 63 2 1)
(524 67 64 2 1)
(526 64 62 4 1)
(530 62 61 2 1)
(532 64 62 4 1)
(550 64 62 2 1)
(552 65 63 2 1)
(554 69 65 3 1)
(557 62 61 1 1)
(558 65 63 2 1)
(560 64 62 4 1)
(566 62 61 2 1)
(568 64 62 3 1)
(571 65 63 1 1)
(572 67 64 2 1)
(574 69 65 4 1)
(578 68 64 2 1)
(580 69 65 8 1)
(588 72 67 8 1)
(596 69 65 4 1)
(600 67 64 4 1)
(604 69 65 6 1)
(610 67 64 2 1)
(612 65 63 4 1)
(616 64 62 4 1)
(622 64 62 3 1)
(625 65 63 1 1)
(626 67 64 4 1)
(630 71 66 2 1)
(632 69 65 4 1)
(636 67 64 4 1)
(646 67 64 2 1)
(648 69 65 4 1)
(652 67 64 4 1)
(662 67 64 3 1)
(665 69 65 1 1)
(666 71 66 2 1)
(668 72 67 2 1)
(670 71 66 4 1)
(674 67 64 2 1)
(676 69 65 2 1)
(678 71 66 4 1)
(682 64 62 2 1)
(684 65 63 2 1)
(686 67 64 4 1)
(690 60 60 2 1)
(692 62 61 2 1)
(694 64 62 4 1)
(698 57 58 2 1)
(700 59 59 2 1)
(702 60 60 2 1)
(704 62 61 2 1)
(706 65 63 4 1)
(710 64 62 4 1)
(714 62 61 4 1)
(718 61 60 2 1)
(720 62 61 8 1)
(764 69 65 4 1)
(768 71 66 3 1)
(771 72 67 1 1)
(772 74 68 2 1)
(774 74 68 3 1)
(777 72 67 1 1)
(778 71 66 1 1)
(779 69 65 1 1)
(780 67 64 3 1)
(783 69 65 1 1)
(784 71 66 2 1)
(786 71 66 3 1)
(789 69 65 1 1)
(790 67 64 1 1)
(791 65 63 1 1)
(792 64 62 3 1)
(795 65 63 1 1)
(796 67 64 2 1)
(798 67 64 3 1)
(801 65 63 1 1)
(802 64 62 1 1)
(803 62 61 1 1)
(804 60 60 3 1)
(807 62 61 1 1)
(808 64 62 2 1)
(810 64 62 3 1)
(813 62 61 1 1)
(814 60 60 1 1)
(815 59 59 1 1)
(816 57 58 2 1)
(818 62 61 2 1)
(820 57 58 2 1)
(822 62 61 4 1)
(826 60 60 1 1)
(827 59 59 1 1)
(828 57 58 3 1)
(831 59 59 1 1)
(832 60 60 2 1)
(834 62 61 2 1)
(836 64 62 2 1)
(838 65 63 2 1)
(840 67 64 4 1)
(844 64 62 4 1)
(850 67 64 2 1)
(852 67 64 3 1)
(855 65 63 1 1)
(856 64 62 2 1)
(858 62 61 2 1)
(860 60 60 2 1)
(862 59 59 2 1)
(864 57 58 2 1)
(866 72 67 2 1)
(868 72 67 3 1)
(871 71 66 1 1)
(872 69 65 2 1)
(874 67 64 2 1)
(876 65 63 2 1)
(878 64 62 2 1)
(880 67 64 16 1)
(896 69 65 16 1)
(914 71 66 2 1)
(916 71 66 3 1)
(919 69 65 1 1)
(920 67 64 2 1)
(922 65 63 2 1)
(924 64 62 2 1)
(926 62 61 2 1)
(928 60 60 3 1)
(931 62 61 1 1)
(932 64 62 2 1)
(934 65 63 4 1)
(938 64 62 1 1)
(939 62 61 1 1)
(940 60 60 2 1)
(942 62 61 2 1)
(944 64 62 3 1)
(947 62 61 1 1)
(948 60 60 1 1)
(949 59 59 1 1)
(950 57 58 4 1)
(954 62 61 4 1)
(958 61 60 2 1)
(960 62 61 4 1)
(966 62 61 2 1)
(968 65 63 3 1)
(971 67 64 1 1)
(972 69 65 6 1)
(978 67 64 1 1)
(979 65 63 1 1)
(980 64 62 4 1)
(986 69 65 2 1)
(988 67 64 2 1)
(990 64 62 2 1)
(992 67 64 6 1)
(998 64 62 2 1)
(1000 64 62 4 1)
(1006 71 66 3 1)
(1009 72 67 1 1)
(1010 74 68 3 1)
(1013 72 67 1 1)
(1014 71 66 1 1)
(1015 69 65 1 1)
(1016 67 64 4 1)
(1022 67 64 4 1)
(1026 69 65 1 1)
(1027 71 66 1 1)
(1028 72 67 2 1)
(1030 67 64 2 1)
(1032 72 67 3 1)
(1035 71 66 1 1)
(1036 69 65 2 1)
(1038 67 64 2 1)
(1040 69 65 2 1)
(1042 67 64 2 1)
(1044 69 65 2 1)
(1046 72 67 2 1)
(1048 71 66 2 1)
(1050 74 68 3 1)
(1053 72 67 1 1)
(1054 71 66 4 1)
(1058 69 65 4 1)
(1062 68 64 2 1)
(1064 69 65 8 1)
(1076 69 65 4 1)
(1080 67 64 4 1)
(1084 64 62 4 1)
(1088 65 63 2 1)
(1090 62 61 3 1)
(1093 64 62 1 1)
(1094 65 63 2 1)
(1096 67 64 1 1)
(1097 65 63 1 1)
(1098 64 62 1 1)
(1099 62 61 1 1)
(1100 61 60 2 1)
(1102 62 61 1 1)
(1103 61 60 1 1)
(1104 62 61 8 1)
(1124 74 68 4 1)
(1128 72 67 4 1)
(1132 69 65 4 1)
(1136 71 66 2 1)
(1138 67 64 3 1)
(1141 69 65 1 1)
(1142 71 66 2 1)
(1144 72 67 1 1)
(1145 71 66 1 1)
(1146 69 65 1 1)
(1147 67 64 1 1)
(1148 66 63 2 1)
(1150 67 64 1 1)
(1151 66 63 1 1)
(1152 67 64 8 1)
(1170 64 62 3 1)
(1173 65 63 1 1)
(1174 67 64 2 1)
(1176 69 65 2 1)
(1178 62 61 3 1)
(1181 64 62 1 1)
(1182 65 63 2 1)
(1184 67 64 2 1)
(1186 60 60 3 1)
(1189 62 61 1 1)
(1190 64 62 2 1)
(1192 65 63 1 1)
(1193 64 62 1 1)
(1194 62 61 1 1)
(1195 60 60 1 1)
(1196 59 59 3 1)
(1199 57 58 1 1)
(1200 60 60 4 1)
(1208 64 62 3 1)
(1211 65 63 1 1)
(1212 67 64 2 1)
(1214 69 65 4 1)
(1218 65 63 2 1)
(1220 67 64 2 1)
(1222 64 62 4 1)
(1226 69 65 4 1)
(1230 65 63 2 1)
(1232 67 64 2 1)
(1234 64 62 4 1)
(1238 57 58 4 1)
(1242 69 65 4 1)
(1246 67 64 4 1)
(1250 64 62 2 1)
(1252 65 63 2 1)
(1254 62 61 3 1)
(1257 64 62 1 1)
(1258 65 63 1 1)
(1259 64 62 1/2 1)
(2519/2 65 63 1/2 1)
(1260 67 64 2 1)
(1262 62 61 2 1)
(1264 67 64 2 1)
(1266 65 63 2 1)
(1268 62 61 2 1)
(1270 67 64 3 1)
(1273 65 63 1 1)
(1274 64 62 1 1)
(1275 62 61 1 1)
(1276 64 62 4 1)
(1280 62 61 24 1)
(1304 62 61 4 1)
(1308 61 60 4 1)
(1312 62 61 16 1)
(1332 69 65 8 1)
(1340 64 62 8 1)
(1348 67 64 4 1)
(1354 67 64 3 1)
(1357 69 65 1 1)
(1358 71 66 2 1)
(1360 64 62 2 1)
(1362 72 67 4 1)
(1366 71 66 2 1)
(1368 67 64 2 1)
(1370 69 65 4 1)
(1374 67 64 4 1)
(1378 66 63 2 1)
(1380 67 64 4 1)
(1396 74 68 4 1)
(1400 72 67 4 1)
(1404 71 66 4 1)
(1408 69 65 4 1)
(1414 67 64 2 1)
(1416 65 63 2 1)
(1418 62 61 2 1)
(1420 64 62 2 1)
(1422 65 63 2 1)
(1424 67 64 3 1)
(1427 65 63 1 1)
(1428 64 62 1 1)
(1429 62 61 1 1)
(1430 64 62 4 1)
(1434 62 61 4 1)
(1438 61 60 2 1)
(1440 62 61 4 1)
(1454 69 65 3 1)
(1457 71 66 1 1)
(1458 72 67 2 1)
(1460 74 68 2 1)
(1462 69 65 2 1)
(1470 69 65 3 1)
(1473 71 66 1 1)
(1474 72 67 2 1)
(1476 74 68 2 1)
(1478 67 64 2 1)
(1480 72 67 8 1)
(1490 69 65 3 1)
(1493 71 66 1 1)
(1494 72 67 2 1)
(1496 74 68 2 1)
(1498 67 64 2 1)
(1500 72 67 4 1)
(1504 71 66 6 1)
(1510 69 65 4 1)
(1514 67 64 4 1)
(1518 66 63 2 1)
(1520 67 64 8 1)
(1532 62 61 4 1)
(1536 64 62 3 1)
(1539 65 63 1 1)
(1540 67 64 2 1)
(1542 69 65 2 1)
(1544 65 63 4 1)
(1548 64 62 4 1)
(1556 62 61 4 1)
(1560 64 62 3 1)
(1563 65 63 1 1)
(1564 67 64 2 1)
(1566 69 65 2 1)
(1568 65 63 4 1)
(1572 64 62 2 1)
(1574 67 64 4 1)
(1578 65 63 1 1)
(1579 64 62 1 1)
(1580 62 61 4 1)
(1588 67 64 4 1)
(1592 67 64 2 1)
(1594 69 65 4 1)
(1598 69 65 2 1)
(1600 67 64 4 1)
(1604 67 64 2 1)
(1606 72 67 6 1)
(1612 71 66 6 1)
(1618 69 65 4 1)
(1622 67 64 1 1)
(1623 65 63 1 1)
(1624 64 62 2 1)
(1626 67 64 4 1)
(1630 65 63 2 1)
(1632 64 62 2 1)
(1634 67 64 4 1)
(1638 65 63 2 1)
(1640 64 62 2 1)
(1642 67 64 3 1)
(1645 65 63 1 1)
(1646 64 62 4 1)
(1650 62 61 4 1)
(1654 61 60 2 1)
(1656 62 61 8 1)
(1674 65 63 3 1)
(1677 64 62 1 1)
(1678 69 65 4 1)
(1682 67 64 4 1)
(1686 66 63 2 1)
(1688 67 64 8 1)
(1706 65 63 3 1)
(1709 64 62 1 1)
(1710 69 65 4 1)
(1714 67 64 4 1)
(1718 66 63 2 1)
(1720 67 64 8 1)
(1734 67 64 4 1)
(1738 67 64 6 1)
(1744 69 65 4 1)
(1748 72 67 4 1)
(1752 71 66 2 1)
(1754 69 65 4 1)
(1758 67 64 4 1)
(1762 65 63 2 1)
(1764 67 64 2 1)
(1766 70 66 4 1)
(1770 69 65 4 1)
(1774 67 64 2 1)
(1776 69 65 8 1)
(1792 69 65 26666667/10000000 1)
(8973333/5000 67 64 6666667/5000000 1)
(1796 65 63 6666667/5000000 1)
(8986667/5000 64 62 26666667/10000000 1)
(1816 69 65 26666667/10000000 1)
(9093333/5000 67 64 6666667/5000000 1)
(1820 65 63 6666667/5000000 1)
(9106667/5000 64 62 26666667/10000000 1)
(1824 62 61 26666667/10000000 1)
(9146667/5000 62 61 26666667/10000000 1)
(1832 64 62 4 1)
(1836 62 61 6666667/5000000 1)
(9186667/5000 60 60 26666667/10000000 1)
(1840 59 59 8 1)
(1850 71 66 4 1)
(1854 71 66 2 1)
(1856 72 67 4 1)
(1860 74 68 4 1)
(1864 72 67 4 1)
(1868 69 65 2 1)
(1870 71 66 4 1)
(1874 69 65 4 1)
(1878 68 64 2 1)
(1880 69 65 4 1)
(1886 64 62 2 1)
(1888 65 63 4 1)
(1892 64 62 4 1)
(1898 64 62 3 1)
(1901 65 63 1 1)
(1902 67 64 2 1)
(1904 60 60 2 1)
(1906 62 61 2 1)
(1908 64 62 2 1)
(1910 65 63 2 1)
(1912 67 64 2 1)
(1914 60 60 2 1)
(1916 62 61 2 1)
(1918 64 62 2 1)
(1920 65 63 2 1)
(1922 67 64 2 1)
(1924 60 60 2 1)
(1926 62 61 2 1)
(1928 64 62 2 1)
(1930 65 63 2 1)
(1932 67 64 2 1)
(1934 64 62 4 1)
(1938 62 61 3 1)
(1941 61 60 1 1)
(1942 61 60 2 1)
(1944 62 61 8 1)
