(0 67 64 4 1)
(4 70 66 3 1)
(7 69 65 1 1)
(8 65 63 2 1)
(10 67 64 4 1)
(14 66 63 2 1)
(16 67 64 4 1)
(20 55 57 4 1)
(30 67 64 2 1)
(32 70 66 4 1)
(36 69 65 4 1)
(40 67 64 2 1)
(42 70 66 3 1)
(45 69 65 1 1)
(46 67 64 4 1)
(50 66 63 2 1)
(52 67 64 4 1)
(56 55 57 4 1)
(62 62 61 4 1)
(66 62 61 2 1)
(68 62 61 4 1)
(72 58 59 3 1)
(75 60 60 1 1)
(76 62 61 4 1)
(82 62 61 4 1)
(86 60 60 3 1)
(89 57 58 1 1)
(90 60 60 2 1)
(92 58 59 2 1)
(94 62 61 2 1)
(96 60 60 2 1)
(98 64 62 3 1)
(101 62 61 1 1)
(102 67 64 1 1)
(103 65 63 1 1)
(104 63 62 1 1)
(105 62 61 1 1)
(106 62 61 4 1)
(110 60 60 2 1)
(112 62 61 4 1)
(118 65 63 2 1)
(120 63 62 2 1)
(122 62 61 3 1)
(125 58 59 1 1)
(126 60 60 2 1)
(128 62 61 2 1)
(130 58 59 2 1)
(132 57 58 4 1)
(136 55 57 4 1)
(142 67 64 2 1)
(144 70 66 3 1)
(147 69 65 1 1)
(148 65 63 2 1)
(150 67 64 2 1)
(152 69 65 2 1)
(154 57 58 2 1)
(156 58 59 2 1)
(158 55 57 1 1)
(159 57 58 1 1)
(160 58 59 1 1)
(161 60 60 1 1)
(162 62 61 4 1)
(166 60 60 2 1)
(168 62 61 4 1)
(174 69 65 2 1)
(176 70 66 3 1)
(179 67 64 1 1)
(180 69 65 3 1)
(183 70 66 1 1)
(184 72 67 2 1)
(186 70 66 4 1)
(190 69 65 1 1)
(191 67 64 1 1)
(192 65 63 4 1)
(200 70 66 8 1)
(208 69 65 4 1)
(212 69 65 4 1)
(216 62 61 2 1)
(218 70 66 3 1)
(221 69 65 1 1)
(222 67 64 4 1)
(226 65 63 1 1)
(227 64 62 1 1)
(228 65 63 1 1)
(229 67 64 1 1)
(230 69 65 1 1)
(231 65 63 1 1)
(232 67 64 8 1)
(316 62 61 4 1)
(320 60 60 2 1)
(322 65 63 1 1)
(323 67 64 1 1)
(324 69 65 1 1)
(325 70 66 1 1)
(326 69 65 3 1)
(329 67 64 1 1)
(330 67 64 4 1)
(334 66 63 2 1)
(336 67 64 4 1)
(342 62 61 2 1)
(344 65 63 3 1)
(347 67 64 1 1)
(348 69 65 2 1)
(350 57 58 2 1)
(352 58 59 3 1)
(355 60 60 1 1)
(356 62 61 1 1)
(357 63 62 1 1)
(358 62 61 4 1)
(362 60 60 1 1)
(363 58 59 1 1)
(364 57 58 4 1)
(368 55 57 4 1)
(374 62 61 2 1)
(376 65 63 3 1)
(379 67 64 1 1)
(380 69 65 2 1)
(382 57 58 2 1)
(384 58 59 2 1)
(386 60 60 2 1)
(388 62 61 2 1)
(390 65 63 3 1)
(393 67 64 1 1)
(394 69 65 1 1)
(395 70 66 1 1)
(396 72 67 3 1)
(399 70 66 1 1)
(400 67 64 2 1)
(402 70 66 3 1)
(405 69 65 1 1)
(406 67 64 4 1)
(410 65 63 2 1)
(412 64 62 2 1)
(414 62 61 4 1)
(418 60 60 1 1)
(419 58 59 1 1)
(420 57 58 4 1)
(426 55 57 2 1)
(428 58 59 2 1)
(430 55 57 2 1)
(432 62 61 4 1)
(438 62 61 2 1)
(440 65 63 3 1)
(443 67 64 1 1)
(444 69 65 1 1)
(445 70 66 1 1)
(446 72 67 2 1)
(448 70 66 1 1)
(449 69 65 1 1)
(450 67 64 1 1)
(451 65 63 1 1)
(452 64 62 1 1)
(453 62 61 1 1)
(454 64 62 2 1)
(456 62 61 2 1)
(458 65 63 3 1)
(461 67 64 1 1)
(462 69 65 1 1)
(463 70 66 1 1)
(464 72 67 2 1)
(466 69 65 2 1)
(468 62 61 2 1)
(470 65 63 3 1)
(473 67 64 1 1)
(474 69 65 1 1)
(475 70 66 1 1)
(476 72 67 2 1)
(478 69 65 2 1)
(482 70 66 4 1)
(486 67 64 2 1)
(488 70 66 2 1)
(490 69 65 4 1)
(494 62 61 2 1)
(496 60 60 2 1)
(498 57 58 2 1)
(500 62 61 4 1)
(506 60 60 2 1)
(508 58 59 2 1)
(510 55 57 2 1)
(512 70 66 6 1)
(518 69 65 1 1)
(519 67 64 1 1)
(520 65 63 2 1)
(522 67 64 4 1)
(526 66 63 2 1)
(528 67 64 8 1)
(984 55 57 8 1)
(992 58 59 4 1)
(996 60 60 4 1)
(1000 62 61 6 1)
(1006 64 62 2 1)
(1008 65 63 2 1)
(1010 67 64 2 1)
(1012 69 65 8 1)
(1020 70 66 4 1)
(1024 72 67 6 1)
(1030 69 65 2 1)
(1032 70 66 4 1)
(1036 69 65 6 1)
(1042 65 63 2 1)
(1044 67 64 4 1)
(1048 69 65 8 1)
(1060 72 67 6 1)
(1066 70 66 2 1)
(1068 69 65 3 1)
(1071 67 64 1 1)
(1072 69 65 2 1)
(1074 67 64 4 1)
(1078 65 63 1 1)
(1079 64 62 1 1)
(1080 65 63 8 1)
(1092 72 67 6 1)
(1098 70 66 2 1)
(1100 69 65 3 1)
(1103 67 64 1 1)
(1104 70 66 4 1)
(1108 69 65 8 1)
(1116 70 66 6 1)
(1122 69 65 1 1)
(1123 67 64 1 1)
(1124 67 64 8 1)
(1132 65 63 4 1)
(1136 67 64 4 1)
(1140 70 66 4 1)
(1144 69 65 8 1)
(1152 72 67 8 1)
(1160 70 66 4 1)
(1164 69 65 6 1)
(1170 67 64 2 1)
(1172 70 66 6 1)
(1178 69 65 2 1)
(1180 67 64 4 1)
(1184 65 63 4 1)
(1188 64 62 6 1)
(1194 62 61 2 1)
(1196 62 61 8 1)
(1204 61 61 4 1)
(1208 62 61 4 1)
(1212 65 63 4 1)
(1216 67 64 4 1)
(1220 67 64 4 1)
(1224 69 65 4 1)
(1228 69 65 4 1)
(1232 62 61 4 1)
(1236 67 64 4 1)
(1240 65 63 4 1)
(1244 69 65 6 1)
(1250 67 64 2 1)
(1252 67 64 6 1)
(1258 70 66 4 1)
(1262 69 65 1 1)
(1263 67 64 1 1)
(1264 70 66 4 1)
(1268 69 65 4 1)
(1274 62 61 2 1)
(1276 64 62 3 1)
(1279 62 61 1 1)
(1280 64 62 2 1)
(1282 65 63 4 1)
(1286 64 62 1 1)
(1287 62 61 1 1)
(1288 65 63 4 1)
(1292 64 62 4 1)
(1298 69 65 4 1)
(1302 70 66 2 1)
(1304 67 64 2 1)
(1306 72 67 3 1)
(1309 70 66 1 1)
(1310 69 65 1 1)
(1311 67 64 1 1)
(1312 65 63 2 1)
(1314 67 64 4 1)
(1318 66 63 2 1)
(1320 67 64 8 1)
(1332 67 64 4 1)
(1336 67 64 4 1)
(1340 67 64 4 1)
(1344 69 65 4 1)
(1348 69 65 4 1)
(1352 67 64 3 1)
(1355 65 63 1 1)
(1356 67 64 2 1)
(1358 69 65 3 1)
(1361 67 64 1 1)
(1362 65 63 4 1)
(1366 64 62 1 1)
(1367 62 61 1 1)
(1368 64 62 8 1)
(1412 62 61 4 1)
(1416 60 60 4 1)
(1420 62 61 2 1)
(1422 65 63 4 1)
(1426 64 62 1 1)
(1427 62 61 1 1)
(1428 64 62 4 1)
(1432 57 58 4 1)
(1436 69 65 8 1)
(1444 65 63 4 1)
(1448 67 64 2 1)
(1450 70 66 4 1)
(1454 69 65 1 1)
(1455 67 64 1 1)
(1456 69 65 4 1)
(1460 62 61 4 1)
(1468 69 65 4 1)
(1472 70 66 4 1)
(1476 72 67 3 1)
(1479 70 66 1 1)
(1480 67 64 3 1)
(1483 69 65 1 1)
(1484 70 66 3 1)
(1487 67 64 1 1)
(1488 65 63 3 1)
(1491 67 64 1 1)
(1492 69 65 3 1)
(1495 67 64 1 1)
(1496 64 62 4 1)
(1502 67 64 2 1)
(1504 67 64 2 1)
(1506 67 64 2 1)
(1508 69 65 4 1)
(1512 70 66 4 1)
(1516 69 65 4 1)
(1522 65 63 2 1)
(1524 65 63 2 1)
(1526 65 63 2 1)
(1528 67 64 3 1)
(1531 69 65 1 1)
(1532 70 66 3 1)
(1535 69 65 1 1)
(1536 65 63 3 1)
(1539 67 64 1 1)
(1540 69 65 2 1)
(1542 62 61 2 1)
(1544 65 63 3 1)
(1547 67 64 1 1)
(1548 69 65 2 1)
(1550 70 66 2 1)
(1552 69 65 2 1)
(1554 62 61 2 1)
(1556 65 63 3 1)
(1559 67 64 1 1)
(1560 69 65 2 1)
(1562 70 66 2 1)
(1564 69 65 2 1)
(1566 62 61 2 1)
(1568 65 63 3 1)
(1571 67 64 1 1)
(1572 69 65 2 1)
(1574 70 66 2 1)
(1576 69 65 1 1)
(1577 67 64 1 1)
(1578 67 64 4 1)
(1582 66 63 2 1)
(1584 67 64 8 1)
