(8 65 63 4 1)
(12 67 64 2 1)
(14 69 65 4 1)
(18 70 66 2 1)
(20 67 64 4 1)
(24 65 63 6 1)
(30 63 62 1 1)
(31 62 61 1 1)
(32 58 59 2 1)
(34 65 63 2 1)
(36 67 64 2 1)
(38 65 63 4 1)
(42 70 66 4 1)
(46 69 65 2 1)
(48 70 66 4 1)
(52 72 67 6 1)
(58 69 65 2 1)
(60 69 65 4 1)
(68 67 64 4 1)
(72 65 63 3 1)
(75 63 62 1/2 1)
(151/2 62 61 1/2 1)
(76 60 60 2 1)
(78 63 62 2 1)
(80 62 61 4 1)
(84 60 60 4 1)
(92 69 65 4 1)
(96 69 65 4 1)
(100 65 63 2 1)
(102 70 66 4 1)
(106 69 65 2 1)
(108 69 65 6 1)
(114 67 64 1 1)
(115 65 63 1 1)
(116 67 64 3 1)
(119 65 63 1/2 1)
(239/2 67 64 1/2 1)
(120 69 65 6 1)
(126 65 63 2 1)
(128 67 64 3 1)
(131 64 62 1 1)
(132 62 61 2 1)
(134 60 60 4 1)
(138 65 63 4 1)
(142 64 62 2 1)
(144 65 63 8 1)
(156 62 61 8 1)
(164 63 62 2 1)
(166 62 61 2 1)
(168 58 59 4 1)
(172 63 62 6 1)
(178 62 61 2 1)
(180 62 61 2 1)
(182 65 63 4 1)
(186 63 62 1 1)
(187 62 61 1 1)
(188 60 60 3 1)
(191 58 59 1 1)
(192 62 61 3 1)
(195 64 62 1 1)
(196 65 63 6 1)
(202 62 61 2 1)
(204 60 60 12 1)
(216 69 65 8 1)
(224 69 65 4 1)
(228 70 66 4 1)
(232 69 65 2 1)
(234 69 65 4 1)
(238 67 64 1 1)
(239 65 63 1 1)
(240 64 62 4 1)
(248 62 61 4 1)
(252 65 63 4 1)
(256 70 66 8 1)
(264 69 65 3 1)
(267 70 66 1 1)
(268 72 67 6 1)
(274 70 66 1 1)
(275 69 65 1 1)
(276 67 64 3 1)
(279 65 63 1 1)
(280 67 64 4 1)
(284 69 65 6 1)
(290 67 64 1 1)
(291 65 63 1 1)
(292 64 62 4 1)
(300 69 65 4 1)
(304 69 65 4 1)
(308 69 65 4 1)
(312 69 65 8 1)
(320 69 65 4 1)
(324 67 64 4 1)
(328 65 63 6 1)
(334 64 62 2 1)
(336 64 62 4 1)
(340 62 61 2 1)
(342 60 60 4 1)
(346 65 63 3 1)
(349 67 64 1 1)
(350 69 65 1 1)
(351 67 64 1/2 1)
(703/2 69 65 1/2 1)
(352 70 66 2 1)
(354 69 65 1 1)
(355 72 67 2 1)
(357 70 66 1 1)
(358 69 65 1 1)
(359 65 63 1 1)
(360 67 64 2 1)
(362 69 65 3 1)
(365 65 63 1 1)
(366 65 63 4 1)
(370 64 62 2 1)
(372 65 63 12 1)
