(60 69 65 4 1)
(64 72 67 4 1)
(68 71 66 4 1)
(72 64 62 4 1)
(78 67 64 2 1)
(80 67 64 2 1)
(82 69 65 2 1)
(84 71 66 2 1)
(86 72 67 3 1)
(89 71 66 1 1)
(90 67 64 2 1)
(94 71 66 2 1)
(96 72 67 2 1)
(98 74 68 2 1)
(100 76 69 3 1)
(103 74 68 1 1)
(104 71 66 4 1)
(116 64 62 4 1)
(120 65 63 2 1)
(122 65 63 2 1)
(124 64 62 2 1)
(126 67 64 3 1)
(129 69 65 1 1)
(130 71 66 2 1)
(132 72 67 4 1)
(136 71 66 2 1)
(138 69 65 4 1)
(142 68 64 2 1)
(144 69 65 8 1)
(158 69 65 4 1)
(162 67 64 2 1)
(164 65 63 4 1)
(168 64 62 4 1)
(178 67 64 2 1)
(180 69 65 2 1)
(182 67 64 2 1)
(184 65 63 4 1)
(188 64 62 4 1)
(194 67 64 4 1)
(198 69 65 2 1)
(200 71 66 2 1)
(202 72 67 3 1)
(205 71 66 1 1)
(206 67 64 2 1)
(208 69 65 2 1)
(210 67 64 4 1)
(214 65 63 2 1)
(216 67 64 2 1)
(218 65 63 3 1)
(221 64 62 1 1)
(222 64 62 4 1)
(226 62 61 2 1)
(228 64 62 8 1)
(240 71 66 4 1)
(244 71 66 2 1)
(246 72 67 2 1)
(248 71 66 2 1)
(250 67 64 2 1)
(254 69 65 2 1)
(256 71 66 2 1)
(258 71 66 2 1)
(260 72 67 3 1)
(263 71 66 1 1)
(264 67 64 4 1)
(272 72 67 3 1)
(275 71 66 1 1)
(276 69 65 2 1)
(278 67 64 2 1)
(280 69 65 2 1)
(282 72 67 2 1)
(284 71 66 2 1)
(286 72 67 2 1)
(288 71 66 2 1)
(290 69 65 2 1)
(292 67 64 2 1)
(294 72 67 2 1)
(296 71 66 4 1)
(300 69 65 4 1)
(308 72 67 2 1)
(310 72 67 2 1)
(312 74 68 3 1)
(315 72 67 1 1)
(316 69 65 4 1)
(324 67 64 3 1)
(327 69 65 1 1)
(328 71 66 2 1)
(330 69 65 4 1)
(334 67 64 2 1)
(336 72 67 4 1)
(340 71 66 4 1)
(344 72 67 3 1)
(347 74 68 1 1)
(348 76 69 8 1)
(356 74 68 3 1)
(359 72 67 1 1)
(360 72 67 6 1)
(366 71 66 2 1)
(368 71 66 2 1)
(370 69 65 2 1)
(372 72 67 3 1)
(375 71 66 1 1)
(376 69 65 2 1)
(378 67 64 2 1)
(380 69 65 4 1)
(392 72 67 2 1)
(394 72 67 2 1)
(396 74 68 1 1)
(397 72 67 1 1)
(398 71 66 1 1)
(399 69 65 1 1)
(400 67 64 2 1)
(402 69 65 4 1)
(406 68 64 2 1)
(408 69 65 3 1)
(411 67 64 1 1)
(412 64 62 2 1)
(414 72 67 3 1)
(417 71 66 1 1)
(418 69 65 2 1)
(420 67 64 2 1)
(422 69 65 3 1)
(425 67 64 1 1)
(426 67 64 4 1)
(430 66 63 2 1)
(432 67 64 4 1)
(436 69 65 4 1)
(440 67 64 2 1)
(442 72 67 3 1)
(445 71 66 1 1)
(446 72 67 2 1)
(448 71 66 2 1)
(450 67 64 2 1)
(452 69 65 4 1)
(458 67 64 2 1)
(460 72 67 4 1)
(464 74 68 2 1)
(466 76 69 3 1)
(469 74 68 1 1)
(470 71 66 4 1)
(474 72 67 4 1)
(478 74 68 4 1)
(482 72 67 2 1)
(484 69 65 4 1)
(488 67 64 4 1)
(492 67 64 12 1)
(528 69 65 4 1)
(532 69 65 4 1)
(536 71 66 6 1)
(542 72 67 2 1)
(544 74 68 6 1)
(550 72 67 2 1)
(552 71 66 2 1)
(554 67 64 2 1)
(556 69 65 4 1)
(560 71 66 4 1)
(568 69 65 4 1)
(572 71 66 4 1)
(576 72 67 4 1)
(580 71 66 4 1)
(584 74 68 3 1)
(587 72 67 1 1)
(588 69 65 4 1)
(592 67 64 4 1)
(600 64 62 4 1)
(604 67 64 4 1)
(608 69 65 2 1)
(610 72 67 4 1)
(614 71 66 2 1)
(616 72 67 2 1)
(618 74 68 3 1)
(621 72 67 1 1)
(622 71 66 1 1)
(623 69 65 1 1)
(624 67 64 2 1)
(626 69 65 4 1)
(630 68 64 2 1)
(632 69 65 4 1)
(640 64 62 12 1)
(652 62 61 4 1)
(656 60 60 8 1)
(668 64 62 4 1)
(672 65 63 4 1)
(676 67 64 4 1)
(680 65 63 4 1)
(684 62 61 4 1)
(688 64 62 6 1)
(694 65 63 2 1)
(696 67 64 2 1)
(698 65 63 1 1)
(699 64 62 1 1)
(700 62 61 2 1)
(702 67 64 4 1)
(706 66 63 1 1)
(707 64 62 1 1)
(708 66 63 4 1)
(712 67 64 4 1)
(718 64 62 4 1)
(722 65 63 2 1)
(724 67 64 4 1)
(728 69 65 3 1)
(731 67 64 1 1)
(732 64 62 4 1)
(740 67 64 4 1)
(744 69 65 3 1)
(747 67 64 1 1)
(748 72 67 6 1)
(754 71 66 1 1)
(755 69 65 1 1)
(756 71 66 4 1)
(760 72 67 6 1)
(766 71 66 1 1)
(767 69 65 1 1)
(768 67 64 8 1)
(776 67 64 4 1)
(780 69 65 4 1)
(784 64 62 4 1)
(788 69 65 4 1)
(792 67 64 4 1)
(796 72 67 4 1)
(800 71 66 2 1)
(802 69 65 4 1)
(806 68 64 2 1)
(808 69 65 8 1)
(820 67 64 4 1)
(824 67 64 4 1)
(828 69 65 4 1)
(832 67 64 4 1)
(836 72 67 8 1)
(844 71 66 4 1)
(848 69 65 8 1)
(856 67 64 4 1)
(904 67 64 8 1)
(912 69 65 4 1)
(916 67 64 4 1)
(920 72 67 8 1)
(928 71 66 4 1)
(932 69 65 6 1)
(938 67 64 2 1)
(940 67 64 8 1)
(948 66 63 4 1)
(952 67 64 8 1)
(964 64 62 8 1)
(972 65 63 4 1)
(976 67 64 8 1)
(984 69 65 4 1)
(988 67 64 4 1)
(992 69 65 4 1)
(996 64 62 4 1)
(1004 72 67 8 1)
(1012 71 66 2 1)
(1014 69 65 2 1)
(1016 67 64 8 1)
(1024 65 63 12 1)
(1036 65 63 12 1)
(1048 69 65 12 1)
(1060 67 64 12 1)
(1072 67 64 12 1)
(1084 69 65 4 1)
(1088 72 67 4 1)
(1092 71 66 4 1)
(1096 64 62 4 1)
(1102 67 64 2 1)
(1104 69 65 2 1)
(1106 72 67 4 1)
(1110 71 66 2 1)
(1112 72 67 2 1)
(1114 71 66 1 1)
(1115 69 65 1 1)
(1116 67 64 4 1)
(1122 67 64 2 1)
(1124 69 65 2 1)
(1126 72 67 3 1)
(1129 71 66 1 1)
(1130 71 66 2 1)
(1132 64 62 2 1)
(1134 69 65 4 1)
(1138 68 64 2 1)
(1140 69 65 4 1)
(1144 64 62 4 1)
(1158 67 64 2 1)
(1160 69 65 2 1)
(1162 71 66 2 1)
(1164 72 67 2 1)
(1166 71 66 1 1)
(1167 69 65 1 1)
(1168 67 64 4 1)
(1174 71 66 2 1)
(1176 72 67 2 1)
(1178 71 66 2 1)
(1182 71 66 2 1)
(1184 72 67 2 1)
(1186 71 66 4 1)
(1190 76 69 4 1)
(1194 74 68 1 1)
(1195 72 67 1 1)
(1196 71 66 4 1)
(1210 67 64 3 1)
(1213 69 65 1 1)
(1214 71 66 2 1)
(1216 69 65 2 1)
(1218 67 64 2 1)
(1220 71 66 2 1)
(1222 69 65 2 1)
(1224 67 64 2 1)
(1226 69 65 2 1)
(1228 72 67 2 1)
(1230 71 66 3 1)
(1233 69 65 1 1)
(1234 69 65 2 1)
(1236 67 64 2 1)
(1238 69 65 4 1)
(1242 68 64 2 1)
(1244 69 65 8 1)
