(0 64 62 8 1)
(8 67 64 8 1)
(16 69 65 4 1)
(20 69 65 4 1)
(24 67 64 4 1)
(30 67 64 2 1)
(32 67 64 2 1)
(34 67 64 2 1)
(36 64 62 2 1)
(38 67 64 4 1)
(42 65 63 1 1)
(43 64 62 1 1)
(44 62 61 2 1)
(46 67 64 2 1)
(48 65 63 2 1)
(50 67 64 2 1)
(52 64 62 1 1)
(53 65 63 1 1)
(54 67 64 1 1)
(55 69 65 1 1)
(56 71 66 2 1)
(58 69 65 3 1)
(61 68 64 1 1)
(62 68 64 2 1)
(64 69 65 8 1)
(106 69 65 2 1)
(108 69 65 2 1)
(110 69 65 2 1)
(112 67 64 2 1)
(114 64 62 4 1)
(118 67 64 2 1)
(120 65 63 2 1)
(122 62 61 3 1)
(125 64 62 1 1)
(126 65 63 1 1)
(127 67 64 1 1)
(128 69 65 3 1)
(131 67 64 1/2 1)
(263/2 65 63 1/2 1)
(132 64 62 1 1)
(133 62 61 1 1)
(134 69 65 4 1)
(138 67 64 4 1)
(142 66 63 2 1)
(144 67 64 8 1)
(154 64 62 2 1)
(156 64 62 3 1)
(159 65 63 1 1)
(160 67 64 2 1)
(162 69 65 4 1)
(166 67 64 1 1)
(167 65 63 1 1)
(168 64 62 2 1)
(170 67 64 2 1)
(172 69 65 2 1)
(174 71 66 2 1)
(176 72 67 8 1)
(184 71 66 4 1)
(188 71 66 2 1)
(190 67 64 4 1)
(194 65 63 1 1)
(195 64 62 1 1)
(196 62 61 2 1)
(198 67 64 3 1)
(201 65 63 1 1)
(202 64 62 2 1)
(204 62 61 4 1)
(208 60 60 8 1)
(218 67 64 2 1)
(220 67 64 2 1)
(222 67 64 2 1)
(224 67 64 4 1)
(228 67 64 4 1)
(232 69 65 3 1)
(235 67 64 1 1)
(236 65 63 1 1)
(237 64 62 1 1)
(238 64 62 4 1)
(242 62 61 2 1)
(244 64 62 4 1)
(306 67 64 2 1)
(308 67 64 2 1)
(310 67 64 2 1)
(312 64 62 3 1)
(315 65 63 1 1)
(316 67 64 1 1)
(317 64 62 1 1)
(318 67 64 1 1)
(319 69 65 1 1)
(320 71 66 2 1)
(322 69 65 3 1)
(325 68 64 1 1)
(326 68 64 2 1)
(328 69 65 2 1)
(330 72 67 4 1)
(334 72 67 2 1)
(336 71 66 2 1)
(338 67 64 4 1)
(342 65 63 2 1)
(344 67 64 4 1)
(348 67 64 4 1)
(352 64 62 3 1)
(355 62 61 1 1)
(356 60 60 4 1)
(360 62 61 8 1)
(384 62 61 6 1)
(390 62 61 2 1)
(392 64 62 2 1)
(394 62 61 4 1)
(398 67 64 4 1)
(402 64 62 2 1)
(404 65 63 4 1)
(408 65 63 4 1)
(412 64 62 4 1)
(416 67 64 3 1)
(419 65 63 1 1)
(420 62 61 2 1)
(422 65 63 2 1)
(424 64 62 4 1)
(428 62 61 3 1)
(431 64 62 1 1)
(432 65 63 1 1)
(433 67 64 1 1)
(434 69 65 4 1)
(438 68 64 2 1)
(440 69 65 2 1)
(442 64 62 4 1)
(446 69 65 4 1)
(450 67 64 2 1)
(452 65 63 2 1)
(454 64 62 2 1)
(456 62 61 2 1)
(458 60 60 2 1)
(460 62 61 4 1)
(464 60 60 8 1)
(474 67 64 4 1)
(478 67 64 2 1)
(480 67 64 2 1)
(482 67 64 2 1)
(484 64 62 3 1)
(487 65 63 1 1)
(488 67 64 2 1)
(490 69 65 4 1)
(494 67 64 2 1)
(496 69 65 2 1)
(498 67 64 2 1)
(500 69 65 2 1)
(502 72 67 4 1)
(506 71 66 1 1)
(507 69 65 1 1)
(508 71 66 4 1)
(514 64 62 2 1)
(516 64 62 3 1)
(519 65 63 1 1)
(520 67 64 2 1)
(522 69 65 3 1)
(525 67 64 1 1)
(526 65 63 1 1)
(527 64 62 1 1)
(528 62 61 2 1)
(530 60 60 2 1)
(532 67 64 8 1)
(540 64 62 3 1)
(543 65 63 1 1)
(544 67 64 2 1)
(546 69 65 4 1)
(550 67 64 2 1)
(552 65 63 2 1)
(554 64 62 2 1)
(556 62 61 4 1)
(560 60 60 4 1)
(566 67 64 2 1)
(568 69 65 3 1)
(571 67 64 1 1)
(572 65 63 2 1)
(574 64 62 2 1)
(576 62 61 2 1)
(578 65 63 4 1)
(582 64 62 1 1)
(583 62 61 1 1)
(584 60 60 16 1)
(612 64 62 4 1)
(616 64 62 3 1)
(619 65 63 1 1)
(620 67 64 2 1)
(622 69 65 4 1)
(626 67 64 2 1)
(628 69 65 2 1)
(630 64 62 4 1)
(634 67 64 2 1)
(636 67 64 2 1)
(638 67 64 2 1)
(640 62 61 2 1)
(642 67 64 3 1)
(645 65 63 1 1)
(646 64 62 1 1)
(647 62 61 1 1)
(648 60 60 8 1)
(688 67 64 6 1)
(694 67 64 2 1)
(696 67 64 4 1)
(700 67 64 4 1)
(704 64 62 3 1)
(707 65 63 1 1)
(708 67 64 2 1)
(710 69 65 4 1)
(714 71 66 2 1)
(716 72 67 2 1)
(718 71 66 3 1)
(721 69 65 1 1)
(722 69 65 4 1)
(726 68 64 2 1)
(728 69 65 8 1)
(756 69 65 6 1)
(762 69 65 2 1)
(764 69 65 4 1)
(768 72 67 4 1)
(772 72 67 4 1)
(776 71 66 4 1)
(780 69 65 2 1)
(782 71 66 3 1)
(785 69 65 1 1)
(786 67 64 2 1)
(788 65 63 2 1)
(790 67 64 4 1)
(794 65 63 1 1)
(795 64 62 1 1)
(796 62 61 4 1)
(800 60 60 4 1)
(804 67 64 8 1)
(812 67 64 4 1)
(816 67 64 4 1)
(820 67 64 4 1)
(824 69 65 6 1)
(830 67 64 2 1)
(832 65 63 2 1)
(834 64 62 1 1)
(835 62 61 1 1)
(836 64 62 4 1)
(840 62 61 4 1)
(844 67 64 4 1)
(848 65 63 2 1)
(850 64 62 4 1)
(854 62 61 2 1)
(856 64 62 16 1)
(938 64 62 2 1)
(940 64 62 2 1)
(942 64 62 2 1)
(944 67 64 3 1)
(947 65 63 1 1)
(948 64 62 2 1)
(950 62 61 3 1)
(953 60 60 1 1)
(954 59 59 1 1)
(955 57 58 1 1)
(956 59 59 4 1)
(960 57 58 4 1)
(964 64 62 8 1)
(972 64 62 4 1)
(976 64 62 4 1)
(980 64 62 4 1)
(984 67 64 6 1)
(990 65 63 1 1)
(991 64 62 1 1)
(992 62 61 4 1)
(996 67 64 4 1)
(1000 64 62 3 1)
(1003 65 63 1 1)
(1004 67 64 2 1)
(1006 69 65 4 1)
(1010 67 64 3 1)
(1013 66 63 1 1)
(1014 66 63 2 1)
(1016 67 64 8 1)
(1030 67 64 4 1)
(1034 67 64 4 1)
(1038 67 64 2 1)
(1040 67 64 4 1)
(1044 67 64 4 1)
(1048 62 61 8 1)
(1058 62 61 2 1)
(1060 69 65 6 1)
(1066 69 65 2 1)
(1068 69 65 2 1)
(1070 67 64 1 1)
(1071 65 63 1 1)
(1072 64 62 2 1)
(1074 67 64 2 1)
(1076 65 63 4 1)
(1080 64 62 6 1)
(1086 62 61 2 1)
(1088 60 60 4 1)
(1092 59 59 4 1)
(1102 71 66 4 1)
(1106 71 66 4 1)
(1110 71 66 2 1)
(1112 72 67 2 1)
(1114 72 67 3 1)
(1117 71 66 1 1)
(1118 69 65 1 1)
(1119 67 64 1 1)
(1120 65 63 4 1)
(1124 67 64 4 1)
(1128 65 63 1 1)
(1129 67 64 1 1)
(1130 69 65 1 1)
(1131 71 66 1 1)
(1132 69 65 2 1)
(1134 67 64 4 1)
(1138 66 63 2 1)
(1140 67 64 2 1)
(1142 64 62 4 1)
(1146 65 63 3 1)
(1149 64 62 1 1)
(1150 62 61 4 1)
(1154 61 60 2 1)
(1156 62 61 4 1)
(1166 62 61 2 1)
(1168 62 61 2 1)
(1170 62 61 3 1)
(1173 64 62 1 1)
(1174 65 63 1 1)
(1175 67 64 1 1)
(1176 69 65 2 1)
(1178 71 66 2 1)
(1180 72 67 4 1)
(1184 71 66 4 1)
(1188 71 66 2 1)
(1190 67 64 4 1)
(1194 65 63 1 1)
(1195 64 62 1 1)
(1196 62 61 2 1)
(1198 67 64 2 1)
(1200 64 62 2 1)
(1202 65 63 4 1)
(1206 64 62 4 1)
(1210 62 61 2 1)
(1212 64 62 4 1)
(1218 64 62 2 1)
(1220 67 64 2 1)
(1222 67 64 2 1)
(1224 67 64 4 1)
(1228 67 64 4 1)
(1232 69 65 4 1)
(1236 69 65 2 1)
(1238 65 63 4 1)
(1242 64 62 1 1)
(1243 62 61 1 1)
(1244 60 60 2 1)
(1246 62 61 2 1)
(1248 64 62 2 1)
(1250 65 63 2 1)
(1252 67 64 2 1)
(1254 67 64 3 1)
(1257 65 63 1 1)
(1258 64 62 1 1)
(1259 62 61 1 1)
(1260 60 60 4 1)
(1270 69 65 2 1)
(1272 72 67 3 1)
(1275 71 66 1 1)
(1276 69 65 2 1)
(1278 67 64 2 1)
(1280 65 63 2 1)
(1282 64 62 2 1)
(1284 67 64 4 1)
(1288 65 63 4 1)
(1292 64 62 4 1)
(1298 69 65 4 1)
(1302 67 64 2 1)
(1304 64 62 2 1)
(1306 67 64 3 1)
(1309 65 63 1 1)
(1310 64 62 4 1)
(1314 62 61 1 1)
(1315 60 60 1 1)
(1316 62 61 4 1)
(1320 64 62 8 1)
(1328 64 62 24 1)
