(0 72 67 8 1)
(8 72 67 6 1)
(14 69 65 4 1)
(18 65 63 2 1)
(20 65 63 4 1)
(24 67 64 2 1)
(26 70 66 2 1)
(28 69 65 2 1)
(30 67 64 2 1)
(32 65 63 4 1)
(38 67 64 2 1)
(40 69 65 6666667/5000000 1)
(10333333/250000 70 66 6666667/5000000 1)
(10666667/250000 72 67 6666667/5000000 1)
(44 70 66 6666667/5000000 1)
(11333333/250000 69 65 6666667/5000000 1)
(11666667/250000 67 64 6666667/5000000 1)
(48 69 65 8 1)
(60 72 67 4 1)
(64 72 67 4 1)
(68 70 66 4 1)
(72 69 65 8 1)
(80 67 64 3 1)
(83 69 65 1 1)
(84 70 66 2 1)
(86 69 65 4 1)
(90 67 64 1 1)
(91 65 63 1 1)
(92 64 62 2 1)
(94 67 64 4 1)
(98 65 63 3 1)
(101 64 62 1 1)
(102 62 61 2 1)
(104 60 60 3 1)
(107 62 61 1 1)
(108 64 62 1 1)
(109 65 63 1 1)
(110 67 64 3 1)
(113 69 65 1 1)
(114 70 66 1 1)
(115 72 67 1 1)
(116 69 65 2 1)
(118 72 67 3 1)
(121 70 66 1 1)
(122 69 65 2 1)
(124 67 64 2 1)
(126 65 63 4 1)
(130 64 62 2 1)
(132 65 63 12 1)
(260 67 64 4 1)
(264 69 65 2 1)
(266 72 67 3 1)
(269 70 66 1 1)
(270 69 65 2 1)
(272 67 64 4 1)
(276 65 63 4 1)
(280 70 66 4 1)
(284 69 65 4 1)
(288 67 64 2 1)
(290 72 67 4 1)
(294 70 66 2 1)
(296 72 67 4 1)
(300 67 64 2 1)
(302 69 65 2 1)
(304 67 64 2 1)
(306 72 67 4 1)
(310 71 66 2 1)
(312 72 67 4 1)
(360 64 62 4 1)
(364 64 62 2 1)
(366 64 62 4 1)
(370 64 62 2 1)
(372 65 63 4 1)
(376 65 63 2 1)
(378 65 63 4 1)
(382 65 63 4 1)
(386 65 63 2 1)
(388 64 62 2 1)
(390 67 64 3 1)
(393 62 61 1 1)
(394 64 62 2 1)
(396 65 63 2 1)
(398 69 65 3 1)
(401 67 64 1 1)
(402 65 63 1 1)
(403 64 62 1 1)
(404 62 61 2 1)
(406 65 63 4 1)
(410 64 62 2 1)
(412 65 63 6 1)
(418 67 64 2 1)
(420 69 65 6 1)
(426 67 64 2 1)
(428 72 67 3 1)
(431 70 66 1 1)
(432 69 65 2 1)
(434 67 64 2 1)
(436 69 65 2 1)
(438 72 67 3 1)
(441 70 66 1 1)
(442 69 65 2 1)
(444 67 64 4 1)
(450 65 63 2 1)
(452 65 63 2 1)
(454 62 61 2 1)
(456 64 62 3 1)
(459 64 62 1 1)
(460 64 62 2 1)
(462 64 62 2 1)
(464 64 62 2 1)
(466 65 63 2 1)
(468 67 64 1 1)
(469 65 63 1 1)
(470 64 62 1 1)
(471 62 61 1 1)
(472 60 60 2 1)
(474 64 62 2 1)
(476 62 61 4 1)
(480 60 60 4 1)
(486 65 63 4 1)
(490 64 62 2 1)
(492 65 63 1 1)
(493 67 64 1 1)
(494 69 65 1 1)
(495 70 66 1 1)
(496 72 67 3 1)
(499 70 66 1 1)
(500 69 65 2 1)
(502 67 64 4 1)
(506 66 63 2 1)
(508 67 64 8 1)
(518 67 64 2 1)
(520 64 62 2 1)
(522 65 63 2 1)
(524 67 64 4 1)
(528 60 60 4 1)
(534 67 64 2 1)
(536 69 65 6 1)
(542 67 64 1 1)
(543 65 63 1 1)
(544 64 62 2 1)
(546 65 63 4 1)
(550 64 62 2 1)
(552 65 63 2 1)
(554 69 65 3 1)
(557 70 66 1 1)
(558 72 67 3 1)
(561 70 66 1 1)
(562 67 64 1 1)
(563 69 65 1 1)
(564 70 66 1 1)
(565 69 65 2 1)
(567 67 64 1/2 1)
(1135/2 65 63 1/2 1)
(568 64 62 2 1)
(570 65 63 4 1)
(574 64 62 2 1)
(576 65 63 3 1)
(579 67 64 1 1)
(580 69 65 1 1)
(581 70 66 1 1)
(582 72 67 2 1)
(584 69 65 2 1)
(586 74 68 4 1)
(590 72 67 3 1)
(593 70 66 1 1)
(594 70 66 4 1)
(598 69 65 2 1)
(600 70 66 2 1)
(602 74 68 3 1)
(605 72 67 1 1)
(606 69 65 2 1)
(608 67 64 2 1)
(610 70 66 2 1)
(612 69 65 2 1)
(614 70 66 3 1)
(617 69 65 1 1)
(618 69 65 4 1)
(622 67 64 2 1)
(624 69 65 8 1)
(684 72 67 24 1)
(708 72 67 12 1)
(720 69 65 8 1)
(728 70 66 4 1)
(732 74 68 8 1)
(740 72 67 4 1)
(744 69 65 8 1)
(752 67 64 4 1)
(756 70 66 4 1)
(760 69 65 6 1)
(766 67 64 1 1)
(767 65 63 1 1)
(768 64 62 24 1)
(804 69 65 12 1)
(816 69 65 12 1)
(828 67 64 12 1)
(840 65 63 8 1)
(848 69 65 4 1)
(852 67 64 4 1)
(856 72 67 6 1)
(862 70 66 2 1)
(864 69 65 4 1)
(868 67 64 6 1)
(874 65 63 2 1)
(876 65 63 8 1)
(884 64 62 4 1)
(888 65 63 8 1)
(900 69 65 4 1)
(904 67 64 2 1)
(906 69 65 2 1)
(908 70 66 4 1)
(912 69 65 12 1)
(924 64 62 6 1)
(930 65 63 1 1)
(931 67 64 1 1)
(932 69 65 4 1)
(936 64 62 4 1)
(940 65 63 2 1)
(942 62 61 4 1)
(946 60 60 2 1)
(948 62 61 2 1)
(950 65 63 3 1)
(953 64 62 1 1)
(954 62 61 1 1)
(955 60 60 1 1)
(956 58 59 2 1)
(958 70 66 3 1)
(961 69 65 1 1)
(962 67 64 1 1)
(963 65 63 1 1)
(964 67 64 4 1)
(968 69 65 6 1)
(974 69 65 2 1)
(976 69 65 4 1)
(980 67 64 4 1)
(984 70 66 4 1)
(988 69 65 6 1)
(994 67 64 1 1)
(995 65 63 1 1)
(996 64 62 4 1)
(1002 64 62 2 1)
(1004 69 65 4 1)
(1008 67 64 4 1)
(1012 65 63 2 1)
(1014 70 66 4 1)
(1018 69 65 2 1)
(1020 70 66 8 1)
(1028 70 66 4 1)
(1032 70 66 4 1)
(1036 69 65 2 1)
(1038 67 64 4 1)
(1042 65 63 1 1)
(1043 64 62 1 1)
(1044 65 63 4 1)
(1048 70 66 4 1)
(1052 69 65 3 1)
(1055 67 64 1 1)
(1056 64 62 2 1)
(1058 65 63 3 1)
(1061 64 62 1 1)
(1062 62 61 4 1)
(1066 61 60 2 1)
(1068 62 61 4 1)
(1072 64 62 2 1)
(1074 60 60 4 1)
(1078 62 61 2 1)
(1080 60 60 2 1)
(1082 65 63 4 1)
(1086 64 62 1 1)
(1087 62 61 1 1)
(1088 64 62 4 1)
(1092 65 63 4 1)
(1100 65 63 6 1)
(1106 67 64 2 1)
(1108 69 65 4 1)
(1112 62 61 4 1)
(1116 65 63 8 1)
(1124 63 62 4 1)
(1128 62 61 4 1)
(1132 58 59 6 1)
(1138 60 60 2 1)
(1140 62 61 3 1)
(1143 64 62 1 1)
(1144 65 63 6 1)
(1150 64 62 1 1)
(1151 62 61 1 1)
(1152 62 61 4 1)
(1158 65 63 3 1)
(1161 67 64 1 1)
(1162 69 65 2 1)
(1164 70 66 3 1)
(1167 69 65 1 1)
(1168 67 64 1 1)
(1169 65 63 1 1)
(1170 64 62 2 1)
(1172 60 60 2 1)
(1174 65 63 4 1)
(1178 64 62 2 1)
(1180 65 63 2 1)
(1182 69 65 3 1)
(1185 67 64 1 1)
(1186 64 62 1 1)
(1187 65 63 1 1)
(1188 67 64 4 1)
(1192 60 60 3 1)
(1195 62 61 1 1)
(1196 64 62 1 1)
(1197 65 63 1 1)
(1198 67 64 3 1)
(1201 64 62 1 1)
(1202 65 63 3 1)
(1205 67 64 1 1)
(1206 64 62 2 1)
(1208 65 63 2 1)
(1210 62 61 2 1)
(1212 64 62 3 1)
(1215 65 63 1 1)
(1216 67 64 2 1)
(1218 69 65 3 1)
(1221 67 64 1 1)
(1222 65 63 1 1)
(1223 64 62 1 1)
(1224 65 63 2 1)
(1226 64 62 1 1)
(1227 62 61 1 1)
(1228 60 60 2 1)
(1230 65 63 4 1)
(1234 64 62 2 1)
(1236 65 63 2 1)
(1238 62 61 2 1)
(1240 60 60 4 1)
(1244 62 61 4 1)
(1248 64 62 2 1)
(1250 60 60 3 1)
(1253 62 61 1 1)
(1254 64 62 1 1)
(1255 65 63 1 1)
(1256 62 61 2 1)
(1258 65 63 2 1)
(1260 64 62 8 1)
(1556 69 65 4 1)
(1560 69 65 2 1)
(1562 69 65 2 1)
(1564 67 64 4 1)
(1568 67 64 4 1)
(1572 65 63 2 1)
(1574 65 63 2 1)
(1576 64 62 4 1)
(1582 69 65 3 1)
(1585 67 64 1 1)
(1586 65 63 1 1)
(1587 64 62 1 1)
(1588 62 61 4 1)
(1592 64 62 2 1)
(1594 67 64 3 1)
(1597 65 63 1 1)
(1598 65 63 4 1)
(1602 64 62 2 1)
(1604 65 63 2 1)
(1606 69 65 4 1)
(1610 70 66 2 1)
(1612 72 67 2 1)
(1614 60 60 2 1)
(1616 62 61 2 1)
(1618 64 62 2 1)
(1620 65 63 6 1)
(1626 64 62 1 1)
(1627 62 61 1 1)
(1628 65 63 2 1)
(1630 64 62 2 1)
(1632 60 60 2 1)
(1634 72 67 2 1)
(1636 69 65 2 1)
(1638 72 67 3 1)
(1641 70 66 1 1)
(1642 69 65 2 1)
(1644 67 64 2 1)
(1646 65 63 4 1)
(1650 64 62 2 1)
(1652 65 63 4 1)
(1660 62 61 8 1)
(1668 60 60 4 1)
(1672 60 60 4 1)
(1676 58 59 4 1)
(1680 58 59 4 1)
(1684 57 58 4 1)
(1706 72 67 3 1)
(1709 70 66 1 1)
(1710 69 65 4 1)
(1714 67 64 1 1)
(1715 65 63 1 1)
(1716 64 62 2 1)
(1718 65 63 4 1)
(1722 64 62 2 1)
(1724 65 63 6 1)
(1730 64 62 1 1)
(1731 62 61 1 1)
(1732 60 60 4 1)
(1736 62 61 4 1)
(1740 60 60 2 1)
(1742 72 67 3 1)
(1745 70 66 1 1)
(1746 69 65 3 1)
(1749 67 64 1 1)
(1750 67 64 4 1)
(1754 65 63 2 1)
(1756 67 64 4 1)
(1764 67 64 10666667/2000000 1)
(8846667/5000 70 66 10666667/2000000 1)
(8873333/5000 69 65 10666667/2000000 1)
(1780 67 64 10666667/2000000 1)
(8926667/5000 65 63 10666667/2000000 1)
(8953333/5000 65 63 10666667/2000000 1)
(1796 64 62 4 1)
(1800 65 63 6666667/5000000 1)
(9006667/5000 67 64 26666667/10000000 1)
(1804 64 62 26666667/10000000 1)
(9033333/5000 65 63 26666667/10000000 1)
(9046667/5000 62 61 26666667/10000000 1)
(1812 64 62 6 1)
(1818 62 61 1 1)
(1819 60 60 1 1)
(1820 62 61 2 1)
(1822 64 62 4 1)
(1826 60 60 2 1)
(1828 62 61 2 1)
(1830 64 62 3 1)
(1833 62 61 1 1)
(1834 64 62 2 1)
(1836 65 63 2 1)
(1838 60 60 2 1)
(1840 62 61 4 1)
(1844 60 60 26666667/10000000 1)
(9246667/5000 72 67 26666667/10000000 1)
(1852 69 65 10666667/2000000 1)
(9286667/5000 70 66 26666667/10000000 1)
(1860 72 67 4 1)
(1864 70 66 6666667/5000000 1)
(9326667/5000 67 64 26666667/10000000 1)
(1868 69 65 10666667/2000000 1)
(9366667/5000 70 66 26666667/10000000 1)
(1876 72 67 4 1)
(1880 70 66 6666667/5000000 1)
(9406667/5000 67 64 26666667/10000000 1)
(1884 69 65 4 1)
(1888 67 64 6666667/5000000 1)
(9446667/5000 65 63 26666667/10000000 1)
(1892 64 62 26666667/10000000 1)
(9473333/5000 72 67 4 1)
(9493333/5000 70 66 6666667/5000000 1)
(1900 69 65 10666667/2000000 1)
(9526667/5000 67 64 26666667/10000000 1)
(1908 69 65 26666667/10000000 1)
(9553333/5000 70 66 10666667/2000000 1)
(1916 69 65 4 1)
(1920 67 64 4 1)
(1924 69 65 6 1)
(1930 67 64 3 1)
(1933 60 60 1 1)
(1934 65 63 4 1)
(1938 64 62 2 1)
(1940 65 63 4 1)
(1946 65 63 2 1)
(1948 65 63 4 1)
(1952 65 63 4 1)
(1956 64 62 4 1)
(1960 65 63 2 1)
(1962 69 65 3 1)
(1965 70 66 1 1)
(1966 72 67 2 1)
(1968 69 65 2 1)
(1970 67 64 1 1)
(1971 65 63 1 1)
(1972 64 62 4 1)
(1978 67 64 4 1)
(1982 65 63 2 1)
(1984 67 64 4 1)
(1988 65 63 4 1)
(1992 67 64 2 1)
(1994 69 65 3 1)
(1997 67 64 1 1)
(1998 67 64 4 1)
(2002 66 63 2 1)
(2004 67 64 3 1)
(2007 65 63 1 1)
(2008 62 61 2 1)
(2010 64 62 3 1)
(2013 62 61 1 1)
(2014 60 60 4 1)
(2018 59 59 2 1)
(2020 60 60 2 1)
(2022 72 67 3 1)
(2025 70 66 1 1)
(2026 69 65 1 1)
(2027 67 64 1 1)
(2028 70 66 1 1)
(2029 69 65 1 1)
(2030 67 64 1 1)
(2031 65 63 1 1)
(2032 64 62 4 1)
(2036 65 63 4 1)
(2042 60 60 2 1)
(2044 62 61 2 1)
(2046 62 61 2 1)
(2048 60 60 2 1)
(2050 57 58 2 1)
(2052 58 59 2 1)
(2054 58 59 2 1)
(2056 57 58 2 1)
(2058 60 60 2 1)
(2060 62 61 4 1)
(2064 60 60 2 1)
(2066 57 58 2 1)
(2068 58 59 4 1)
(2072 57 58 4 1)
(2080 69 65 2 1)
(2082 69 65 2 1)
(2084 69 65 2 1)
(2086 69 65 2 1)
(2088 67 64 2 1)
(2090 69 65 4 1)
(2094 67 64 1 1)
(2095 65 63 1 1)
(2096 64 62 4 1)
(2102 65 63 2 1)
(2104 64 62 2 1)
(2106 65 63 4 1)
(2110 67 64 2 1)
(2112 69 65 4 1)
(2116 62 61 8 1)
(2124 62 61 4 1)
(2128 60 60 4 1)
(2132 62 61 6 1)
(2138 64 62 2 1)
(2140 65 63 4 1)
(2144 67 64 4 1)
(2148 65 63 2 1)
(2150 69 65 4 1)
(2154 67 64 1 1)
(2155 65 63 1 1)
(2156 64 62 16 1)
(2172 64 62 6 1)
(2178 65 63 2 1)
(2180 67 64 4 1)
(2184 69 65 8 1)
(2192 67 64 4 1)
(2196 64 62 4 1)
(2200 65 63 6 1)
(2206 62 61 2 1)
(2208 64 62 6 1)
(2214 65 63 2 1)
(2216 67 64 4 1)
(2220 60 60 8 1)
(2232 72 67 8 1)
(2240 70 66 4 1)
(2244 69 65 8 1)
(2252 67 64 4 1)
(2256 69 65 8 1)
(2264 69 65 4 1)
(2268 70 66 8 1)
(2276 69 65 4 1)
(2280 69 65 8 1)
(2288 67 64 4 1)
(2292 69 65 8 1)
(2300 69 65 4 1)
(2304 72 67 8 1)
(2312 70 66 4 1)
(2316 69 65 4 1)
(2320 67 64 4 1)
(2324 65 63 6 1)
(2330 67 64 2 1)
(2332 69 65 2 1)
(2334 70 66 2 1)
(2336 72 67 4 1)
(2340 72 67 4 1)
(2344 69 65 4 1)
(2348 67 64 4 1)
(2352 65 63 8 1)
(2360 64 62 4 1)
(2364 65 63 8 1)
(2372 65 63 4 1)
(2376 64 62 4 1)
(2380 65 63 4 1)
(2384 62 61 4 1)
(2388 64 62 4 1)
(2392 64 62 6 1)
(2398 60 60 2 1)
(2400 72 67 8 1)
(2408 71 66 4 1)
(2412 72 67 12 1)
(2460 67 64 8 1)
(2468 69 65 4 1)
(2472 72 67 4 1)
(2476 70 66 6 1)
(2482 67 64 2 1)
(2484 69 65 8 1)
(2508 67 64 4 1)
(2512 64 62 4 1)
(2516 65 63 4 1)
(2520 67 64 4 1)
(2532 67 64 4 1)
(2536 64 62 4 1)
(2540 65 63 4 1)
(2544 67 64 4 1)
(2552 67 64 4 1)
(2556 67 64 4 1)
(2560 69 65 4 1)
(2564 70 66 4 1)
(2568 67 64 8 1)
(2576 66 63 4 1)
(2580 67 64 8 1)
(2588 67 64 4 1)
(2592 69 65 4 1)
(2596 67 64 6 1)
(2602 65 63 2 1)
(2604 65 63 8 1)
(2612 64 62 4 1)
(2616 65 63 6 1)
(2622 67 64 2 1)
(2624 69 65 4 1)
(2628 62 61 6 1)
(2634 60 60 2 1)
(2636 62 61 2 1)
(2638 60 60 2 1)
(2640 62 61 6 1)
(2646 64 62 2 1)
(2648 65 63 6 1)
(2654 67 64 2 1)
(2656 65 63 2 1)
(2658 64 62 2 1)
(2660 69 65 4 1)
(2664 67 64 2 1)
(2666 65 63 4 1)
(2670 64 62 2 1)
(2672 64 62 2 1)
(2674 62 61 2 1)
(2676 65 63 12 1)
