(0 67 64 8 1)
(8 67 64 4 1)
(12 69 65 2 1)
(14 69 65 4 1)
(18 67 64 1 1)
(19 65 63 1 1)
(20 64 62 4 1)
(24 62 61 4 1)
(32 69 65 4 1)
(36 70 66 4 1)
(40 69 65 2 1)
(42 69 65 4 1)
(46 67 64 2 1)
(48 67 64 4 1)
(56 65 63 2 1)
(58 67 64 2 1)
(60 69 65 8 1)
(68 67 64 4 1)
(72 65 63 2 1)
(74 69 65 3 1)
(77 67 64 1 1)
(78 65 63 2 1)
(80 64 62 4 1)
(84 62 61 2 1)
(86 70 66 3 1)
(89 69 65 1 1)
(90 67 64 4 1)
(94 66 63 2 1)
(96 67 64 8 1)
(108 67 64 12 1)
(120 69 65 6 1)
(126 71 66 2 1)
(128 72 67 4 1)
(132 71 66 4 1)
(136 69 65 2 1)
(138 69 65 4 1)
(142 67 64 1 1)
(143 65 63 1 1)
(144 67 64 4 1)
(148 65 63 8 1)
(156 64 62 4 1)
(164 67 64 4 1)
(168 69 65 12 1)
(180 71 66 4 1)
(184 71 66 4 1)
(188 69 65 4 1)
(192 67 64 3 1)
(195 69 65 1 1)
(196 71 66 2 1)
(198 72 67 4 1)
(202 71 66 2 1)
(204 72 67 4 1)
(208 67 64 2 1)
(210 69 65 4 1)
(214 67 64 2 1)
(216 69 65 4 1)
(222 69 65 3 1)
(225 67 64 1 1)
(226 69 65 2 1)
(228 65 63 8 1)
(236 65 63 4 1)
(240 62 61 8 1)
(248 74 68 8 1)
(256 71 66 8 1)
(264 67 64 8 1)
(272 67 64 4 1)
(276 69 65 6 1)
(282 72 67 3 1)
(285 71 66 1 1)
(286 69 65 1 1)
(287 67 64 1 1)
(288 65 63 4 1)
(292 69 65 8 1)
(300 67 64 4 1)
(304 65 63 8 1)
(312 64 62 3 1)
(315 65 63 1 1)
(316 67 64 2 1)
(318 69 65 4 1)
(322 67 64 2 1)
(324 69 65 4 1)
(332 72 67 4 1)
(336 71 66 4 1)
(340 69 65 8 1)
(348 67 64 4 1)
(352 69 65 2 1)
(354 71 66 4 1)
(358 69 65 1 1)
(359 71 66 1 1)
(360 72 67 4 1)
(364 71 66 8 1)
(372 69 65 4 1)
(380 72 67 4 1)
(384 74 68 4 1)
(388 71 66 2 1)
(390 67 64 2 1)
(392 69 65 4 1)
(396 67 64 8 1)
(408 67 64 6 1)
(414 69 65 2 1)
(416 71 66 4 1)
(420 72 67 6 1)
(426 70 66 1 1)
(427 69 65 1 1)
(428 70 66 4 1)
(432 69 65 8 1)
(440 67 64 4 1)
(444 74 68 3 1)
(447 72 67 1 1)
(448 70 66 2 1)
(450 69 65 3 1)
(453 70 66 1 1)
(454 72 67 2 1)
(456 70 66 4 1)
(470 67 64 2 1)
(472 69 65 4 1)
(476 71 66 4 1)
(480 72 67 4 1)
(484 71 66 2 1)
(486 69 65 4 1)
(490 67 64 2 1)
(492 69 65 4 1)
(496 67 64 2 1)
(498 65 63 2 1)
(500 64 62 4 1)
(504 62 61 2 1)
(506 69 65 3 1)
(509 67 64 1 1)
(510 67 64 4 1)
(514 66 63 2 1)
(516 67 64 12 1)
(528 62 61 6 1)
(534 64 62 2 1)
(536 65 63 4 1)
(540 67 64 6 1)
(546 65 63 2 1)
(548 62 61 4 1)
(556 67 64 6 1)
(562 69 65 2 1)
(564 70 66 4 1)
(568 72 67 6 1)
(574 70 66 2 1)
(576 67 64 4 1)
(580 69 65 6 1)
(586 67 64 2 1)
(588 64 62 4 1)
(592 65 63 4 1)
(596 62 61 4 1)
(604 74 68 4 1)
(608 74 68 6 1)
(614 71 66 4 1)
(618 67 64 2 1)
(620 67 64 4 1)
(628 67 64 6 1)
(634 69 65 2 1)
(636 71 66 4 1)
(640 72 67 2 1)
(642 69 65 4 1)
(646 67 64 1 1)
(647 65 63 1 1)
(648 67 64 2 1)
(650 65 63 1 1)
(651 64 62 1 1)
(652 62 61 3 1)
(655 64 62 1 1)
(656 65 63 2 1)
(658 67 64 4 1)
(662 69 65 2 1)
(664 71 66 6 1)
(670 67 64 2 1)
(672 69 65 4 1)
(676 67 64 4 1)
(682 72 67 4 1)
(686 71 66 2 1)
(688 69 65 2 1)
(690 72 67 3 1)
(693 71 66 1 1)
(694 69 65 2 1)
(696 67 64 4 1)
(700 65 63 2 1)
(702 62 61 3 1)
(705 64 62 1 1)
(706 65 63 2 1)
(708 64 62 4 1)
(714 62 61 2 1)
(716 64 62 2 1)
(718 67 64 4 1)
(722 66 63 2 1)
(724 67 64 4 1)
(732 67 64 4 1)
(736 69 65 2 1)
(738 72 67 4 1)
(742 71 66 2 1)
(744 72 67 4 1)
(752 71 66 4 1)
(756 69 65 3 1)
(759 71 66 1 1)
(760 72 67 2 1)
(762 74 68 4 1)
(766 73 67 2 1)
(768 74 68 6 1)
(774 72 67 1 1)
(775 71 66 1 1)
(776 69 65 4 1)
(780 71 66 4 1)
(784 67 64 4 1)
(792 67 64 4 1)
(796 67 64 4 1)
(800 69 65 4 1)
(804 67 64 2 1)
(806 65 63 2 1)
(808 64 62 4 1)
(812 62 61 4 1)
(816 64 62 2 1)
(818 67 64 4 1)
(822 66 63 2 1)
(824 67 64 16 1)
