(0 67 64 8 1)
(8 74 68 4 1)
(12 74 68 2 1)
(14 74 68 4 1)
(18 72 67 1 1)
(19 70 66 1 1)
(20 69 65 2 1)
(22 70 66 2 1)
(24 72 67 2 1)
(26 72 67 4 1)
(30 72 67 2 1)
(32 70 66 2 1)
(34 69 65 3 1)
(37 67 64 1/2 1)
(75/2 65 63 1/2 1)
(38 64 62 2 1)
(40 62 61 4 1)
(50 74 68 4 1)
(54 72 67 2 1)
(56 70 66 3 1)
(59 67 64 1 1)
(60 69 65 2 1)
(62 70 66 2 1)
(64 67 64 2 1)
(66 72 67 2 1)
(68 70 66 2 1)
(70 72 67 2 1)
(72 65 63 1 1)
(73 67 64 1 1)
(74 69 65 1 1)
(75 70 66 1 1)
(76 67 64 2 1)
(78 65 63 4 1)
(82 70 66 2 1)
(84 69 65 1 1)
(85 67 64 1 1)
(86 70 66 3 1)
(89 69 65 1 1)
(90 67 64 4 1)
(94 66 63 2 1)
(96 67 64 4 1)
(110 74 68 2 1)
(112 74 68 2 1)
(114 74 68 2 1)
(116 69 65 8 1)
(126 69 65 2 1)
(128 69 65 2 1)
(130 69 65 2 1)
(132 69 65 2 1)
(134 72 67 4 1)
(138 70 66 1 1)
(139 69 65 1 1)
(140 67 64 2 1)
(142 69 65 2 1)
(144 67 64 2 1)
(146 69 65 3 1)
(149 67 64 1 1)
(150 72 67 4 1)
(154 71 66 2 1)
(156 72 67 4 1)
(164 72 67 4 1)
(168 70 66 2 1)
(170 69 65 4 1)
(174 67 64 4 1)
(178 66 63 2 1)
(180 67 64 4 1)
(186 67 64 2 1)
(188 67 64 2 1)
(190 67 64 2 1)
(192 67 64 2 1)
(194 70 66 4 1)
(198 69 65 1 1)
(199 67 64 1 1)
(200 65 63 2 1)
(202 65 63 2 1)
(204 69 65 4 1)
(210 69 65 2 1)
(212 69 65 2 1)
(214 69 65 2 1)
(216 69 65 2 1)
(218 72 67 4 1)
(222 70 66 1 1)
(223 69 65 1 1)
(224 67 64 3 1)
(227 69 65 1 1)
(228 70 66 1 1)
(229 72 67 1 1)
(230 74 68 3 1)
(233 72 67 1 1)
(234 70 66 4 1)
(238 69 65 2 1)
(240 70 66 8 1)
(252 70 66 4 1)
(256 70 66 2 1)
(258 70 66 4 1)
(262 70 66 2 1)
(264 69 65 2 1)
(266 74 68 4 1)
(270 72 67 2 1)
(272 69 65 2 1)
(274 70 66 2 1)
(276 72 67 6 1)
(282 74 68 1 1)
(283 76 69 1 1)
(284 77 70 4 1)
(288 76 69 2 1)
(290 76 69 4 1)
(294 74 68 1 1)
(295 72 67 1 1)
(296 74 68 4 1)
(300 72 67 2 1)
(302 69 65 4 1)
(306 74 68 4 1)
(310 73 67 2 1)
(312 74 68 8 1)
(322 69 65 2 1)
(324 69 65 2 1)
(326 67 64 2 1)
(328 69 65 2 1)
(330 65 63 2 1)
(332 64 62 3 1)
(335 65 63 1 1)
(336 67 64 1 1)
(337 69 65 1 1)
(338 67 64 4 1)
(342 65 63 1 1)
(343 64 62 1 1)
(344 62 61 4 1)
(348 64 62 3 1)
(351 60 60 1 1)
(352 60 60 4 1)
(366 72 67 2 1)
(368 72 67 2 1)
(370 70 66 2 1)
(372 72 67 4 1)
(376 67 64 2 1)
(378 72 67 4 1)
(382 74 68 2 1)
(384 76 69 2 1)
(386 76 69 2 1)
(388 77 70 2 1)
(390 77 70 4 1)
(394 76 69 1 1)
(395 74 68 1 1)
(396 76 69 2 1)
(398 74 68 3 1)
(401 72 67 1 1)
(402 72 67 4 1)
(406 71 66 2 1)
(408 72 67 12 1)
(428 72 67 4 1)
(432 70 66 6 1)
(438 69 65 1 1)
(439 67 64 1 1)
(440 65 63 2 1)
(442 67 64 2 1)
(444 69 65 2 1)
(446 70 66 3 1)
(449 69 65 1 1)
(450 67 64 4 1)
(454 66 63 2 1)
(456 67 64 4 1)
(460 74 68 2 1)
(462 74 68 2 1)
(464 69 65 2 1)
(466 72 67 3 1)
(469 70 66 1 1)
(470 67 64 2 1)
(472 74 68 2 1)
(474 74 68 2 1)
(476 69 65 2 1)
(478 72 67 3 1)
(481 70 66 1 1)
(482 67 64 2 1)
(484 74 68 3 1)
(487 72 67 1 1)
(488 70 66 1 1)
(489 69 65 1 1)
(490 77 70 3 1)
(493 76 69 1 1)
(494 74 68 1 1)
(495 72 67 1 1)
(496 70 66 1 1)
(497 69 65 1 1)
(498 74 68 4 1)
(502 72 67 1 1)
(503 70 66 1 1)
(504 69 65 1 1)
(505 67 64 1 1)
(506 70 66 2 1)
(508 69 65 1 1)
(509 67 64 1 1)
(510 67 64 4 1)
(514 66 63 2 1)
(516 67 64 12 1)
(552 74 68 4 1)
(556 69 65 2 1)
(558 74 68 4 1)
(562 72 67 1 1)
(563 70 66 1 1)
(564 69 65 2 1)
(566 70 66 2 1)
(568 72 67 4 1)
(572 67 64 2 1)
(574 72 67 4 1)
(578 70 66 1 1)
(579 69 65 1 1)
(580 67 64 2 1)
(582 69 65 2 1)
(584 70 66 4 1)
(588 65 63 2 1)
(590 70 66 4 1)
(594 69 65 1 1)
(595 67 64 1 1)
(596 65 63 2 1)
(598 62 61 2 1)
(600 64 62 2 1)
(602 65 63 2 1)
(604 60 60 2 1)
(606 65 63 2 1)
(608 64 62 2 1)
(610 65 63 2 1)
(612 67 64 2 1)
(614 69 65 3 1)
(617 67 64 1 1)
(618 67 64 4 1)
(622 66 63 2 1)
(624 67 64 8 1)
(696 69 65 8 1)
(704 69 65 4 1)
(708 69 65 4 1)
(712 70 66 4 1)
(716 70 66 2 1)
(718 70 66 2 1)
(720 69 65 4 1)
(724 65 63 4 1)
(730 69 65 2 1)
(732 72 67 4 1)
(736 72 67 4 1)
(740 69 65 2 1)
(742 72 67 3 1)
(745 70 66 1 1)
(746 67 64 2 1)
(748 65 63 2 1)
(750 72 67 2 1)
(752 70 66 2 1)
(754 74 68 3 1)
(757 72 67 1 1)
(758 69 65 2 1)
(760 67 64 2 1)
(762 74 68 2 1)
(764 72 67 2 1)
(766 76 69 3 1)
(769 74 68 1 1)
(770 74 68 4 1)
(774 73 67 2 1)
(776 74 68 8 1)
(798 69 65 2 1)
(800 70 66 4 1)
(804 67 64 2 1)
(806 70 66 3 1)
(809 69 65 1 1)
(810 67 64 4 1)
(814 65 63 2 1)
(816 67 64 2 1)
(818 65 63 1 1)
(819 64 62 1 1)
(820 62 61 4 1)
(824 60 60 8 1)
(832 60 60 4 1)
(836 60 60 4 1)
(840 65 63 8 1)
(848 65 63 8 1)
(856 64 62 4 1)
(860 64 62 2 1)
(862 62 61 4 1)
(866 60 60 4 1)
(870 59 59 2 1)
(872 60 60 4 1)
(878 67 64 3 1)
(881 69 65 1/2 1)
(1763/2 70 66 1/2 1)
(882 72 67 3 1)
(885 70 66 1 1)
(886 69 65 1 1)
(887 67 64 1 1)
(888 65 63 4 1)
(894 69 65 3 1)
(897 70 66 1/2 1)
(1795/2 72 67 1/2 1)
(898 74 68 3 1)
(901 72 67 1 1)
(902 70 66 1 1)
(903 69 65 1 1)
(904 67 64 2 1)
(906 72 67 2 1)
(908 70 66 2 1)
(910 69 65 4 1)
(914 67 64 3 1)
(917 66 63 1 1)
(918 66 63 2 1)
(920 67 64 8 1)
(956 67 64 4 1)
(960 65 63 4 1)
(964 65 63 4 1)
(968 65 63 8 1)
(976 64 62 3 1)
(979 65 63 1 1)
(980 67 64 2 1)
(982 69 65 4 1)
(986 67 64 1 1)
(987 65 63 1 1)
(988 64 62 4 1)
(992 62 61 4 1)
(998 74 68 2 1)
(1000 74 68 4 1)
(1004 74 68 4 1)
(1008 72 67 3 1)
(1011 74 68 1 1)
(1012 76 69 2 1)
(1014 77 70 3 1)
(1017 76 69 1 1)
(1018 74 68 4 1)
(1022 73 67 2 1)
(1024 74 68 4 1)
(1030 74 68 2 1)
(1032 74 68 2 1)
(1034 77 70 4 1)
(1038 76 69 1 1)
(1039 74 68 1 1)
(1040 72 67 4 1)
(1044 72 67 4 1)
(1048 72 67 2 1)
(1050 72 67 2 1)
(1052 72 67 4 1)
(1056 70 66 4 1)
(1060 69 65 2 1)
(1062 70 66 4 1)
(1066 69 65 4 1)
(1070 67 64 2 1)
(1072 69 65 4 1)
(1078 69 65 2 1)
(1080 72 67 2 1)
(1082 72 67 2 1)
(1084 72 67 2 1)
(1086 72 67 2 1)
(1088 70 66 4 1)
(1092 70 66 4 1)
(1096 69 65 4 1)
(1100 69 65 2 1)
(1102 70 66 3 1)
(1105 69 65 1 1)
(1106 67 64 4 1)
(1110 66 63 2 1)
(1112 67 64 4 1)
(1118 74 68 4 1)
(1122 72 67 2 1)
(1124 70 66 2 1)
(1126 69 65 2 1)
(1128 72 67 6 1)
(1134 70 66 2 1)
(1136 69 65 2 1)
(1138 67 64 2 1)
(1140 70 66 4 1)
(1144 69 65 6 1)
(1150 67 64 2 1)
(1152 65 63 2 1)
(1154 64 62 2 1)
(1156 67 64 8 1)
(1164 66 63 4 1)
(1168 67 64 24 1)
