(0 64 62 12 1)
(12 60 60 4 1)
(16 62 61 4 1)
(20 64 62 6 1)
(26 57 58 2 1)
(28 57 58 8 1)
(36 65 63 4 1)
(40 65 63 8 1)
(48 64 62 8 1)
(56 64 62 4 1)
(60 62 61 2 1)
(62 60 60 2 1)
(64 59 59 4 1)
(68 57 58 2 1)
(70 60 60 3 1)
(73 62 61 1 1)
(74 64 62 4 1)
(78 62 61 1 1)
(79 60 60 1 1)
(80 65 63 3 1)
(83 64 62 1 1)
(84 64 62 1 1)
(85 62 61 1 1)
(86 62 61 4 1)
(90 61 60 1 1)
(91 59 59 1 1)
(92 61 60 2 1)
(94 62 61 2 1)
(96 62 61 16 1)
(132 60 60 6 1)
(138 60 60 2 1)
(140 60 60 3 1)
(143 62 61 1 1)
(144 64 62 4 1)
(150 65 63 2 1)
(152 67 64 4 1)
(156 67 64 6 1)
(162 65 63 2 1)
(164 67 64 2 1)
(166 65 63 3 1)
(169 64 62 1 1)
(170 64 62 4 1)
(174 62 61 2 1)
(176 64 62 24 1)
(244 62 61 4 1)
(248 67 64 8 1)
(256 67 64 4 1)
(262 64 62 4 1)
(266 64 62 2 1)
(268 64 62 2 1)
(270 64 62 2 1)
(272 65 63 12 1)
(284 64 62 4 1)
(288 62 61 2 1)
(290 65 63 3 1)
(293 67 64 1 1)
(294 69 65 1 1)
(295 65 63 1 1)
(296 70 66 2 1)
(298 69 65 3 1)
(301 67 64 1 1)
(302 67 64 4 1)
(306 66 63 1 1)
(307 64 62 1 1)
(308 66 63 4 1)
(312 67 64 8 1)
(324 62 61 4 1)
(328 67 64 4 1)
(332 67 64 2 1)
(334 67 64 2 1)
(336 67 64 3 1)
(339 69 65 1 1)
(340 71 66 4 1)
(344 64 62 8 1)
(352 67 64 4 1)
(356 67 64 4 1)
(360 72 67 4 1)
(364 71 66 4 1)
(368 71 66 8 1)
(376 69 65 4 1)
(380 69 65 4 1)
(384 71 66 8 1)
(400 67 64 6 1)
(406 67 64 2 1)
(408 67 64 4 1)
(412 67 64 4 1)
(416 69 65 4 1)
(420 65 63 2 1)
(422 67 64 3 1)
(425 65 63 1 1)
(426 64 62 1 1)
(427 62 61 1 1)
(428 64 62 4 1)
(432 62 61 8 1)
(460 62 61 3 1)
(463 64 62 1 1)
(464 65 63 2 1)
(466 64 62 2 1)
(468 62 61 2 1)
(470 64 62 3 1)
(473 62 61 1 1)
(474 62 61 4 1)
(478 61 60 2 1)
(480 62 61 8 1)
(496 69 65 8 1)
(504 69 65 4 1)
(508 72 67 4 1)
(512 67 64 4 1)
(516 71 66 12 1)
(532 69 65 4 1)
(536 69 65 2 1)
(538 69 65 2 1)
(540 72 67 2 1)
(542 72 67 2 1)
(544 67 64 4 1)
(548 71 66 12 1)
(564 69 65 4 1)
(568 69 65 2 1)
(570 69 65 2 1)
(572 72 67 3 1)
(575 71 66 1 1)
(576 69 65 2 1)
(578 67 64 2 1)
(580 65 63 4 1)
(584 64 62 8 1)
(604 67 64 4 1)
(608 67 64 2 1)
(610 67 64 2 1)
(612 64 62 2 1)
(614 67 64 3 1)
(617 65 63 1 1)
(618 64 62 1 1)
(619 62 61 1 1)
(620 60 60 2 1)
(622 72 67 4 1)
(626 71 66 2 1)
(628 69 65 4 1)
(632 67 64 8 1)
(644 67 64 4 1)
(648 72 67 4 1)
(652 72 67 4 1)
(656 71 66 4 1)
(662 67 64 2 1)
(664 69 65 2 1)
(666 71 66 2 1)
(668 72 67 4 1)
(672 71 66 8 1)
(680 67 64 4 1)
(684 69 65 3 1)
(687 67 64 1 1)
(688 65 63 2 1)
(690 64 62 2 1)
(692 62 61 4 1)
(696 60 60 8 1)
(708 60 60 4 1)
(712 65 63 6 1)
(718 65 63 2 1)
(720 65 63 4 1)
(724 65 63 4 1)
(728 67 64 4 1)
(732 67 64 4 1)
(736 69 65 6 1)
(742 67 64 2 1)
(744 65 63 4 1)
(748 64 62 4 1)
(752 62 61 2 1)
(754 65 63 4 1)
(758 64 62 1 1)
(759 62 61 1 1)
(760 60 60 8 1)
(818 64 62 4 1)
(822 62 61 2 1)
(824 64 62 4 1)
(828 60 60 4 1)
(832 59 59 4 1)
(838 60 60 4 1)
(842 62 61 2 1)
(844 64 62 2 1)
(846 65 63 2 1)
(848 67 64 3 1)
(851 69 65 1 1)
(852 71 66 1 1)
(853 72 67 1 1)
(854 71 66 3 1)
(857 69 65 1 1)
(858 69 65 4 1)
(862 68 64 2 1)
(864 69 65 8 1)
(876 69 65 4 1)
(880 69 65 4 1)
(884 65 63 6 1)
(890 67 64 2 1)
(892 69 65 2 1)
(894 71 66 2 1)
(896 72 67 4 1)
(900 72 67 4 1)
(904 72 67 2 1)
(906 72 67 2 1)
(908 72 67 2 1)
(910 72 67 2 1)
(912 67 64 4 1)
(918 67 64 2 1)
(920 67 64 2 1)
(922 67 64 2 1)
(924 71 66 4 1)
(928 69 65 8 1)
(936 69 65 4 1)
(940 67 64 2 1)
(942 67 64 2 1)
(944 64 62 2 1)
(946 69 65 3 1)
(949 67 64 1 1)
(950 65 63 1 1)
(951 64 62 1 1)
(952 62 61 2 1)
(954 64 62 4 1)
(958 62 61 1 1)
(959 60 60 1 1)
(960 59 59 2 1)
(962 57 58 2 1)
(964 59 59 4 1)
(968 57 58 8 1)
(1008 64 62 4 1)
(1012 64 62 6 1)
(1018 64 62 2 1)
(1020 64 62 4 1)
(1026 67 64 2 1)
(1028 67 64 2 1)
(1030 64 62 2 1)
(1032 65 63 2 1)
(1034 67 64 2 1)
(1036 60 60 8 1)
(1044 67 64 3 1)
(1047 69 65 1 1)
(1048 71 66 2 1)
(1050 72 67 3 1)
(1053 71 66 1 1)
(1054 71 66 2 1)
(1056 72 67 16 1)
(1096 67 64 8 1)
(1104 67 64 4 1)
(1108 67 64 4 1)
(1112 72 67 8 1)
(1120 71 66 2 1)
(1122 69 65 3 1)
(1125 68 64 1 1)
(1126 68 64 2 1)
(1128 69 65 8 1)
(1138 72 67 2 1)
(1140 69 65 2 1)
(1142 72 67 3 1)
(1145 71 66 1 1)
(1146 69 65 1 1)
(1147 67 64 1 1)
(1148 69 65 2 1)
(1150 64 62 2 1)
(1152 64 62 16 1)
(1170 64 62 2 1)
(1172 64 62 2 1)
(1174 67 64 3 1)
(1177 65 63 1 1)
(1178 64 62 1 1)
(1179 62 61 1 1)
(1180 64 62 2 1)
(1182 59 59 2 1)
(1184 59 59 16 1)
(1200 59 59 4 1)
(1204 59 59 3 1)
(1207 60 60 1 1)
(1208 62 61 2 1)
(1210 64 62 3 1)
(1213 62 61 1 1)
(1214 62 61 4 1)
(1218 61 60 2 1)
(1220 62 61 4 1)
(1252 67 64 6 1)
(1258 67 64 2 1)
(1260 67 64 2 1)
(1262 67 64 2 1)
(1264 67 64 4 1)
(1268 72 67 3 1)
(1271 71 66 1 1)
(1272 69 65 2 1)
(1274 67 64 2 1)
(1276 72 67 4 1)
(1280 71 66 4 1)
(1286 69 65 4 1)
(1290 67 64 2 1)
(1292 69 65 3 1)
(1295 67 64 1 1)
(1296 65 63 1 1)
(1297 64 62 1 1)
(1298 64 62 4 1)
(1302 62 61 2 1)
(1304 64 62 32 1)
