(0 67 64 6 1)
(6 69 65 4 1)
(10 67 64 1 1)
(11 65 63 1 1)
(12 64 62 4 1)
(16 67 64 3 1)
(19 65 63 1 1)
(20 62 61 4 1)
(24 60 60 4 1)
(32 67 64 4 1)
(36 69 65 4 1)
(40 70 66 2 1)
(42 72 67 3 1)
(45 70 66 1 1)
(46 67 64 2 1)
(48 65 63 2 1)
(50 69 65 2 1)
(52 67 64 2 1)
(54 69 65 3 1)
(57 67 64 1 1)
(58 64 62 2 1)
(60 62 61 2 1)
(62 65 63 2 1)
(64 64 62 4 1)
(68 60 60 2 1)
(70 62 61 2 1)
(72 60 60 1 1)
(73 58 59 1 1)
(74 57 58 2 1)
(76 55 57 2 1)
(78 60 60 4 1)
(82 59 59 2 1)
(84 60 60 8 1)
(96 67 64 4 1)
(100 69 65 4 1)
(104 67 64 2 1)
(106 64 62 4 1)
(110 65 63 2 1)
(112 67 64 4 1)
(116 60 60 2 1)
(118 58 59 2 1)
(120 60 60 2 1)
(122 62 61 2 1)
(124 60 60 2 1)
(126 67 64 3 1)
(129 69 65 1 1)
(130 67 64 2 1)
(132 65 63 2 1)
(134 69 65 3 1)
(137 67 64 1 1)
(138 65 63 1 1)
(139 64 62 1 1)
(140 62 61 4 1)
(146 69 65 4 1)
(150 70 66 4 1)
(154 69 65 1 1)
(155 67 64 1 1)
(156 65 63 2 1)
(158 67 64 2 1)
(160 70 66 2 1)
(162 69 65 2 1)
(164 70 66 2 1)
(166 69 65 4 1)
(170 67 64 4 1)
(174 66 63 2 1)
(176 67 64 4 1)
(396 64 62 4 1)
(400 64 62 4 1)
(404 64 62 4 1)
(408 67 64 8 1)
(416 67 64 4 1)
(420 69 65 6 1)
(426 72 67 4 1)
(430 70 66 2 1)
(432 69 65 3 1)
(435 67 64 1 1)
(436 67 64 3 1)
(439 65 63 1 1)
(440 64 62 4 1)
(444 62 61 8 1)
(452 64 62 4 1)
(456 62 61 2 1)
(458 60 60 2 1)
(460 64 62 2 1)
(462 65 63 2 1)
(464 67 64 4 1)
(468 65 63 6 1)
(474 69 65 4 1)
(478 70 66 2 1)
(480 72 67 6 1)
(486 70 66 1 1)
(487 69 65 1 1)
(488 67 64 4 1)
(492 69 65 12 1)
(508 70 66 4 1)
(512 72 67 4 1)
(516 70 66 2 1)
(518 70 66 4 1)
(522 67 64 2 1)
(524 70 66 3 1)
(527 72 67 1 1)
(528 69 65 2 1)
(530 67 64 2 1)
(532 65 63 2 1)
(534 69 65 3 1)
(537 67 64 1 1)
(538 67 64 2 1)
(540 65 63 1 1)
(541 62 61 1 1)
(542 65 63 2 1)
(544 64 62 2 1)
(546 62 61 1 1)
(547 62 61 2 1)
(549 61 60 1 1)
(550 61 60 1 1)
(551 59 59 1 1)
(552 62 61 4 1)
(560 62 61 4 1)
(564 58 59 6 1)
(570 60 60 2 1)
(572 62 61 4 1)
(576 65 63 4 1)
(580 67 64 8 1)
(588 69 65 4 1)
(592 69 65 4 1)
(596 69 65 4 1)
(600 72 67 6 1)
(606 70 66 1 1)
(607 69 65 1 1)
(608 67 64 4 1)
(612 65 63 4 1)
(616 69 65 3 1)
(619 70 66 1 1)
(620 72 67 6 1)
(626 70 66 1 1)
(627 69 65 1 1)
(628 67 64 6 1)
(634 65 63 1 1)
(635 64 62 1 1)
(636 62 61 4 1)
(640 60 60 4 1)
(646 67 64 4 1)
(650 65 63 2 1)
(652 67 64 8 1)
(660 69 65 4 1)
(664 67 64 4 1)
(670 67 64 3 1)
(673 64 62 1 1)
(674 65 63 2 1)
(676 64 62 2 1)
(678 67 64 3 1)
(681 65 63 1 1)
(682 62 61 2 1)
(684 64 62 4 1)
(688 62 61 4 1)
(694 62 61 2 1)
(696 65 63 3 1)
(699 67 64 1 1)
(700 69 65 1 1)
(701 70 66 1 1)
(702 72 67 3 1)
(705 70 66 1 1)
(706 67 64 2 1)
(708 69 65 2 1)
(710 72 67 2 1)
(712 70 66 2 1)
(714 69 65 3 1)
(717 67 64 1 1)
(718 67 64 4 1)
(722 65 63 2 1)
(724 64 62 2 1)
(726 62 61 3 1)
(729 60 60 1 1)
(730 58 59 2 1)
(732 57 58 4 1)
(736 55 57 4 1)
(744 62 61 4 1)
(748 64 62 2 1)
(750 67 64 4 1)
(754 65 63 2 1)
(756 67 64 2 1)
(758 69 65 4 1)
(762 65 63 2 1)
(764 67 64 4 1)
(768 65 63 3 1)
(771 67 64 1 1)
(772 69 65 2 1)
(774 70 66 4 1)
(778 69 65 2 1)
(780 70 66 4 1)
(784 72 67 2 1)
(786 69 65 2 1)
(788 67 64 4 1)
(792 65 63 4 1)
(796 64 62 2 1)
(798 65 63 2 1)
(800 67 64 4 1)
(804 65 63 2 1)
(806 64 62 4 1)
(810 62 61 4 1)
(814 61 60 2 1)
(816 62 61 2 1)
(818 65 63 3 1)
(821 64 62 1 1)
(822 60 60 3 1)
(825 58 59 1 1)
(826 60 60 2 1)
(828 62 61 2 1)
(830 60 60 2 1)
(832 65 63 3 1)
(835 64 62 1/2 1)
(1671/2 65 63 1/2 1)
(836 67 64 3 1)
(839 64 62 2 1)
(841 60 60 1 1)
(842 62 61 2 1)
(844 64 62 2 1)
(846 60 60 4 1)
(850 59 59 2 1)
(852 60 60 8 1)
(940 62 61 8 1)
(948 64 62 2 1)
(950 65 63 2 1)
(952 67 64 6 1)
(958 69 65 4 1)
(962 70 66 2 1)
(964 72 67 4 1)
(968 70 66 3 1)
(971 69 65 1 1)
(972 69 65 8 1)
(980 65 63 4 1)
(984 67 64 6 1)
(990 65 63 2 1)
(992 62 61 4 1)
(996 60 60 4 1)
(1002 65 63 4 1)
(1006 64 62 1 1)
(1007 62 61 1 1)
(1008 64 62 3 1)
(1011 65 63 1 1)
(1012 67 64 2 1)
(1014 69 65 4 1)
(1018 65 63 2 1)
(1020 67 64 3 1)
(1023 65 63 1 1)
(1024 64 62 1 1)
(1025 62 61 1 1)
(1026 62 61 4 1)
(1030 60 60 2 1)
(1032 64 62 2 1)
(1034 62 61 3 1)
(1037 58 59 1 1)
(1038 57 58 2 1)
(1040 55 57 4 1)
(1044 57 58 2 1)
(1046 58 59 3 1)
(1049 60 60 1 1)
(1050 57 58 2 1)
(1052 55 57 4 1)
(1060 67 64 2 1)
(1062 64 62 2 1)
(1064 65 63 2 1)
(1066 69 65 3 1)
(1069 67 64 1 1)
(1070 64 62 2 1)
(1072 60 60 2 1)
(1074 62 61 2 1)
(1078 62 61 2 1)
(1080 64 62 2 1)
(1082 65 63 2 1)
(1084 67 64 2 1)
(1086 69 65 2 1)
(1088 70 66 2 1)
(1090 67 64 2 1)
(1092 69 65 2 1)
(1094 70 66 1 1)
(1095 72 67 2 1)
(1097 70 66 1 1)
(1098 67 64 3 1)
(1101 65 63 1 1)
(1102 62 61 2 1)
(1104 64 62 12 1)
(1116 67 64 8 1)
(1124 65 63 8 1)
(1132 64 62 4 1)
(1136 67 64 8 1)
(1144 67 64 4 1)
(1148 69 65 8 1)
(1156 67 64 4 1)
(1160 67 64 4 1)
(1164 65 63 6 1)
(1170 67 64 4 1)
(1174 64 62 2 1)
(1176 62 61 4 1)
(1180 60 60 4 1)
(1188 64 62 4 1)
(1192 65 63 4 1)
(1196 65 63 4 1)
(1200 64 62 4 1)
(1204 62 61 3 1)
(1207 64 62 1 1)
(1208 65 63 2 1)
(1210 67 64 3 1)
(1213 65 63 1 1)
(1214 62 61 2 1)
(1216 60 60 2 1)
(1218 62 61 3 1)
(1221 60 60 1 1)
(1222 58 59 4 1)
(1226 57 58 1 1)
(1227 55 57 1 1)
(1228 57 58 4 1)
(1232 55 57 4 1)
(1236 62 61 4 1)
(1240 64 62 4 1)
(1244 65 63 4 1)
(1248 67 64 4 1)
(1256 67 64 4 1)
(1260 69 65 4 1)
(1264 70 66 4 1)
(1268 72 67 4 1)
(1272 70 66 2 1)
(1274 69 65 4 1)
(1278 67 64 1 1)
(1279 65 63 1 1)
(1280 64 62 3 1)
(1283 62 61 1 1)
(1284 65 63 2 1)
(1286 62 61 2 1)
(1288 64 62 2 1)
(1290 62 61 3 1)
(1293 60 60 1 1)
(1294 57 58 2 1)
(1296 60 60 1 1)
(1297 62 61 1 1)
(1298 64 62 2 1)
(1300 65 63 2 1)
(1302 62 61 4 1)
(1306 61 60 2 1)
(1308 62 61 8 1)
(1484 64 62 4 1)
(1488 64 62 4 1)
(1492 65 63 4 1)
(1496 65 63 4 1)
(1500 67 64 4 1)
(1504 67 64 6 1)
(1510 65 63 2 1)
(1512 62 61 4 1)
(1516 60 60 8 1)
(1524 64 62 4 1)
(1528 64 62 4 1)
(1532 65 63 6 1)
(1538 64 62 4 1)
(1542 60 60 2 1)
(1544 62 61 4 1)
(1548 64 62 6 1)
(1554 65 63 2 1)
(1556 67 64 4 1)
(1560 67 64 4 1)
(1564 69 65 4 1)
(1568 65 63 4 1)
(1572 67 64 4 1)
(1578 60 60 4 1)
(1582 65 63 2 1)
(1584 67 64 2 1)
(1586 69 65 4 1)
(1590 67 64 2 1)
(1592 64 62 4 1)
(1598 67 64 2 1)
(1600 65 63 2 1)
(1602 64 62 4 1)
(1606 62 61 4 1)
(1610 60 60 2 1)
(1612 62 61 8 1)
(1620 60 60 4 1)
(1624 62 61 4 1)
(1628 64 62 4 1)
(1632 65 63 4 1)
(1636 67 64 8 1)
(1644 60 60 4 1)
(1692 70 66 4 1)
(1696 69 65 3 1)
(1699 70 66 1 1)
(1700 72 67 2 1)
(1702 65 63 2 1)
(1704 67 64 2 1)
(1706 70 66 4 1)
(1710 69 65 2 1)
(1712 70 66 2 1)
(1714 72 67 2 1)
(1716 69 65 3 1)
(1719 65 63 1 1)
(1720 67 64 2 1)
(1722 60 60 2 1)
(1724 62 61 2 1)
(1726 65 63 4 1)
(1730 64 62 2 1)
(1732 62 61 2 1)
(1734 60 60 2 1)
(1736 65 63 2 1)
(1738 67 64 2 1)
(1740 69 65 3 1)
(1743 67 64 1 1)
(1744 64 62 2 1)
(1746 65 63 2 1)
(1748 67 64 2 1)
(1750 60 60 3 1)
(1753 57 58 1 1)
(1754 58 59 2 1)
(1756 60 60 2 1)
(1758 64 62 2 1)
(1760 62 61 2 1)
(1762 55 57 2 1)
(1764 67 64 2 1)
(1766 65 63 2 1)
(1768 62 61 2 1)
(1770 64 62 3 1)
(1773 62 61 1 1)
(1774 62 61 4 1)
(1778 61 60 2 1)
(1780 62 61 4 1)
(1784 62 61 4 1)
(1788 64 62 4 1)
(1792 65 63 4 1)
(1796 67 64 6 1)
(1802 65 63 2 1)
(1804 62 61 4 1)
(1816 60 60 4 1)
(1820 58 59 2 1)
(1822 62 61 4 1)
(1826 64 62 2 1)
(1828 65 63 4 1)
(1832 65 63 6 1)
(1838 64 62 2 1)
(1840 62 61 4 1)
(1844 60 60 4 1)
(1848 62 61 4 1)
(1856 62 61 8 1)
(1864 60 60 4 1)
(1868 65 63 4 1)
(1872 67 64 2 1)
(1874 65 63 3 1)
(1877 64 62 1 1)
(1878 60 60 2 1)
(1880 62 61 2 1)
(1882 58 59 2 1)
(1884 57 58 4 1)
(1888 55 57 4 1)
(1892 67 64 8 1)
(1900 65 63 4 1)
(1904 65 63 4 1)
(1908 64 62 6 1)
(1914 60 60 2 1)
(1916 67 64 4 1)
(1920 69 65 4 1)
(1924 67 64 4 1)
(1928 69 65 2 1)
(1930 72 67 4 1)
(1934 70 66 2 1)
(1936 70 66 2 1)
(1938 69 65 2 1)
(1940 72 67 3 1)
(1943 70 66 1 1)
(1944 67 64 4 1)
(1952 67 64 8 1)
(1960 64 62 4 1)
(1964 67 64 2 1)
(1966 65 63 2 1)
(1968 62 61 4 1)
(1972 64 62 4 1)
(1976 64 62 4 1)
(1980 65 63 4 1)
(1984 67 64 4 1)
(1988 69 65 6 1)
(1994 65 63 2 1)
(1996 69 65 4 1)
(2000 67 64 6 1)
(2006 65 63 2 1)
(2008 62 61 4 1)
(2012 60 60 4 1)
(2016 64 62 4 1)
(2020 65 63 3 1)
(2023 67 64 1 1)
(2024 69 65 4 1)
(2028 67 64 2 1)
(2030 64 62 4 1)
(2034 65 63 2 1)
(2036 67 64 3 1)
(2039 65 63 1 1)
(2040 62 61 4 1)
(2044 60 60 4 1)
(2048 64 62 4 1)
(2052 65 63 4 1)
(2056 67 64 4 1)
(2060 70 66 4 1)
(2064 69 65 6 1)
(2070 65 63 2 1)
(2072 69 65 2 1)
(2074 72 67 4 1)
(2078 70 66 1 1)
(2079 69 65 1 1)
(2080 67 64 4 1)
(2084 69 65 8 1)
(2096 67 64 4 1)
(2100 60 60 6 1)
(2106 62 61 2 1)
(2108 64 62 4 1)
(2112 65 63 4 1)
(2116 67 64 3 1)
(2119 65 63 1 1)
(2120 62 61 4 1)
(2128 69 65 8 1)
(2136 69 65 4 1)
(2140 70 66 4 1)
(2144 69 65 2 1)
(2146 69 65 4 1)
(2150 67 64 2 1)
(2152 69 65 3 1)
(2155 70 66 1 1)
(2156 72 67 4 1)
(2160 70 66 2 1)
(2162 69 65 4 1)
(2166 67 64 1 1)
(2167 65 63 1 1)
(2168 64 62 4 1)
(2188 60 60 4 1)
(2192 58 59 3 1)
(2195 60 60 1 1)
(2196 62 61 2 1)
(2198 64 62 2 1)
(2200 62 61 2 1)
(2202 67 64 3 1)
(2205 65 63 1 1)
(2206 62 61 2 1)
(2208 65 63 2 1)
(2210 64 62 4 1)
(2214 62 61 4 1)
(2218 61 60 2 1)
(2220 62 61 4 1)
(2224 65 63 4 1)
(2228 64 62 3 1)
(2231 60 60 1 1)
(2232 67 64 2 1)
(2234 69 65 2 1)
(2236 67 64 2 1)
(2238 72 67 3 1)
(2241 70 66 1 1)
(2242 67 64 2 1)
(2244 69 65 4 1)
(2248 67 64 3 1)
(2251 65 63 1 1)
(2252 62 61 2 1)
(2254 64 62 4 1)
(2258 62 61 3 1)
(2261 60 60 1 1)
(2262 57 58 2 1)
(2264 58 59 2 1)
(2266 55 57 2 1)
(2268 57 58 4 1)
(2272 58 59 3 1)
(2275 60 60 1 1)
(2276 62 61 3 1)
(2279 64 62 1 1)
(2280 65 63 2 1)
(2282 65 63 3 1)
(2285 64 62 1 1)
(2286 60 60 2 1)
(2288 67 64 2 1)
(2290 65 63 2 1)
(2292 67 64 4 1)
(2296 60 60 2 1)
(2298 62 61 2 1)
(2300 64 62 3 1)
(2303 65 63 1 1)
(2304 67 64 2 1)
(2306 69 65 2 1)
(2308 67 64 2 1)
(2310 69 65 4 1)
(2314 67 64 1 1)
(2315 65 63 1 1)
(2316 64 62 2 1)
(2318 67 64 2 1)
(2320 65 63 2 1)
(2322 69 65 4 1)
(2326 67 64 1 1)
(2327 65 63 1 1)
(2328 64 62 6 1)
(2334 60 60 2 1)
(2336 64 62 3 1)
(2339 65 63 1 1)
(2340 67 64 8 1)
