(0 69 65 12 1)
(12 67 64 6 1)
(18 65 63 2 1)
(20 65 63 4 1)
(24 64 62 6 1)
(30 62 61 2 1)
(32 65 63 8 1)
(40 69 65 6 1)
(46 71 66 2 1)
(48 72 67 4 1)
(52 72 67 4 1)
(56 71 66 6 1)
(62 69 65 2 1)
(64 69 65 4 1)
(68 67 64 2 1)
(70 65 63 2 1)
(72 64 62 6 1)
(78 65 63 2 1)
(80 64 62 2 1)
(82 60 60 2 1)
(84 62 61 4 1)
(88 60 60 8 1)
(104 72 67 6 1)
(110 71 66 2 1)
(112 69 65 8 1)
(120 67 64 8 1)
(128 67 64 4 1)
(132 69 65 4 1)
(136 67 64 4 1)
(140 65 63 4 1)
(144 64 62 8 1)
(152 62 61 8 1)
(160 60 60 4 1)
(164 65 63 4 1)
(168 67 64 4 1)
(172 69 65 4 1)
(176 67 64 2 1)
(178 72 67 2 1)
(180 71 66 2 1)
(182 69 65 1 1)
(183 71 66 1 1)
(184 72 67 8 1)
(200 69 65 8 1)
(208 67 64 8 1)
(216 69 65 6 1)
(222 67 64 2 1)
(224 64 62 8 1)
(232 65 63 8 1)
(240 64 62 4 1)
(244 62 61 4 1)
(248 64 62 4 1)
(252 65 63 2 1)
(254 67 64 4 1)
(258 65 63 2 1)
(260 62 61 2 1)
(262 60 60 2 1)
(264 60 60 4 1)
(272 65 63 4 1)
(276 67 64 4 1)
(280 69 65 4 1)
(284 72 67 8 1)
(292 71 66 4 1)
(296 72 67 4 1)
(300 69 65 8 1)
(308 67 64 2 1)
(310 65 63 2 1)
(312 64 62 4 1)
(316 69 65 6 1)
(322 65 63 2 1)
(324 65 63 6 1)
(330 64 62 2 1)
(332 64 62 2 1)
(334 62 61 2 1)
(336 65 63 16 1)
