(16 62 61 8 1)
(24 65 63 4 1)
(28 65 63 4 1)
(32 67 64 4 1)
(36 70 66 4 1)
(40 69 65 8 1)
(48 67 64 8 1)
(56 65 63 8 1)
(64 67 64 6 1)
(70 65 63 1 1)
(71 64 62 1 1)
(72 62 61 8 1)
(88 67 64 4 1)
(92 65 63 4 1)
(96 67 64 4 1)
(100 69 65 4 1)
(104 70 66 6 1)
(110 69 65 2 1)
(112 70 66 4 1)
(116 72 67 4 1)
(120 74 68 4 1)
(124 67 64 8 1)
(132 69 65 4 1)
(136 67 64 6 1)
(142 65 63 2 1)
(144 64 62 2 1)
(146 62 61 2 1)
(148 65 63 4 1)
(152 67 64 2 1)
(154 70 66 3 1)
(157 72 67 1 1)
(158 74 68 2 1)
(160 67 64 2 1)
(162 70 66 2 1)
(164 69 65 4 1)
(168 67 64 4 1)
(184 67 64 4 1)
(188 69 65 2 1)
(190 70 66 4 1)
(194 72 67 2 1)
(196 69 65 4 1)
(200 67 64 4 1)
(204 74 68 4 1)
(208 74 68 4 1)
(212 72 67 4 1)
(216 70 66 6 1)
(222 69 65 2 1)
(224 67 64 4 1)
(228 69 65 4 1)
(232 70 66 4 1)
(236 75 69 6 1)
(242 74 68 2 1)
(244 72 67 4 1)
(248 70 66 4 1)
(254 72 67 4 1)
(258 70 66 2 1)
(260 69 65 4 1)
(264 67 64 4 1)
(268 65 63 2 1)
(270 69 65 2 1)
(272 70 66 2 1)
(274 67 64 4 1)
(278 65 63 2 1)
(280 67 64 2 1)
(282 65 63 1 1)
(283 64 62 1 1)
(284 62 61 2 1)
(286 65 63 2 1)
(288 67 64 2 1)
(290 70 66 2 1)
(292 69 65 4 1)
(296 67 64 2 1)
(298 74 68 3 1)
(301 72 67 1 1)
(302 70 66 2 1)
(304 72 67 1 1)
(305 70 66 1 1)
(306 69 65 1 1)
(307 67 64 1 1)
(308 66 63 3 1)
(311 64 62 1 1)
(312 67 64 8 1)
