(0 65 63 6 1)
(6 62 61 2 1)
(8 62 61 4 1)
(12 60 60 2 1)
(14 58 59 2 1)
(16 62 61 2 1)
(18 63 62 2 1)
(20 60 60 4 1)
(24 58 59 2 1)
(26 63 62 4 1)
(30 62 61 3 1)
(33 58 59 1 1)
(34 60 60 2 1)
(38 58 59 2 1)
(40 60 60 1 1)
(41 62 61 2 1)
(43 64 62 1 1)
(44 65 63 2 1)
(46 58 59 2 1)
(48 65 63 2 1)
(50 67 64 2 1)
(52 65 63 2 1)
(56 70 66 3 1)
(59 69 65 1 1)
(60 69 65 2 1)
(62 67 64 2 1)
(64 72 67 4 1)
(68 69 65 2 1)
(70 70 66 3 1)
(73 67 64 1 1)
(74 69 65 3 1)
(77 65 63 1 1)
(78 67 64 2 1)
(80 65 63 2 1)
(84 58 59 2 1)
(86 60 60 2 1)
(88 62 61 2 1)
(90 60 60 4 1)
(94 65 63 2 1)
(96 67 64 2 1)
(98 70 66 2 1)
(100 69 65 3 1)
(103 65 63 1 1)
(104 67 64 2 1)
(106 65 63 3 1)
(109 62 61 1 1)
(110 63 62 1 1)
(111 62 61 2 1)
(113 58 59 1 1)
(114 60 60 2 1)
(116 62 61 2 1)
(120 55 57 2 1)
(122 57 58 2 1)
(124 58 59 2 1)
(126 60 60 2 1)
(128 53 56 3 1)
(131 55 57 1 1)
(132 57 58 1 1)
(133 58 59 1 1)
(134 60 60 3 1)
(137 58 59 1 1)
(138 62 61 3 1)
(141 60 60 1 1)
(142 65 63 3 1)
(145 62 61 1 1)
(146 64 62 3 1)
(149 65 63 1/2 1)
(299/2 67 64 1/2 1)
(150 69 65 3 1)
(153 65 63 1 1)
(154 70 66 3 1)
(157 72 67 1 1)
(158 69 65 2 1)
(160 65 63 1 1)
(161 67 64 2 1)
(163 65 63 1/2 1)
(327/2 67 64 1/2 1)
(164 69 65 2 1)
(166 67 64 1 1)
(167 64 62 1 1)
(168 62 61 2 1)
(170 60 60 3 1)
(173 62 61 1 1)
(174 64 62 3 1)
(177 65 63 1 1)
(178 67 64 3 1)
(181 65 63 1/2 1)
(363/2 67 64 1/2 1)
(182 69 65 3 1)
(185 65 63 1 1)
(186 65 63 4 1)
(190 64 62 2 1)
(192 65 63 4 1)
(200 62 61 4 1)
(204 67 64 4 1)
(208 65 63 2 1)
(210 62 61 2 1)
(212 64 62 4 1)
(216 62 61 4 1)
(224 65 63 3 1)
(227 63 62 1 1)
(228 67 64 4 1)
(232 63 62 2 1)
(234 65 63 4 1)
(238 62 61 2 1)
(240 63 62 2 1)
(242 60 60 4 1)
(246 65 63 2 1)
(248 62 61 2 1)
(250 63 62 2 1)
(252 65 63 4 1)
(256 63 62 2 1)
(258 62 61 2 1)
(260 60 60 4 1)
(264 58 59 2 1)
(266 62 61 2 1)
(268 63 62 2 1)
(270 65 63 3 1)
(273 63 62 1 1)
(274 62 61 1 1)
(275 60 60 1 1)
(276 58 59 2 1)
(278 57 58 1 1)
(279 55 57 1 1)
(280 53 56 2 1)
(282 58 59 2 1)
(284 60 60 2 1)
(286 62 61 4 1)
(290 58 59 2 1)
(292 60 60 2 1)
(294 62 61 2 1)
(296 64 62 2 1)
(298 65 63 3 1)
(301 64 62 1/2 1)
(603/2 65 63 1/2 1)
(302 67 64 4 1)
(306 65 63 2 1)
(308 67 64 2 1)
(310 70 66 4 1)
(314 69 65 2 1)
(316 70 66 2 1)
(318 72 67 2 1)
(320 69 65 2 1)
(322 65 63 2 1)
(324 67 64 2 1)
(326 69 65 4 1)
(330 65 63 2 1)
(332 64 62 2 1)
(334 67 64 4 1)
(338 63 62 2 1)
(340 62 61 3 1)
(343 60 60 1/2 1)
(687/2 62 61 1/2 1)
(344 63 62 4 1)
(348 62 61 2 1)
(350 60 60 4 1)
(354 65 63 2 1)
(356 67 64 2 1)
(358 69 65 3 1)
(361 67 64 1 1)
(362 67 64 2 1)
(364 65 63 2 1)
(366 70 66 3 1)
(369 69 65 1/2 1)
(739/2 65 63 1/2 1)
(370 67 64 2 1)
(372 65 63 2 1)
(374 62 61 3 1)
(377 60 60 1 1)
(378 65 63 4 1)
(382 64 62 2 1)
(384 65 63 8 1)
(464 65 63 4 1)
(468 67 64 2 1)
(470 69 65 4 1)
(474 65 63 2 1)
(476 67 64 2 1)
(478 69 65 2 1)
(480 70 66 4 1)
(484 72 67 4 1)
(488 69 65 2 1)
(490 70 66 4 1)
(494 69 65 2 1)
(496 67 64 4 1)
(500 65 63 4 1)
(504 62 61 2 1)
(506 63 62 3 1)
(509 62 61 1 1)
(510 60 60 1 1)
(511 58 59 1 1)
(512 60 60 3 1)
(515 58 59 1 1)
(516 62 61 4 1)
(522 60 60 2 1)
(524 62 61 2 1)
(526 64 62 2 1)
(528 65 63 3 1)
(531 64 62 1/2 1)
(1063/2 65 63 1/2 1)
(532 67 64 4 1)
(536 65 63 2 1)
(538 62 61 2 1)
(540 63 62 2 1)
(542 62 61 4 1)
(546 67 64 2 1)
(548 65 63 2 1)
(550 70 66 4 1)
(554 69 65 2 1)
(556 65 63 2 1)
(558 67 64 2 1)
(560 69 65 3 1)
(563 65 63 1 1)
(564 65 63 2 1)
(566 60 60 2 1)
(568 65 63 2 1)
(570 69 65 2 1)
(572 67 64 2 1)
(574 72 67 3 1)
(577 69 65 1 1)
(578 70 66 2 1)
(580 69 65 2 1)
(582 67 64 4 1)
(586 65 63 2 1)
(588 67 64 3 1)
(591 70 66 1 1)
(592 69 65 4 1)
(596 67 64 2 1)
(598 67 64 4 1)
(602 65 63 2 1)
(604 64 62 4 1)
(608 62 61 4 1)
(614 65 63 2 1)
(616 67 64 2 1)
(618 64 62 2 1)
(620 62 61 4 1)
(624 60 60 2 1)
(626 64 62 3 1)
(629 65 63 1 1)
(630 67 64 1 1)
(631 65 63 1/2 1)
(1263/2 67 64 1/2 1)
(632 69 65 3 1)
(635 65 63 1 1)
(636 67 64 2 1)
(638 64 62 2 1)
(640 62 61 2 1)
(642 67 64 2 1)
(644 60 60 2 1)
(646 65 63 2 1)
(648 67 64 2 1)
(650 65 63 4 1)
(654 64 62 2 1)
(656 62 61 4 1)
(660 60 60 2 1)
(662 72 67 3 1)
(665 70 66 1 1)
(666 72 67 3 1)
(669 69 65 1 1)
(670 70 66 2 1)
(672 69 65 2 1)
(674 65 63 2 1)
(676 64 62 4 1)
(680 64 62 8 1)
(688 69 65 8 1)
(696 71 66 4 1)
(700 72 67 8 1)
(708 65 63 4 1)
(712 67 64 4 1)
(716 69 65 8 1)
(724 72 67 4 1)
(728 71 66 4 1)
(732 72 67 6 1)
(738 69 65 2 1)
(740 69 65 4 1)
(748 62 61 4 1)
(752 64 62 4 1)
(756 65 63 8 1)
(764 64 62 4 1)
(768 62 61 4 1)
(772 67 64 6 1)
(778 65 63 1 1)
(779 67 64 1 1)
(780 69 65 6 1)
(786 67 64 1 1)
(787 65 63 1 1)
(788 64 62 4 1)
(792 65 63 4 1)
(796 67 64 8 1)
(804 60 60 4 1)
(808 67 64 6 1)
(814 65 63 1 1)
(815 67 64 1 1)
(816 69 65 4 1)
(820 67 64 2 1)
(822 64 62 4 1)
(826 65 63 2 1)
(828 67 64 2 1)
(830 60 60 4 1)
(834 57 58 2 1)
(836 55 57 2 1)
(838 67 64 2 1)
(840 69 65 2 1)
(842 67 64 4 1)
(846 72 67 4 1)
(850 71 66 2 1)
(852 69 65 2 1)
(854 67 64 1 1)
(855 65 63 1 1)
(856 64 62 4 1)
(862 70 66 2 1)
(864 69 65 2 1)
(866 65 63 2 1)
(868 67 64 2 1)
(870 65 63 1 1)
(871 67 64 1 1)
(872 69 65 3 1)
(875 67 64 1 1)
(876 64 62 2 1)
(878 65 63 2 1)
(880 63 62 2 1)
(882 60 60 2 1)
(884 62 61 2 1)
(886 58 59 2 1)
(888 57 58 3 1)
(891 58 59 1 1)
(892 60 60 2 1)
(894 62 61 2 1)
(896 60 60 2 1)
(898 65 63 4 1)
(902 64 62 1 1)
(903 62 61 1 1)
(904 64 62 2 1)
(906 65 63 2 1)
(908 67 64 2 1)
(910 69 65 4 1)
(914 67 64 1 1)
(915 65 63 1 1)
(916 67 64 2 1)
(918 69 65 2 1)
(920 70 66 2 1)
(922 72 67 2 1)
(924 69 65 2 1)
(926 65 63 2 1)
(928 70 66 2 1)
(930 72 67 2 1)
(932 69 65 3 1)
(935 65 63 1 1)
(936 67 64 2 1)
(938 64 62 2 1)
(940 60 60 2 1)
(942 72 67 2 1)
(944 69 65 2 1)
(946 65 63 2 1)
(948 67 64 2 1)
(950 60 60 3 1)
(953 62 61 1 1)
(954 65 63 4 1)
(958 64 62 2 1)
(960 65 63 8 1)
(1104 67 64 8 1)
(1112 67 64 4 1)
(1116 69 65 4 1)
(1120 67 64 2 1)
(1122 72 67 4 1)
(1126 71 66 2 1)
(1128 72 67 4 1)
(1132 70 66 2 1)
(1134 67 64 3 1)
(1137 65 63 1/2 1)
(2275/2 67 64 1/2 1)
(1138 69 65 3 1)
(1141 67 64 1 1)
(1142 64 62 2 1)
(1144 65 63 2 1)
(1146 64 62 2 1)
(1148 62 61 4 1)
(1152 60 60 4 1)
(1158 62 61 2 1)
(1160 60 60 2 1)
(1162 65 63 4 1)
(1166 64 62 2 1)
(1168 65 63 3 1)
(1171 67 64 1 1)
(1172 69 65 6 1)
(1178 67 64 1 1)
(1179 65 63 1 1)
(1180 69 65 2 1)
(1182 67 64 3 1)
(1185 65 63 1 1)
(1186 62 61 2 1)
(1188 64 62 2 1)
(1190 60 60 2 1)
(1192 58 59 2 1)
(1194 60 60 4 1)
(1198 57 58 2 1)
(1200 55 57 2 1)
(1202 60 60 2 1)
(1204 62 61 2 1)
(1206 60 60 2 1)
(1208 64 62 2 1)
(1210 65 63 2 1)
(1212 67 64 4 1)
(1216 64 62 2 1)
(1218 62 61 2 1)
(1220 65 63 3 1)
(1223 64 62 1 1)
(1224 60 60 4 1)
(1228 67 64 3 1)
(1231 65 63 1 1)
(1232 69 65 4 1)
(1236 67 64 4 1)
(1240 70 66 3 1)
(1243 69 65 1 1)
(1244 72 67 3 1)
(1247 70 66 1 1)
(1248 67 64 2 1)
(1250 65 63 2 1)
(1252 69 65 3 1)
(1255 67 64 1 1)
(1256 64 62 3 1)
(1259 65 63 1 1)
(1260 64 62 1 1)
(1261 60 60 1 1)
(1262 62 61 2 1)
(1264 60 60 4 1)
(1270 67 64 2 1)
(1272 69 65 2 1)
(1274 70 66 2 1)
(1276 72 67 4 1)
(1282 67 64 2 1)
(1284 69 65 2 1)
(1286 70 66 2 1)
(1288 72 67 4 1)
(1292 69 65 2 1)
(1294 67 64 4 1)
(1298 72 67 4 1)
(1302 65 63 4 1)
(1306 70 66 2 1)
(1308 69 65 2 1)
(1310 65 63 1 1)
(1311 67 64 2 1)
(1313 65 63 1 1)
(1314 65 63 4 1)
(1318 64 62 2 1)
(1320 62 61 2 1)
(1322 60 60 4 1)
(1326 65 63 4 1)
(1330 64 62 2 1)
(1332 65 63 4 1)
