(4 69 65 4 1)
(8 70 66 4 1)
(12 69 65 2 1)
(14 69 65 2 1)
(16 67 64 2 1)
(18 67 64 2 1)
(20 65 63 4 1)
(28 69 65 4 1)
(32 70 66 4 1)
(36 69 65 2 1)
(38 69 65 2 1)
(40 67 64 2 1)
(42 67 64 2 1)
(44 65 63 4 1)
(48 67 64 4 1)
(54 69 65 2 1)
(56 70 66 4 1)
(60 69 65 2 1)
(62 69 65 2 1)
(64 67 64 2 1)
(66 67 64 2 1)
(68 65 63 4 1)
(76 69 65 4 1)
(80 70 66 4 1)
(84 69 65 2 1)
(86 69 65 2 1)
(88 67 64 2 1)
(90 67 64 2 1)
(92 65 63 4 1)
(96 67 64 4 1)
(108 69 65 4 1)
(112 70 66 4 1)
(116 69 65 2 1)
(118 69 65 2 1)
(120 67 64 2 1)
(122 67 64 2 1)
(124 65 63 4 1)
(132 69 65 4 1)
(136 70 66 4 1)
(140 69 65 2 1)
(142 69 65 2 1)
(144 67 64 2 1)
(146 67 64 2 1)
(148 65 63 4 1)
(152 67 64 4 1)
(158 69 65 2 1)
(160 70 66 4 1)
(164 69 65 2 1)
(166 69 65 2 1)
(168 67 64 2 1)
(170 67 64 2 1)
(172 65 63 4 1)
(180 69 65 4 1)
(184 70 66 4 1)
(188 69 65 2 1)
(190 69 65 2 1)
(192 67 64 2 1)
(194 67 64 2 1)
(196 65 63 4 1)
(200 67 64 8 1)
