(32 65 63 16 1)
(48 65 63 8 1)
(56 64 62 8 1)
(64 60 60 16 1)
(88 67 64 8 1)
(96 69 65 16 1)
(112 69 65 8 1)
(120 69 65 8 1)
(128 69 65 16 1)
(144 67 64 16 1)
(160 65 63 24 1)
(184 62 61 8 1)
(192 62 61 16 1)
(208 64 62 8 1)
(216 62 61 8 1)
(224 60 60 8 1)
(232 65 63 16 1)
(248 64 62 8 1)
(256 65 63 16 1)
(288 72 67 16 1)
(304 72 67 8 1)
(312 69 65 8 1)
(320 70 66 16 1)
(336 74 68 8 1)
(344 72 67 4 1)
(348 70 66 4 1)
(352 69 65 16 1)
(376 69 65 8 1)
(384 67 64 12 1)
(396 65 63 4 1)
(400 64 62 16 1)
(416 65 63 16 1)
(432 67 64 8 1)
(440 69 65 8 1)
(448 70 66 24 1)
(472 69 65 8 1)
(480 69 65 8 1)
(488 67 64 4 1)
(492 65 63 4 1)
(496 67 64 16 1)
(512 69 65 12 1)
(524 71 66 4 1)
(528 72 67 8 1)
(536 72 67 8 1)
(544 74 68 8 1)
(552 72 67 4 1)
(556 70 66 8 1)
(564 69 65 4 1)
(568 69 65 16 1)
(584 67 64 8 1)
(592 69 65 16 1)
(624 69 65 8 1)
(632 67 64 4 1)
(636 65 63 4 1)
(640 64 62 16 1)
(656 60 60 16 1)
(680 60 60 8 1)
(688 62 61 8 1)
(696 65 63 8 1)
(704 64 62 16 1)
(720 65 63 8 1)
(728 67 64 12 1)
(740 65 63 4 1)
(744 64 62 4 1)
(748 62 61 4 1)
(752 64 62 16 1)
(768 62 61 8 1)
(776 65 63 12 1)
(788 64 62 4 1)
(792 62 61 8 1)
(800 60 60 16 1)
(816 62 61 16 1)
(832 64 62 16 1)
(856 65 63 8 1)
(864 67 64 8 1)
(872 69 65 8 1)
(880 70 66 12 1)
(892 69 65 4 1)
(896 67 64 4 1)
(900 65 63 4 1)
(904 65 63 16 1)
(920 64 62 8 1)
(928 65 63 8 1)
(952 65 63 8 1)
(960 65 63 4 1)
(964 64 62 4 1)
(968 60 60 8 1)
(980 67 64 4 1)
(984 69 65 8 1)
(992 69 65 4 1)
(996 69 65 4 1)
(1000 69 65 8 1)
(1008 67 64 8 1)
(1016 65 63 12 1)
(1028 62 61 4 1)
(1032 62 61 8 1)
(1040 64 62 4 1)
(1044 62 61 4 1)
(1048 60 60 4 1)
(1052 65 63 8 1)
(1060 64 62 4 1)
(1064 65 63 8 1)
(1080 72 67 8 1)
(1088 72 67 4 1)
(1092 69 65 4 1)
(1096 70 66 8 1)
(1104 74 68 4 1)
(1108 72 67 2 1)
(1110 70 66 2 1)
(1112 69 65 8 1)
(1124 69 65 4 1)
(1128 67 64 6 1)
(1134 65 63 2 1)
(1136 64 62 4 1)
(1140 64 62 4 1)
(1144 65 63 8 1)
(1152 67 64 4 1)
(1156 69 65 4 1)
(1160 70 66 12 1)
(1172 69 65 4 1)
(1176 69 65 4 1)
(1180 67 64 2 1)
(1182 65 63 2 1)
(1184 67 64 8 1)
(1192 69 65 6 1)
(1198 71 66 2 1)
(1200 72 67 4 1)
(1204 72 67 4 1)
(1208 74 68 4 1)
(1212 72 67 2 1)
(1214 71 66 4 1)
(1218 69 65 2 1)
(1220 69 65 8 1)
(1228 67 64 4 1)
(1232 69 65 8 1)
(1248 69 65 6 1)
(1254 67 64 1 1)
(1255 65 63 1 1)
(1256 64 62 8 1)
(1264 60 60 8 1)
(1276 60 60 4 1)
(1280 62 61 4 1)
(1284 65 63 4 1)
(1288 64 62 8 1)
(1296 65 63 4 1)
(1300 67 64 6 1)
(1306 65 63 2 1)
(1308 64 62 2 1)
(1310 62 61 2 1)
(1312 64 62 8 1)
(1320 62 61 4 1)
(1324 65 63 6 1)
(1330 64 62 2 1)
(1332 62 61 4 1)
(1336 60 60 8 1)
(1344 62 61 8 1)
(1352 64 62 8 1)
(1364 65 63 4 1)
(1368 67 64 4 1)
(1372 69 65 4 1)
(1376 70 66 6 1)
(1382 69 65 2 1)
(1384 67 64 2 1)
(1386 65 63 2 1)
(1388 65 63 8 1)
(1396 64 62 4 1)
(1400 65 63 16 1)
(1440 65 63 12 1)
(1452 65 63 4 1)
(1456 64 62 8 1)
(1464 60 60 12 1)
(1480 67 64 8 1)
(1488 69 65 12 1)
(1500 69 65 4 1)
(1504 69 65 8 1)
(1512 69 65 12 1)
(1524 67 64 12 1)
(1536 65 63 12 1)
(1548 62 61 4 1)
(1552 62 61 8 1)
(1560 64 62 4 1)
(1564 62 61 4 1)
(1568 60 60 4 1)
(1572 65 63 8 1)
(1580 64 62 4 1)
(1584 65 63 12 1)
(1608 72 67 12 1)
(1620 72 67 4 1)
(1624 69 65 8 1)
(1632 71 66 8 1)
(1640 74 68 4 1)
(1644 72 67 2 1)
(1646 71 66 2 1)
(1648 69 65 8 1)
(1660 69 65 4 1)
(1664 67 64 6 1)
(1670 65 63 2 1)
(1672 64 62 4 1)
(1676 64 62 4 1)
(1680 65 63 12 1)
(1692 67 64 4 1)
(1696 69 65 8 1)
(1704 70 66 12 1)
(1716 69 65 4 1)
(1720 69 65 4 1)
(1724 67 64 2 1)
(1726 65 63 2 1)
(1728 67 64 8 1)
(1736 69 65 6 1)
(1742 71 66 2 1)
(1744 72 67 4 1)
(1748 72 67 4 1)
(1752 74 68 4 1)
(1756 72 67 2 1)
(1758 71 66 4 1)
(1762 69 65 2 1)
(1764 69 65 8 1)
(1772 68 65 4 1)
(1776 69 65 12 1)
(1800 69 65 8 1)
(1808 67 64 2 1)
(1810 65 63 2 1)
(1812 64 62 12 1)
(1824 60 60 8 1)
(1836 60 60 4 1)
(1840 62 61 4 1)
(1844 65 63 4 1)
(1848 64 62 8 1)
(1856 65 63 4 1)
(1860 67 64 6 1)
(1866 65 63 2 1)
(1868 64 62 2 1)
(1870 62 61 2 1)
(1872 64 62 8 1)
(1880 62 61 4 1)
(1884 65 63 6 1)
(1890 64 62 2 1)
(1892 62 61 4 1)
(1896 60 60 12 1)
(1908 62 61 12 1)
(1920 64 62 8 1)
(1932 65 63 4 1)
(1936 67 64 4 1)
(1940 69 65 4 1)
(1944 70 66 6 1)
(1950 69 65 2 1)
(1952 67 64 2 1)
(1954 65 63 2 1)
(1956 65 63 8 1)
(1964 64 62 4 1)
(1968 65 63 16 1)
(1992 65 63 4 1)
(1996 65 63 2 1)
(1998 64 62 2 1)
(2000 60 60 4 1)
(2006 67 64 2 1)
(2008 69 65 4 1)
(2012 69 65 2 1)
(2014 69 65 2 1)
(2016 69 65 4 1)
(2020 67 64 4 1)
(2024 65 63 6 1)
(2030 62 61 2 1)
(2032 62 61 4 1)
(2036 64 62 2 1)
(2038 62 61 2 1)
(2040 60 60 2 1)
(2042 65 63 4 1)
(2046 64 62 2 1)
(2048 65 63 4 1)
(2056 72 67 4 1)
(2060 72 67 2 1)
(2062 69 65 2 1)
(2064 70 66 4 1)
(2068 74 68 2 1)
(2070 72 67 1 1)
(2071 70 66 1 1)
(2072 69 65 4 1)
(2078 69 65 2 1)
(2080 67 64 3 1)
(2083 65 63 1 1)
(2084 64 62 2 1)
(2086 64 62 2 1)
(2088 65 63 4 1)
(2092 67 64 2 1)
(2094 69 65 2 1)
(2096 70 66 6 1)
(2102 69 65 2 1)
(2104 69 65 2 1)
(2106 67 64 1 1)
(2107 65 63 1 1)
(2108 67 64 4 1)
(2112 69 65 3 1)
(2115 70 66 1 1)
(2116 72 67 2 1)
(2118 72 67 2 1)
(2120 74 68 2 1)
(2122 72 67 1 1)
(2123 70 66 2 1)
(2125 69 65 1 1)
(2126 69 65 4 1)
(2130 67 64 2 1)
(2132 69 65 4 1)
(2140 69 65 3 1)
(2143 67 64 1/2 1)
(4287/2 65 63 1/2 1)
(2144 64 62 4 1)
(2148 60 60 4 1)
(2154 60 60 2 1)
(2156 62 61 2 1)
(2158 65 63 2 1)
(2160 64 62 4 1)
(2164 65 63 2 1)
(2166 67 64 3 1)
(2169 65 63 1 1)
(2170 64 62 1 1)
(2171 62 61 1 1)
(2172 64 62 4 1)
(2176 62 61 2 1)
(2178 65 63 3 1)
(2181 64 62 1 1)
(2182 62 61 2 1)
(2184 60 60 4 1)
(2188 62 61 4 1)
(2192 64 62 4 1)
(2198 65 63 2 1)
(2200 67 64 2 1)
(2202 69 65 2 1)
(2204 70 66 3 1)
(2207 69 65 1 1)
(2208 67 64 1 1)
(2209 65 63 1 1)
(2210 65 63 4 1)
(2214 64 62 2 1)
(2216 65 63 16 1)
