(116 72 67 4 1)
(120 74 68 4 1)
(124 76 69 4 1)
(128 79 71 3 1)
(131 77 70 1 1)
(132 76 69 2 1)
(134 74 68 2 1)
(136 72 67 2 1)
(138 71 66 2 1)
(140 69 65 4 1)
(144 67 64 4 1)
(148 79 71 3 1)
(151 77 70 1 1)
(152 76 69 1 1)
(153 74 68 1 1)
(154 76 69 4 1)
(158 72 67 2 1)
(160 71 66 2 1)
(162 67 64 2 1)
(164 74 68 6 1)
(170 72 67 2 1)
(172 71 66 2 1)
(174 69 65 2 1)
(176 67 64 4 1)
(200 67 64 4 1)
(204 69 65 8 1)
(212 71 66 4 1)
(216 72 67 3 1)
(219 71 66 1 1)
(220 69 65 2 1)
(222 67 64 2 1)
(224 69 65 4 1)
(228 71 66 3 1)
(231 72 67 1 1)
(232 74 68 4 1)
(238 79 71 2 1)
(240 77 70 2 1)
(242 74 68 2 1)
(244 77 70 2 1)
(246 76 69 2 1)
(248 74 68 4 1)
(252 76 69 4 1)
(260 72 67 4 1)
(264 74 68 8 1)
(272 76 69 4 1)
(276 77 70 6 1)
(282 76 69 2 1)
(284 74 68 4 1)
(288 76 69 8 1)
(296 72 67 4 1)
(300 72 67 12 1)
(784 72 67 3 1)
(787 71 66 1 1)
(788 69 65 2 1)
(790 67 64 2 1)
(792 71 66 2 1)
(794 72 67 2 1)
(796 74 68 4 1)
(800 76 69 8 1)
(828 72 67 4 1)
(832 71 66 2 1)
(834 67 64 2 1)
(836 72 67 4 1)
(840 71 66 3 1)
(843 69 65 1 1)
(844 71 66 2 1)
(846 72 67 2 1)
(848 69 65 2 1)
(850 71 66 3 1)
(853 67 64 1 1)
(854 72 67 2 1)
(856 71 66 2 1)
(858 67 64 2 1)
(860 69 65 4 1)
(864 67 64 4 1)
(870 79 71 4 1)
(874 77 70 1 1)
(875 76 69 1 1)
(876 77 70 2 1)
(878 79 71 2 1)
(880 76 69 2 1)
(882 77 70 2 1)
(884 74 68 2 1)
(886 79 71 2 1)
(888 77 70 2 1)
(890 74 68 2 1)
(892 76 69 4 1)
(896 74 68 8 1)
(944 72 67 3 1)
(947 74 68 1 1)
(948 76 69 1 1)
(949 77 70 1 1)
(950 79 71 4 1)
(954 77 70 2 1)
(956 79 71 2 1)
(958 76 69 3 1)
(961 74 68 1 1)
(962 72 67 1 1)
(963 71 66 1 1)
(964 69 65 4 1)
(968 67 64 8 1)
(1004 74 68 4 1)
(1008 76 69 4 1)
(1012 72 67 4 1)
(1016 74 68 4 1)
(1024 74 68 4 1)
(1028 76 69 3 1)
(1031 74 68 1 1)
(1032 72 67 1 1)
(1033 71 66 1 1)
(1034 72 67 3 1)
(1037 71 66 1 1)
(1038 72 67 1 1)
(1039 69 65 1 1)
(1040 71 66 4 1)
(1044 72 67 6 1)
(1050 74 68 1 1)
(1051 76 69 1 1)
(1052 77 70 3 1)
(1055 76 69 1 1)
(1056 74 68 1 1)
(1057 72 67 1 1)
(1058 72 67 4 1)
(1062 71 66 2 1)
(1064 72 67 2 1)
(1066 79 71 2 1)
(1068 76 69 2 1)
(1070 79 71 2 1)
(1072 77 70 3 1)
(1075 76 69 1 1)
(1076 74 68 4 1)
(1080 72 67 4 1)
(1088 72 67 6 1)
(1094 72 67 2 1)
(1096 72 67 2 1)
(1098 72 67 2 1)
(1100 72 67 3 1)
(1103 74 68 1 1)
(1104 76 69 8 1)
