(0 67 64 3 1)
(3 65 63 1 1)
(4 62 61 2 1)
(6 64 62 4 1)
(10 65 63 3 1)
(13 64 62 1 1)
(14 65 63 2 1)
(16 67 64 4 1)
(20 62 61 2 1)
(22 64 62 2 1)
(24 62 61 2 1)
(26 67 64 3 1)
(29 69 65 1 1)
(30 71 66 2 1)
(32 72 67 1 1)
(33 71 66 1 1)
(34 69 65 1 1)
(35 67 64 1 1)
(36 66 63 3 1)
(39 64 62 1 1)
(40 67 64 4 1)
(44 67 64 4 1)
(48 67 64 3 1)
(51 65 63 1 1)
(52 64 62 2 1)
(54 62 61 2 1)
(56 64 62 2 1)
(58 60 60 2 1)
(60 72 67 4 1)
(64 69 65 4 1)
(68 69 65 1 1)
(69 67 64 1 1)
(70 69 65 1 1)
(71 71 66 1 1)
(72 72 67 4 1)
(76 69 65 2 1)
(78 72 67 3 1)
(81 71 66 1 1)
(82 69 65 1 1)
(83 67 64 1 1)
(84 65 63 3 1)
(87 64 62 1 1)
(88 69 65 2 1)
(90 69 65 4 1)
(94 67 64 1 1)
(95 65 63 1 1)
(96 64 62 3 1)
(99 65 63 1 1)
(100 67 64 3 1)
(103 65 63 1 1)
(104 62 61 2 1)
(106 65 63 3 1)
(109 67 64 1 1)
(110 69 65 2 1)
(112 67 64 2 1)
(114 74 68 4 1)
(118 71 66 4 1)
(122 69 65 1 1)
(123 67 64 1 1)
(124 66 63 3 1)
(127 64 62 1 1)
(128 67 64 8 1)
(140 67 64 4 1)
(144 67 64 4 1)
(148 67 64 4 1)
(152 69 65 4 1)
(156 69 65 4 1)
(160 67 64 6 1)
(166 72 67 4 1)
(170 71 66 1 1)
(171 69 65 1 1)
(172 71 66 4 1)
(176 72 67 3 1)
(179 71 66 1 1)
(180 67 64 2 1)
(182 69 65 2 1)
(184 67 64 2 1)
(186 69 65 4 1)
(190 67 64 1 1)
(191 65 63 1 1)
(192 64 62 2 1)
(194 69 65 4 1)
(198 69 65 2 1)
(200 69 65 4 1)
(204 69 65 4 1)
(208 69 65 6 1)
(214 67 64 1 1)
(215 65 63 1 1)
(216 64 62 6 1)
(222 67 64 3 1)
(225 69 65 1 1)
(226 71 66 2 1)
(228 72 67 2 1)
(230 69 65 4 1)
(234 67 64 1 1)
(235 65 63 1 1)
(236 67 64 4 1)
(240 69 65 4 1)
(244 69 65 4 1)
(248 72 67 6 1)
(254 71 66 2 1)
(256 69 65 6 1)
(262 67 64 1 1)
(263 65 63 1 1)
(264 64 62 3 1)
(267 65 63 1 1)
(268 67 64 2 1)
(270 69 65 3 1)
(273 71 66 1 1)
(274 72 67 3 1)
(277 71 66 1 1)
(278 69 65 1 1)
(279 67 64 1 1)
(280 65 63 2 1)
(282 70 66 3 1)
(285 69 65 1 1)
(286 67 64 1 1)
(287 65 63 1 1)
(288 67 64 2 1)
(290 65 63 2 1)
(292 67 64 4 1)
(296 65 63 2 1)
(298 67 64 4 1)
(302 66 63 2 1)
(304 67 64 8 1)
