(0 67 64 8 1)
(8 67 64 8 1)
(16 65 63 6 1)
(22 62 61 2 1)
(24 64 62 6 1)
(30 62 61 3 1)
(33 60 60 1 1)
(34 58 59 2 1)
(36 57 58 2 1)
(38 58 59 3 1)
(41 60 60 1 1)
(42 62 61 4 1)
(46 60 60 2 1)
(48 62 61 2 1)
(50 58 59 4 1)
(54 55 57 2 1)
(56 57 58 4 1)
(60 55 57 4 1)
(68 58 59 3 1)
(71 60 60 1 1)
(72 62 61 3 1)
(75 64 62 1 1)
(76 65 63 2 1)
(78 67 64 4 1)
(82 65 63 2 1)
(84 70 66 2 1)
(86 69 65 3 1)
(89 67 64 1 1)
(90 67 64 4 1)
(94 65 63 2 1)
(96 67 64 2 1)
(98 65 63 1 1)
(99 64 62 2 1)
(101 62 61 1 1)
(102 62 61 4 1)
(106 61 61 2 1)
(108 62 61 4 1)
(114 67 64 3 1)
(117 65 63 1 1)
(118 67 64 2 1)
(120 69 65 2 1)
(122 70 66 2 1)
(124 67 64 3 1)
(127 65 63 1 1)
(128 67 64 2 1)
(130 69 65 2 1)
(132 65 63 8 1)
(144 67 64 4 1)
(148 67 64 4 1)
(152 65 63 2 1)
(154 70 66 4 1)
(158 69 65 3 1)
(161 67 64 1 1)
(162 67 64 4 1)
(166 66 63 2 1)
(168 67 64 3 1)
(171 65 63 1 1)
(172 62 61 4 1)
(176 60 60 2 1)
(178 65 63 4 1)
(182 64 62 3 1)
(185 62 61 1 1)
(186 62 61 3 1)
(189 61 61 1 1)
(190 61 61 1 1)
(191 59 59 1 1)
(192 62 61 4 1)
(200 65 63 8 1)
(208 65 63 4 1)
(212 65 63 4 1)
(216 67 64 4 1)
(220 65 63 2 1)
(222 69 65 4 1)
(226 67 64 1 1)
(227 65 63 1 1)
(228 64 62 4 1)
(232 62 61 3 1)
(235 60 60 1 1)
(236 58 59 1 1)
(237 57 58 1 1)
(238 55 57 2 1)
(242 62 61 2 1)
(244 64 62 2 1)
(246 65 63 2 1)
(248 67 64 2 1)
(250 65 63 2 1)
(252 70 66 2 1)
(254 69 65 1 1)
(255 65 63 1 1)
(256 67 64 2 1)
(258 69 65 3 1)
(261 67 64 1 1)
(262 65 63 2 1)
(264 64 62 2 1)
(266 62 61 4 1)
(270 67 64 3 1)
(273 66 63 1 1)
(274 66 63 1 1)
(275 64 62 1 1)
(276 67 64 12 1)
