(12 67 64 3 1)
(15 69 65 1 1)
(16 71 66 2 1)
(18 72 67 4 1)
(22 71 66 1 1)
(23 69 65 1 1)
(24 71 66 4 1)
(28 71 66 4 1)
(32 71 66 3 1)
(35 72 67 1 1)
(36 74 68 2 1)
(38 76 69 3 1)
(41 74 68 1 1)
(42 72 67 4 1)
(46 71 66 1 1)
(47 69 65 1 1)
(48 71 66 8 1)
(60 71 66 4 1)
(64 69 65 2 1)
(66 72 67 4 1)
(70 71 66 1 1)
(71 69 65 1 1)
(72 67 64 2 1)
(74 69 65 2 1)
(76 67 64 2 1)
(78 69 65 3 1)
(81 67 64 1 1)
(82 65 63 1 1)
(83 64 62 1 1)
(84 62 61 4 1)
(92 74 68 4 1)
(96 74 68 4 1)
(100 74 68 4 1)
(104 76 69 8 1)
(112 76 69 4 1)
(116 77 70 6 1)
(122 76 69 1 1)
(123 74 68 1 1)
(124 77 70 4 1)
(128 76 69 4 1)
(132 74 68 6 1)
(138 72 67 2 1)
(140 72 67 6 1)
(146 71 66 1 1)
(147 69 65 1 1)
(148 71 66 4 1)
(152 72 67 6 1)
(158 71 66 1 1)
(159 69 65 1 1)
(160 67 64 2 1)
(162 69 65 2 1)
(164 64 62 4 1)
(170 72 67 2 1)
(172 71 66 2 1)
(174 69 65 3 1)
(177 67 64 1 1)
(178 65 63 1 1)
(179 64 62 1 1)
(180 62 61 4 1)
(184 60 60 4 1)
(188 72 67 4 1)
(192 72 67 4 1)
(196 71 66 6 1)
(202 69 65 2 1)
(204 69 65 8 1)
(212 68 64 4 1)
(216 69 65 8 1)
(228 67 64 4 1)
(232 65 63 2 1)
(234 69 65 4 1)
(238 67 64 1 1)
(239 65 63 1 1)
(240 64 62 8 1)
(252 71 66 4 1)
(256 69 65 2 1)
(258 72 67 4 1)
(262 71 66 1 1)
(263 69 65 1 1)
(264 67 64 8 1)
(276 74 68 4 1)
(280 72 67 2 1)
(282 76 69 4 1)
(286 74 68 1 1)
(287 72 67 1 1)
(288 71 66 3 1)
(291 72 67 1 1)
(292 74 68 2 1)
(294 67 64 4 1)
(298 65 63 1 1)
(299 64 62 1 1)
(300 62 61 4 1)
(306 67 64 2 1)
(308 69 65 2 1)
(310 72 67 2 1)
(312 71 66 3 1)
(315 72 67 1 1)
(316 74 68 2 1)
(318 76 69 3 1)
(321 74 68 1 1)
(322 72 67 4 1)
(326 71 66 2 1)
(328 72 67 8 1)
(336 71 66 8 1)
(344 71 66 4 1)
(348 71 66 4 1)
(352 72 67 6 1)
(358 71 66 1 1)
(359 69 65 1 1)
(360 71 66 3 1)
(363 72 67 1 1)
(364 74 68 2 1)
(366 67 64 4 1)
(370 65 63 1 1)
(371 64 62 1 1)
(372 62 61 2 1)
(374 64 62 4 1)
(378 62 61 1 1)
(379 60 60 1 1)
(380 62 61 4 1)
(384 60 60 3 1)
(387 62 61 1 1)
(388 64 62 2 1)
(390 65 63 2 1)
(392 67 64 4 1)
(398 69 65 4 1)
(402 67 64 2 1)
(404 65 63 2 1)
(406 64 62 1 1)
(407 62 61 1 1)
(408 64 62 8 1)
(420 67 64 4 1)
(424 69 65 4 1)
(428 71 66 4 1)
(432 72 67 6 1)
(438 71 66 1 1)
(439 69 65 1 1)
(440 71 66 4 1)
(444 71 66 4 1)
(448 72 67 4 1)
(452 74 68 4 1)
(456 67 64 2 1)
(458 69 65 1 1)
(459 71 66 1 1)
(460 72 67 6 1)
(466 71 66 1 1)
(467 69 65 1 1)
(468 71 66 2 1)
(470 67 64 3 1)
(473 65 63 1 1)
(474 67 64 2 1)
(476 69 65 1 1)
(477 67 64 1 1)
(478 65 63 1 1)
(479 64 62 1 1)
(480 62 61 16 1)
