(0 72 67 4 1)
(4 69 65 2 1)
(6 74 68 3 1)
(9 72 67 1/2 1)
(19/2 70 66 1/2 1)
(10 69 65 2 1)
(12 67 64 2 1)
(14 70 66 4 1)
(18 69 65 2 1)
(20 67 64 4 1)
(24 69 65 8 1)
(32 65 63 4 1)
(36 69 65 4 1)
(40 67 64 8 1)
(50 72 67 4 1)
(54 69 65 2 1)
(56 70 66 4 1)
(60 69 65 4 1)
(64 72 67 4 1)
(68 70 66 3 1)
(71 67 64 1 1)
(72 69 65 8 1)
(92 62 61 4 1)
(96 64 62 6 1)
(102 60 60 2 1)
(104 60 60 3 1)
(107 62 61 1 1)
(108 64 62 4 1)
(112 65 63 4 1)
(116 64 62 2 1)
(118 67 64 2 1)
(122 67 64 2 1)
(124 69 65 2 1)
(126 72 67 2 1)
(128 70 66 2 1)
(130 72 67 2 1)
(132 74 68 2 1)
(134 72 67 2 1)
(137 65 63 2 1)
(139 67 64 1 1)
(140 69 65 3 1)
(143 67 64 1 1)
(144 64 62 2 1)
(146 65 63 2 1)
(148 67 64 2 1)
(150 69 65 2 1)
(152 70 66 4 1)
(156 69 65 12 1)
(224 72 67 4 1)
(228 70 66 2 1)
(230 67 64 2 1)
(232 69 65 2 1)
(234 67 64 1 1)
(235 65 63 1 1)
(236 64 62 2 1)
(238 65 63 2 1)
(240 67 64 2 1)
(242 72 67 2 1)
(244 70 66 2 1)
(246 74 68 4 1)
(250 72 67 4 1)
(254 71 66 2 1)
(256 72 67 8 1)
(268 74 68 4 1)
(272 72 67 2 1)
(274 70 66 2 1)
(276 72 67 3 1)
(279 70 66 1 1)
(280 69 65 2 1)
(282 67 64 3 1)
(285 69 65 1 1)
(286 70 66 2 1)
(288 72 67 2 1)
(290 65 63 2 1)
(292 67 64 2 1)
(294 69 65 4 1)
(298 65 63 2 1)
(300 64 62 12 1)
(312 64 62 6 1)
(318 65 63 2 1)
(320 67 64 4 1)
(324 69 65 2 1)
(326 67 64 2 1)
(328 69 65 2 1)
(330 72 67 2 1)
(332 70 66 3 1)
(335 67 64 1 1)
(336 69 65 4 1)
(342 65 63 2 1)
(344 67 64 2 1)
(346 69 65 2 1)
(348 70 66 4 1)
(352 72 67 2 1)
(354 74 68 4 1)
(358 70 66 2 1)
(360 69 65 6 1)
(366 67 64 1 1)
(367 65 63 1 1)
(368 64 62 2 1)
(370 62 61 2 1)
(372 65 63 4 1)
(376 67 64 2 1)
(378 69 65 4 1)
(382 65 63 2 1)
(384 64 62 4 1)
(444 69 65 3 1)
(447 67 64 1/2 1)
(895/2 65 63 1/2 1)
(448 64 62 8 1)
(456 62 61 4 1)
(460 60 60 4 1)
(466 72 67 3 1)
(469 70 66 1/2 1)
(939/2 69 65 1/2 1)
(470 67 64 2 1)
(472 69 65 4 1)
(478 72 67 4 1)
(482 69 65 2 1)
(484 70 66 2 1)
(486 74 68 4 1)
(490 72 67 4 1)
(494 70 66 4 1)
(498 69 65 2 1)
(500 65 63 2 1)
(502 67 64 4 1)
(506 69 65 4 1)
(510 65 63 4 1)
(514 64 62 2 1)
(516 65 63 12 1)
