(0 67 64 8 1)
(8 65 63 4 1)
(12 67 64 3 1)
(15 65 63 1 1)
(16 62 61 4 1)
(20 65 63 3 1)
(23 67 64 1 1)
(24 69 65 2 1)
(26 70 66 3 1)
(29 69 65 1 1)
(30 67 64 3 1)
(33 66 63 1 1)
(34 66 63 1 1)
(35 64 62 1 1)
(36 67 64 4 1)
(44 62 61 4 1)
(48 63 62 4 1)
(52 62 61 2 1)
(54 62 61 4 1)
(58 58 59 2 1)
(60 60 60 2 1)
(62 57 58 2 1)
(64 58 59 4 1)
(68 55 57 4 1)
(74 65 63 4 1)
(78 67 64 4 1)
(82 64 62 2 1)
(84 65 63 2 1)
(86 67 64 2 1)
(88 69 65 4 1)
(92 70 66 2 1)
(94 67 64 4 1)
(98 66 63 2 1)
(100 67 64 2 1)
(102 62 61 4 1)
(106 65 63 2 1)
(108 64 62 2 1)
(110 62 61 1 1)
(111 62 61 2 1)
(113 60 60 1/2 1)
(227/2 58 59 1/2 1)
(114 60 60 2 1)
(116 57 58 2 1)
(118 62 61 4 1)
(122 61 61 2 1)
(124 62 61 4 1)
(132 62 61 4 1)
(136 60 60 4 1)
(140 62 61 2 1)
(142 58 59 4 1)
(146 55 57 2 1)
(148 57 58 3 1)
(151 58 59 1 1)
(152 55 57 4 1)
(160 53 56 4 1)
(164 58 59 1 1)
(165 60 60 1 1)
(166 62 61 2 1)
(168 63 62 1 1)
(169 62 61 1 1)
(170 60 60 1 1)
(171 58 59 1 1)
(172 57 58 4 1)
(176 55 57 4 1)
(182 62 61 2 1)
(184 64 62 2 1)
(186 65 63 2 1)
(188 67 64 2 1)
(190 70 66 4 1)
(194 69 65 3 1)
(197 67 64 1 1)
(198 65 63 1 1)
(199 64 62 1 1)
(200 62 61 2 1)
(202 67 64 4 1)
(206 66 63 2 1)
(208 67 64 4 1)
(212 65 63 2 1)
(214 62 61 2 1)
(216 64 62 4 1)
(220 62 61 2 1)
(222 62 61 3 1)
(225 63 62 1 1)
(226 62 61 1 1)
(227 60 60 1/2 1)
(455/2 58 59 1/2 1)
(228 57 58 4 1)
(234 62 61 3 1)
(237 59 59 1 1)
(238 61 61 2 1)
(240 62 61 4 1)
(244 63 62 2 1)
(246 62 61 4 1)
(250 67 64 2 1)
(252 65 63 3 1)
(255 67 64 1 1)
(256 69 65 1 1)
(257 70 66 1 1)
(258 72 67 2 1)
(260 70 66 2 1)
(262 67 64 4 1)
(266 66 63 2 1)
(268 67 64 8 1)
