(12 64 62 4 1)
(16 67 64 4 1)
(20 69 65 4 1)
(24 71 66 2 1)
(26 72 67 3 1)
(29 71 66 1 1)
(30 67 64 2 1)
(32 69 65 8 1)
(40 69 65 4 1)
(44 67 64 3 1)
(47 69 65 1 1)
(48 71 66 2 1)
(50 67 64 2 1)
(54 67 64 2 1)
(56 69 65 4 1)
(60 67 64 3 1)
(63 69 65 1 1)
(64 71 66 1 1)
(65 72 67 1 1)
(66 74 68 4 1)
(70 72 67 2 1)
(72 69 65 2 1)
(74 71 66 4 1)
(78 69 65 4 1)
(82 68 64 2 1)
(84 69 65 8 1)
(96 72 67 4 1)
(100 71 66 2 1)
(102 72 67 3 1)
(105 71 66 1 1)
(106 67 64 2 1)
(108 69 65 2 1)
(110 64 62 2 1)
(114 67 64 2 1)
(116 69 65 2 1)
(118 67 64 2 1)
(120 64 62 2 1)
(122 69 65 4 1)
(126 65 63 2 1)
(128 67 64 2 1)
(130 69 65 2 1)
(132 67 64 2 1)
(134 64 62 2 1)
(136 72 67 3 1)
(139 71 66 1 1)
(140 69 65 2 1)
(142 67 64 2 1)
(144 69 65 2 1)
(146 71 66 3 1)
(149 69 65 1 1)
(150 67 64 4 1)
(154 66 63 2 1)
(156 67 64 8 1)
(168 67 64 3 1)
(171 69 65 1 1)
(172 71 66 2 1)
(174 72 67 3 1)
(177 69 65 1 1)
(178 71 66 2 1)
(180 64 62 2 1)
(182 69 65 2 1)
(184 71 66 2 1)
(186 72 67 2 1)
(188 71 66 2 1)
(190 76 69 3 1)
(193 74 68 1 1)
(194 72 67 1 1)
(195 71 66 1 1)
(196 69 65 1 1)
(197 67 64 1 1)
(198 74 68 4 1)
(202 72 67 4 1)
(206 71 66 2 1)
(208 72 67 2 1)
(210 67 64 2 1)
(212 69 65 2 1)
(214 67 64 2 1)
(216 65 63 2 1)
(218 64 62 2 1)
(220 72 67 3 1)
(223 71 66 1 1)
(224 69 65 2 1)
(226 67 64 4 1)
(230 65 63 4 1)
(234 64 62 4 1)
(238 62 61 2 1)
(240 64 62 24 1)
