(0 60 60 4 1)
(4 64 62 2 1)
(6 65 63 2 1)
(8 67 64 4 1)
(12 72 67 4 1)
(16 71 66 6 1)
(22 67 64 2 1)
(24 69 65 4 1)
(28 67 64 4 1)
(32 64 62 4 1)
(36 62 61 4 1)
(40 67 64 2 1)
(42 64 62 2 1)
(44 65 63 1 1)
(45 64 62 1 1)
(46 62 61 1 1)
(47 60 60 1 1)
(48 59 59 8 1)
(60 71 66 4 1)
(64 72 67 6 1)
(70 69 65 2 1)
(72 71 66 4 1)
(76 69 65 6 1)
(82 67 64 2 1)
(84 67 64 8 1)
(92 65 63 2 1)
(94 64 62 2 1)
(96 67 64 3 1)
(99 65 63 1 1)
(100 64 62 2 1)
(102 62 61 2 1)
(104 67 64 2 1)
(106 69 65 2 1)
(108 71 66 2 1)
(110 72 67 3 1)
(113 71 66 1 1)
(114 69 65 1 1)
(115 67 64 1 1)
(116 66 63 3 1)
(119 64 62 1 1)
(120 67 64 12 1)
(134 67 64 4 1)
(138 64 62 2 1)
(140 65 63 4 1)
(144 64 62 8 1)
(152 62 61 4 1)
(156 60 60 4 1)
(160 59 59 4 1)
(164 64 62 3 1)
(167 62 61 1 1)
(168 65 63 3 1)
(171 64 62 1 1)
(172 62 61 1 1)
(173 60 60 1 1)
(174 60 60 4 1)
(178 59 59 2 1)
(180 60 60 4 1)
(192 72 67 4 1)
(196 71 66 2 1)
(198 69 65 3 1)
(201 67 64 1 1)
(202 65 63 2 1)
(204 64 62 4 1)
(212 69 65 4 1)
(216 67 64 3 1)
(219 69 65 1 1)
(220 71 66 4 1)
(224 72 67 4 1)
(228 71 66 6 1)
(234 67 64 2 1)
(236 69 65 1 1)
(237 67 64 1 1)
(238 65 63 1 1)
(239 64 62 1 1)
(240 62 61 2 1)
(242 60 60 2 1)
(244 72 67 2 1)
(246 71 66 2 1)
(248 69 65 3 1)
(251 67 64 1 1)
(252 71 66 4 1)
(256 67 64 4 1)
(264 69 65 4 1)
(268 67 64 2 1)
(270 72 67 4 1)
(274 71 66 2 1)
(276 72 67 2 1)
(278 69 65 4 1)
(282 67 64 2 1)
(284 69 65 2 1)
(286 64 62 2 1)
(288 72 67 3 1)
(291 71 66 1 1)
(292 69 65 2 1)
(294 67 64 2 1)
(296 65 63 2 1)
(298 64 62 2 1)
(300 69 65 2 1)
(302 67 64 1 1)
(303 64 62 1 1)
(304 65 63 2 1)
(306 64 62 3 1)
(309 62 61 1 1)
(310 62 61 1 1)
(311 60 60 1 1)
(312 64 62 12 1)
(324 67 64 6 1)
(330 69 65 2 1)
(332 71 66 4 1)
(336 72 67 4 1)
(340 74 68 4 1)
(344 72 67 2 1)
(346 69 65 4 1)
(350 67 64 2 1)
(352 67 64 4 1)
(356 65 63 2 1)
(358 69 65 3 1)
(361 67 64 1 1)
(362 64 62 2 1)
(364 65 63 2 1)
(366 67 64 2 1)
(368 65 63 2 1)
(370 64 62 1 1)
(371 62 61 1 1)
(372 60 60 8 1)
(388 62 61 4 1)
(392 65 63 4 1)
(396 64 62 4 1)
(400 62 61 8 1)
(408 67 64 4 1)
(412 69 65 2 1)
(414 71 66 2 1)
(416 69 65 2 1)
(418 74 68 4 1)
(422 72 67 2 1)
(424 69 65 8 1)
(432 68 64 2 1)
(434 66 63 2 1)
(436 69 65 8 1)
(448 64 62 6 1)
(454 65 63 2 1)
(456 67 64 4 1)
(460 69 65 4 1)
(464 67 64 4 1)
(468 65 63 6 1)
(474 64 62 2 1)
(476 64 62 4 1)
(480 60 60 4 1)
(484 62 61 2 1)
(486 64 62 4 1)
(490 65 63 2 1)
(492 64 62 2 1)
(494 62 61 1 1)
(495 60 60 1 1)
(496 59 59 4 1)
(500 60 60 2 1)
(502 64 62 4 1)
(506 65 63 2 1)
(508 67 64 4 1)
(512 69 65 2 1)
(514 67 64 2 1)
(516 64 62 8 1)
(528 69 65 4 1)
(532 67 64 2 1)
(534 65 63 2 1)
(536 69 65 6 1)
(542 67 64 2 1)
(544 65 63 2 1)
(546 64 62 2 1)
(548 64 62 4 1)
(552 69 65 4 1)
(556 67 64 4 1)
(560 65 63 6 1)
(566 64 62 2 1)
(568 64 62 6 1)
(574 62 61 2 1)
(576 62 61 2 1)
(578 60 60 2 1)
(580 64 62 8 1)
