(16 60 60 8 1)
(24 65 63 4 1)
(28 65 63 4 1)
(32 64 62 4 1)
(36 64 62 2 1)
(38 65 63 1 1)
(39 67 64 1 1)
(40 69 65 4 1)
(44 69 65 4 1)
(48 65 63 2 1)
(50 67 64 3 1)
(53 65 63 1 1)
(54 64 62 1 1)
(55 62 61 1 1)
(56 60 60 4 1)
(60 72 67 4 1)
(64 69 65 2 1)
(66 70 66 3 1)
(69 69 65 1 1)
(70 67 64 1 1)
(71 65 63 1 1)
(72 64 62 2 1)
(74 65 63 4 1)
(78 64 62 2 1)
(80 65 63 8 1)
(92 65 63 8 1)
(100 67 64 4 1)
(104 67 64 4 1)
(108 65 63 8 1)
(116 62 61 2 1)
(118 65 63 4 1)
(122 64 62 1 1)
(123 62 61 1 1)
(124 60 60 8 1)
(132 69 65 8 1)
(140 70 66 4 1)
(144 70 66 4 1)
(148 69 65 8 1)
(156 69 65 4 1)
(160 64 62 4 1)
(166 67 64 2 1)
(168 67 64 2 1)
(170 65 63 2 1)
(172 64 62 2 1)
(174 67 64 4 1)
(178 65 63 2 1)
(180 64 62 2 1)
(182 67 64 4 1)
(186 65 63 1 1)
(187 64 62 1 1)
(188 62 61 2 1)
(190 62 61 2 1)
(192 60 60 8 1)
(226 69 65 4 1)
(230 67 64 1 1)
(231 65 63 1 1)
(232 64 62 2 1)
(234 62 61 2 1)
(236 65 63 4 1)
(240 64 62 2 1)
(242 62 61 2 1)
(244 65 63 3 1)
(247 64 62 1/2 1)
(495/2 65 63 1/2 1)
(248 67 64 1 1)
(249 60 60 1 1)
(250 65 63 4 1)
(254 64 62 2 1)
(256 65 63 16 1)
(302 65 63 2 1)
(304 64 62 2 1)
(306 65 63 3 1)
(309 67 64 1 1)
(310 69 65 2 1)
(312 69 65 2 1)
(314 67 64 1 1)
(315 65 63 1 1)
(316 64 62 2 1)
(318 65 63 2 1)
(320 67 64 4 1)
(324 55 57 4 1)
(330 67 64 2 1)
(332 65 63 2 1)
(334 67 64 4 1)
(338 65 63 1 1)
(339 64 62 1 1)
(340 62 61 3 1)
(343 64 62 1 1)
(344 65 63 1 1)
(345 67 64 1 1)
(346 69 65 3 1)
(349 70 66 1 1)
(350 72 67 3 1)
(353 70 66 1 1)
(354 69 65 1 1)
(355 67 64 1 1)
(356 65 63 1 1)
(357 64 62 1 1)
(358 72 67 3 1)
(361 70 66 1 1)
(362 69 65 4 1)
(366 67 64 2 1)
(368 69 65 4 1)
(374 57 58 2 1)
(376 60 60 3 1)
(379 58 59 1/2 1)
(759/2 60 60 1/2 1)
(380 62 61 2 1)
(382 57 58 2 1)
(384 60 60 3 1)
(387 62 61 1 1)
(388 58 59 4 1)
(392 57 58 8 1)
(456 64 62 8 1)
(464 64 62 4 1)
(468 64 62 8 1)
(476 64 62 4 1)
(480 65 63 4 1)
(484 62 61 4 1)
(488 64 62 4 1)
(492 62 61 4 1)
(496 64 62 8 1)
(504 62 61 8 1)
(516 65 63 8 1)
(524 69 65 4 1)
(528 70 66 8 1)
(536 69 65 8 1)
(544 65 63 3 1)
(547 67 64 1 1)
(548 69 65 1 1)
(549 70 66 1 1)
(550 69 65 4 1)
(554 65 63 4 1)
(558 64 62 2 1)
(560 65 63 8 1)
(572 60 60 4 1)
(576 62 61 3 1)
(579 64 62 1 1)
(580 65 63 2 1)
(582 65 63 4 1)
(586 64 62 1 1)
(587 62 61 1 1)
(588 60 60 4 1)
(592 58 59 4 1)
(598 65 63 2 1)
(600 67 64 2 1)
(602 70 66 4 1)
(606 69 65 2 1)
(608 70 66 4 1)
(612 67 64 4 1)
(616 65 63 3 1)
(619 67 64 1 1)
(620 69 65 1 1)
(621 70 66 1 1)
(622 69 65 4 1)
(626 65 63 4 1)
(630 64 62 2 1)
(632 65 63 4 1)
(636 62 61 4 1)
(640 60 60 3 1)
(643 58 59 1 1)
(644 57 58 1 1)
(645 55 57 1 1)
(646 60 60 3 1)
(649 57 58 1 1)
(650 62 61 4 1)
(654 60 60 1 1)
(655 58 59 1 1)
(656 57 58 8 1)
(664 57 58 8 1)
(672 62 61 8 1)
(680 62 61 4 1)
(684 62 61 8 1)
(692 62 61 3 1)
(695 64 62 1 1)
(696 65 63 2 1)
(698 65 63 4 1)
(702 64 62 1 1)
(703 62 61 1 1)
(704 60 60 8 1)
(716 67 64 4 1)
(720 67 64 4 1)
(724 67 64 4 1)
(728 67 64 3 1)
(731 69 65 1 1)
(732 70 66 2 1)
(734 70 66 4 1)
(738 69 65 1 1)
(739 67 64 1 1)
(740 65 63 4 1)
(746 65 63 4 1)
(750 65 63 4 1)
(754 65 63 2 1)
(756 67 64 4 1)
(760 67 64 4 1)
(764 65 63 8 1)
(772 64 62 4 1)
(778 62 61 2 1)
(780 64 62 2 1)
(782 65 63 4 1)
(786 62 61 2 1)
(788 64 62 2 1)
(790 65 63 4 1)
(794 64 62 1 1)
(795 62 61 1 1)
(796 60 60 4 1)
(802 65 63 2 1)
(804 67 64 2 1)
(806 69 65 4 1)
(810 65 63 2 1)
(812 67 64 2 1)
(814 69 65 2 1)
(816 65 63 2 1)
(818 70 66 4 1)
(822 69 65 2 1)
(824 70 66 8 1)
(840 65 63 4 1)
(844 67 64 2 1)
(846 70 66 4 1)
(850 69 65 1 1)
(851 67 64 1 1)
(852 65 63 3 1)
(855 67 64 1 1)
(856 69 65 4 1)
(860 65 63 4 1)
(866 72 67 3 1)
(869 70 66 1 1)
(870 69 65 4 1)
(874 67 64 1 1)
(875 65 63 1 1)
(876 64 62 2 1)
(878 65 63 2 1)
(880 67 64 2 1)
(882 64 62 2 1)
(884 62 61 4 1)
(888 60 60 4 1)
(894 67 64 4 1)
(898 65 63 1 1)
(899 64 62 1 1)
(900 62 61 2 1)
(902 60 60 1 1)
(903 62 61 1 1)
(904 64 62 1 1)
(905 60 60 1 1)
(906 65 63 4 1)
(910 64 62 2 1)
(912 65 63 4 1)
(918 60 60 4 1)
(922 58 59 1 1)
(923 57 58 1 1)
(924 58 59 2 1)
(926 60 60 3 1)
(929 53 56 1 1)
(930 57 58 2 1)
(932 55 57 4 1)
(936 53 56 4 1)
(942 69 65 4 1)
(946 67 64 1 1)
(947 65 63 1 1)
(948 67 64 2 1)
(950 69 65 3 1)
(953 67 64 1 1)
(954 65 63 4 1)
(958 64 62 2 1)
(960 65 63 8 1)
(1042 65 63 2 1)
(1044 65 63 2 1)
(1046 65 63 4 1)
(1050 65 63 2 1)
(1052 65 63 2 1)
(1054 65 63 2 1)
(1056 70 66 8 1)
(1064 69 65 4 1)
(1070 65 63 2 1)
(1072 65 63 2 1)
(1074 65 63 2 1)
(1076 67 64 2 1)
(1078 70 66 4 1)
(1082 69 65 1 1)
(1083 67 64 1 1)
(1084 65 63 4 1)
(1090 65 63 2 1)
(1092 65 63 2 1)
(1094 65 63 4 1)
(1098 65 63 2 1)
(1100 65 63 2 1)
(1102 65 63 2 1)
(1104 67 64 4 1)
(1110 70 66 3 1)
(1113 69 65 1 1)
(1114 67 64 4 1)
(1118 65 63 2 1)
(1120 63 62 2 1)
(1122 72 67 3 1)
(1125 70 66 1 1)
(1126 69 65 2 1)
(1128 67 64 2 1)
(1130 65 63 4 1)
(1134 64 62 2 1)
(1136 65 63 8 1)
(1144 60 60 4 1)
(1148 60 60 4 1)
(1152 62 61 4 1)
(1156 60 60 4 1)
(1160 62 61 2 1)
(1162 65 63 4 1)
(1166 64 62 2 1)
(1168 65 63 12 1)
(1188 67 64 4 1)
(1192 69 65 6 1)
(1198 69 65 2 1)
(1200 69 65 4 1)
(1204 67 64 4 1)
(1208 64 62 2 1)
(1210 60 60 2 1)
(1212 62 61 4 1)
(1216 60 60 8 1)
(1236 65 63 4 1)
(1240 64 62 6 1)
(1246 65 63 2 1)
(1248 67 64 4 1)
(1252 69 65 6 1)
(1258 67 64 1 1)
(1259 65 63 1 1)
(1260 64 62 4 1)
(1266 62 61 4 1)
(1270 64 62 2 1)
(1272 65 63 4 1)
(1276 67 64 6 1)
(1282 69 65 2 1)
(1284 70 66 4 1)
(1288 72 67 6 1)
(1294 70 66 1 1)
(1295 69 65 1 1)
(1296 67 64 4 1)
(1302 65 63 4 1)
(1306 67 64 2 1)
(1308 69 65 4 1)
(1312 70 66 2 1)
(1314 67 64 4 1)
(1318 65 63 1 1)
(1319 64 62 1 1)
(1320 62 61 4 1)
(1326 60 60 4 1)
(1330 62 61 2 1)
(1332 64 62 4 1)
(1336 65 63 6 1)
(1342 64 62 1 1)
(1343 62 61 1 1)
(1344 64 62 4 1)
(1348 65 63 24 1)
