(108 64 62 6 1)
(114 64 62 2 1)
(116 64 62 2 1)
(118 64 62 2 1)
(120 65 63 8 1)
(128 65 63 4 1)
(132 64 62 3 1)
(135 65 63 1 1)
(136 67 64 2 1)
(138 67 64 4 1)
(142 66 63 2 1)
(144 67 64 4 1)
(148 60 60 2 1)
(150 65 63 4 1)
(154 64 62 2 1)
(156 62 61 4 1)
(160 60 60 4 1)
(172 67 64 4 1)
(176 69 65 3 1)
(179 70 66 1 1)
(180 72 67 2 1)
(182 72 67 4 1)
(186 70 66 2 1)
(188 72 67 4 1)
(192 65 63 2 1)
(194 70 66 4 1)
(198 69 65 2 1)
(200 67 64 4 1)
(204 65 63 4 1)
(208 67 64 3 1)
(211 69 65 1 1)
(212 70 66 2 1)
(214 70 66 4 1)
(218 69 65 2 1)
(220 70 66 2 1)
(222 67 64 4 1)
(226 60 60 2 1)
(228 62 61 3 1)
(231 64 62 1 1)
(232 65 63 2 1)
(234 65 63 4 1)
(238 64 62 2 1)
(240 65 63 16 1)
(264 65 63 4 1)
(268 65 63 4 1)
(272 65 63 4 1)
(276 65 63 4 1)
(280 62 61 8 1)
(288 60 60 12 1)
(302 60 60 3 1)
(305 62 61 1 1)
(306 64 62 2 1)
(308 60 60 2 1)
(310 64 62 4 1)
(314 60 60 2 1)
(316 60 60 8 1)
(326 60 60 3 1)
(329 62 61 1 1)
(330 64 62 2 1)
(332 60 60 2 1)
(334 64 62 4 1)
(338 60 60 2 1)
(340 60 60 4 1)
(344 62 61 4 1)
(350 65 63 3 1)
(353 67 64 1 1)
(354 69 65 2 1)
(356 65 63 2 1)
(358 69 65 4 1)
(362 65 63 2 1)
(364 65 63 4 1)
(368 67 64 4 1)
(372 64 62 4 1)
(376 65 63 8 1)
(384 64 62 8 1)
(394 67 64 2 1)
(396 69 65 2 1)
(398 72 67 3 1)
(401 70 66 1 1)
(402 69 65 2 1)
(404 67 64 4 1)
(408 65 63 2 1)
(410 69 65 3 1)
(413 67 64 1 1)
(414 65 63 2 1)
(416 64 62 2 1)
(418 62 61 2 1)
(420 60 60 3 1)
(423 62 61 1 1)
(424 64 62 2 1)
(426 62 61 2 1)
(428 67 64 3 1)
(431 65 63 1 1)
(432 64 62 2 1)
(434 62 61 2 1)
(438 67 64 2 1)
(440 65 63 2 1)
(442 69 65 3 1)
(445 67 64 1 1)
(446 65 63 2 1)
(448 64 62 2 1)
(450 62 61 2 1)
(452 60 60 3 1)
(455 62 61 1 1)
(456 64 62 2 1)
(458 62 61 2 1)
(460 67 64 4 1)
(464 65 63 8 1)
(476 65 63 4 1)
(480 65 63 4 1)
(484 65 63 4 1)
(488 65 63 8 1)
(496 65 63 8 1)
(504 67 64 4 1)
(508 64 62 4 1)
(512 64 62 2 1)
(514 64 62 4 1)
(518 64 62 2 1)
(520 64 62 2 1)
(522 64 62 2 1)
(524 67 64 4 1)
(528 64 62 4 1)
(534 67 64 4 1)
(538 65 63 1 1)
(539 67 64 1 1)
(540 69 65 2 1)
(542 67 64 2 1)
(544 64 62 4 1)
(550 67 64 4 1)
(554 65 63 1 1)
(555 67 64 1 1)
(556 69 65 2 1)
(558 67 64 2 1)
(560 60 60 4 1)
(566 60 60 4 1)
(570 58 59 1 1)
(571 60 60 1 1)
(572 62 61 2 1)
(574 60 60 2 1)
(576 57 58 2 1)
(578 64 62 2 1)
(580 65 63 2 1)
(582 64 62 4 1)
(586 69 65 4 1)
(590 67 64 2 1)
(592 69 65 4 1)
(598 67 64 2 1)
(600 72 67 4 1)
(604 70 66 4 1)
(608 69 65 4 1)
(614 67 64 2 1)
(616 69 65 2 1)
(618 65 63 4 1)
(622 67 64 2 1)
(624 69 65 4 1)
(628 65 63 2 1)
(630 67 64 4 1)
(634 65 63 1 1)
(635 64 62 1 1)
(636 62 61 2 1)
(638 60 60 4 1)
(642 65 63 4 1)
(646 64 62 2 1)
(648 65 63 8 1)
(724 65 63 4 1)
(728 65 63 4 1)
(732 65 63 4 1)
(736 65 63 4 1)
(740 65 63 4 1)
(744 67 64 8 1)
(752 67 64 4 1)
(756 64 62 4 1)
(760 64 62 2 1)
(762 69 65 4 1)
(766 67 64 1 1)
(767 65 63 1 1)
(768 72 67 4 1)
(772 65 63 4 1)
(780 72 67 8 1)
(788 72 67 4 1)
(792 69 65 4 1)
(796 67 64 4 1)
(800 72 67 4 1)
(804 72 67 8 1)
(812 72 67 4 1)
(820 69 65 4 1)
(824 69 65 4 1)
(828 67 64 4 1)
(832 65 63 4 1)
(836 65 63 4 1)
(840 64 62 8 1)
(874 70 66 4 1)
(878 69 65 2 1)
(880 67 64 4 1)
(884 65 63 2 1)
(886 67 64 4 1)
(890 65 63 1 1)
(891 64 62 1 1)
(892 62 61 4 1)
(896 60 60 4 1)
(916 57 58 4 1)
(920 58 59 2 1)
(922 58 59 4 1)
(926 57 58 1 1)
(927 55 57 1 1)
(928 53 56 2 1)
(930 55 57 2 1)
(932 57 58 2 1)
(934 58 59 4 1)
(938 57 58 4 1)
(942 55 57 2 1)
(944 57 58 8 1)
(952 55 57 4 1)
(956 57 58 4 1)
(962 60 60 3 1)
(965 58 59 1 1)
(966 57 58 4 1)
(970 55 57 1 1)
(971 53 56 1 1)
(972 55 57 4 1)
(976 53 56 2 1)
(978 69 65 3 1)
(981 67 64 1 1)
(982 65 63 4 1)
(986 64 62 1 1)
(987 62 61 1 1)
(988 64 62 4 1)
(992 65 63 4 1)
(998 72 67 3 1)
(1001 70 66 1 1)
(1002 69 65 4 1)
(1006 67 64 1 1)
(1007 65 63 1 1)
(1008 64 62 2 1)
(1010 65 63 4 1)
(1014 64 62 2 1)
(1016 65 63 16 1)
(1040 62 61 3 1)
(1043 64 62 1 1)
(1044 65 63 2 1)
(1046 67 64 4 1)
(1050 65 63 2 1)
(1052 67 64 3 1)
(1055 65 63 1 1)
(1056 62 61 4 1)
(1076 65 63 3 1)
(1079 67 64 1 1)
(1080 69 65 2 1)
(1082 70 66 4 1)
(1086 69 65 2 1)
(1088 70 66 3 1)
(1091 69 65 1 1)
(1092 65 63 4 1)
(1098 70 66 4 1)
(1102 69 65 2 1)
(1104 65 63 2 1)
(1106 67 64 4 1)
(1110 65 63 2 1)
(1112 62 61 2 1)
(1114 63 62 4 1)
(1118 62 61 2 1)
(1120 58 59 2 1)
(1122 60 60 4 1)
(1126 62 61 2 1)
(1128 65 63 4 1)
(1132 63 62 4 1)
(1136 62 61 4 1)
(1142 65 63 2 1)
(1144 65 63 2 1)
(1146 65 63 2 1)
(1148 65 63 2 1)
(1150 65 63 2 1)
(1152 65 63 4 1)
(1156 67 64 4 1)
(1160 69 65 4 1)
(1166 65 63 2 1)
(1168 69 65 2 1)
(1170 70 66 2 1)
(1172 72 67 3 1)
(1175 70 66 1 1)
(1176 69 65 2 1)
(1178 67 64 1 1)
(1179 65 63 1 1)
(1180 64 62 8 1)
(1188 64 62 2 1)
(1190 64 62 2 1)
(1192 64 62 2 1)
(1194 62 61 2 1)
(1196 64 62 2 1)
(1198 67 64 3 1)
(1201 65 63 1 1)
(1202 64 62 1 1)
(1203 62 61 1 1)
(1204 64 62 4 1)
(1208 65 63 8 1)
(1234 60 60 2 1)
(1236 65 63 2 1)
(1238 65 63 2 1)
(1240 64 62 2 1)
(1242 65 63 2 1)
(1244 67 64 2 1)
(1246 64 62 2 1)
(1248 62 61 4 1)
(1252 60 60 2 1)
(1254 65 63 2 1)
(1256 67 64 3 1)
(1259 64 62 1 1)
(1260 65 63 2 1)
(1262 67 64 4 1)
(1266 65 63 4 1)
(1270 64 62 2 1)
(1272 65 63 8 1)
(1304 65 63 4 1)
(1308 64 62 2 1)
(1310 65 63 4 1)
(1314 67 64 2 1)
(1316 69 65 4 1)
(1320 67 64 4 1)
(1328 67 64 8 1)
(1336 69 65 4 1)
(1340 69 65 4 1)
(1344 62 61 3 1)
(1347 58 59 1 1)
(1348 60 60 2 1)
(1350 62 61 2 1)
(1352 64 62 2 1)
(1354 62 61 4 1)
(1358 61 60 2 1)
(1360 62 61 4 1)
(1366 62 61 2 1)
(1368 69 65 3 1)
(1371 65 63 1 1)
(1372 67 64 2 1)
(1374 69 65 2 1)
(1376 70 66 2 1)
(1378 69 65 4 1)
(1382 67 64 2 1)
(1384 69 65 8 1)
(1392 65 63 3 1)
(1395 62 61 1 1)
(1396 64 62 2 1)
(1398 65 63 2 1)
(1400 62 61 2 1)
(1402 57 58 2 1)
(1404 58 59 4 1)
(1408 57 58 8 1)
(1468 64 62 4 1)
(1472 65 63 3 1)
(1475 67 64 1 1)
(1476 69 65 2 1)
(1478 69 65 4 1)
(1482 67 64 2 1)
(1484 64 62 2 1)
(1486 67 64 4 1)
(1490 65 63 2 1)
(1492 62 61 2 1)
(1494 65 63 4 1)
(1498 64 62 1 1)
(1499 62 61 1 1)
(1500 60 60 8 1)
(1508 60 60 6 1)
(1514 60 60 2 1)
(1516 60 60 2 1)
(1518 60 60 2 1)
(1520 62 61 4 1)
(1524 65 63 4 1)
(1528 65 63 4 1)
(1532 67 64 4 1)
(1536 69 65 4 1)
(1540 65 63 4 1)
(1546 69 65 2 1)
(1548 67 64 2 1)
(1550 65 63 2 1)
(1552 69 65 2 1)
(1554 70 66 2 1)
(1556 72 67 4 1)
(1562 65 63 2 1)
(1564 64 62 2 1)
(1566 62 61 2 1)
(1568 65 63 2 1)
(1570 67 64 2 1)
(1572 69 65 4 1)
(1578 62 61 2 1)
(1580 60 60 2 1)
(1582 58 59 2 1)
(1584 62 61 2 1)
(1586 64 62 2 1)
(1588 65 63 4 1)
(1594 64 62 4 1)
(1598 62 61 2 1)
(1600 60 60 2 1)
(1602 67 64 2 1)
(1604 67 64 3 1)
(1607 65 63 1 1)
(1608 64 62 2 1)
(1610 62 61 1 1)
(1611 60 60 1 1)
(1612 62 61 2 1)
(1614 62 61 2 1)
(1616 60 60 4 1)
(1640 72 67 6 1)
(1646 70 66 2 1)
(1648 69 65 2 1)
(1650 67 64 1 1)
(1651 65 63 1 1)
(1652 64 62 1 1)
(1653 62 61 1 1)
(1654 67 64 4 1)
(1658 65 63 4 1)
(1662 64 62 2 1)
(1664 65 63 4 1)
(1670 65 63 2 1)
(1672 67 64 4 1)
(1676 69 65 4 1)
(1680 70 66 4 1)
(1684 69 65 2 1)
(1686 65 63 4 1)
(1690 67 64 2 1)
(1692 69 65 2 1)
(1694 70 66 2 1)
(1696 72 67 6 1)
(1702 70 66 1 1)
(1703 69 65 1 1)
(1704 67 64 4 1)
(1710 67 64 3 1)
(1713 64 62 1 1)
(1714 67 64 2 1)
(1716 65 63 2 1)
(1718 64 62 2 1)
(1720 60 60 2 1)
(1722 62 61 2 1)
(1724 64 62 2 1)
(1726 60 60 3 1)
(1729 62 61 1 1)
(1730 64 62 1 1)
(1731 65 63 1 1)
(1732 67 64 2 1)
(1734 60 60 2 1)
(1736 62 61 3 1)
(1739 64 62 1 1)
(1740 65 63 3 1)
(1743 67 64 1 1)
(1744 69 65 1 1)
(1745 70 66 1 1)
(1746 72 67 3 1)
(1749 70 66 1 1)
(1750 69 65 4 1)
(1754 67 64 1 1)
(1755 65 63 1 1)
(1756 64 62 1 1)
(1757 65 63 1 1)
(1758 67 64 4 1)
(1762 65 63 4 1)
(1766 64 62 2 1)
(1768 65 63 16 1)
