(0 64 62 6 1)
(6 65 63 2 1)
(8 67 64 4 1)
(12 69 65 4 1)
(16 71 66 6 1)
(22 69 65 2 1)
(24 72 67 8 1)
(32 71 66 4 1)
(36 72 67 4 1)
(40 69 65 6 1)
(46 67 64 2 1)
(48 72 67 4 1)
(52 71 66 8 1)
(72 67 64 4 1)
(76 69 65 4 1)
(80 71 66 4 1)
(84 72 67 6 1)
(90 71 66 1 1)
(91 69 65 1 1)
(92 68 64 3 1)
(95 66 63 1 1)
(96 69 65 4 1)
(100 69 65 3 1)
(103 67 64 1 1)
(104 65 63 2 1)
(106 64 62 2 1)
(108 65 63 4 1)
(112 67 64 2 1)
(114 64 62 3 1)
(117 62 61 1 1)
(118 60 60 3 1)
(121 62 61 1 1)
(122 64 62 2 1)
(124 65 63 2 1)
(126 62 61 4 1)
(130 61 60 2 1)
(132 62 61 8 1)
(144 69 65 4 1)
(148 67 64 2 1)
(150 64 62 2 1)
(152 65 63 6 1)
(158 64 62 4 1)
(162 60 60 2 1)
(164 62 61 3 1)
(167 60 60 1 1)
(168 64 62 4 1)
(172 67 64 4 1)
(176 69 65 4 1)
(180 71 66 2 1)
(182 72 67 1 1)
(183 71 66 1 1)
(184 69 65 1 1)
(185 67 64 1 1)
(186 67 64 2 1)
(188 64 62 2 1)
(190 66 63 2 1)
(192 67 64 4 1)
(200 72 67 4 1)
(204 71 66 4 1)
(208 69 65 8 1)
(216 67 64 4 1)
(220 69 65 3 1)
(223 67 64 1 1)
(224 64 62 6 1)
(230 62 61 2 1)
(232 65 63 2 1)
(234 64 62 1 1)
(235 62 61 1 1)
(236 60 60 4 1)
(240 67 64 2 1)
(242 65 63 3 1)
(245 64 62 1 1)
(246 64 62 4 1)
(250 62 61 2 1)
(252 64 62 12 1)
