(0 67 64 8 1)
(8 67 64 6 1)
(14 65 63 1 1)
(15 64 62 1 1)
(16 62 61 4 1)
(20 67 64 8 1)
(28 66 63 4 1)
(32 67 64 4 1)
(36 67 64 4 1)
(40 67 64 4 1)
(44 69 65 4 1)
(48 70 66 2 1)
(50 69 65 1 1)
(51 67 64 1 1)
(52 65 63 4 1)
(56 67 64 4 1)
(60 65 63 8 1)
(68 67 64 2 1)
(70 65 63 2 1)
(72 64 62 4 1)
(76 62 61 8 1)
(84 65 63 2 1)
(86 67 64 2 1)
(88 69 65 4 1)
(92 70 66 6 1)
(98 69 65 2 1)
(100 67 64 8 1)
(108 66 63 4 1)
(112 67 64 8 1)
(124 67 64 4 1)
(128 70 66 8 1)
(136 69 65 4 1)
(140 69 65 4 1)
(144 67 64 4 1)
(148 67 64 4 1)
(152 69 65 6 1)
(158 67 64 1 1)
(159 65 63 1 1)
(160 64 62 8 1)
(168 62 61 2 1)
(170 65 63 4 1)
(174 64 62 1 1)
(175 62 61 1 1)
(176 60 60 4 1)
(180 62 61 4 1)
(184 64 62 8 1)
(192 60 60 4 1)
(196 65 63 4 1)
(200 64 62 2 1)
(202 62 61 2 1)
(204 62 61 8 1)
(212 61 60 4 1)
(216 62 61 8 1)
(228 65 63 2 1)
(230 67 64 2 1)
(232 69 65 6 1)
(238 67 64 1 1)
(239 65 63 1 1)
(240 64 62 4 1)
(244 62 61 8 1)
(252 67 64 8 1)
(260 66 63 4 1)
(264 67 64 6 1)
(270 65 63 1 1)
(271 64 62 1 1)
(272 62 61 4 1)
(276 60 60 8 1)
(284 65 63 4 1)
(288 64 62 4 1)
(292 62 61 8 1)
(300 60 60 4 1)
(304 62 61 6 1)
(310 60 60 1 1)
(311 58 59 1 1)
(312 57 58 8 1)
(320 55 57 8 1)
(332 55 57 4 1)
(336 58 59 2 1)
(338 60 60 2 1)
(340 62 61 4 1)
(344 60 60 4 1)
(348 65 63 4 1)
(352 64 62 2 1)
(354 62 61 2 1)
(356 62 61 8 1)
(364 61 60 4 1)
(368 62 61 8 1)
(380 62 61 4 1)
(384 65 63 2 1)
(386 67 64 2 1)
(388 69 65 8 1)
(396 72 67 2 1)
(398 69 65 2 1)
(400 70 66 6 1)
(406 69 65 1 1)
(407 67 64 1 1)
(408 65 63 4 1)
(412 67 64 4 1)
(416 69 65 4 1)
(420 65 63 4 1)
(424 70 66 2 1)
(426 69 65 2 1)
(428 67 64 4 1)
(432 65 63 8 1)
(440 70 66 4 1)
(444 69 65 4 1)
(448 70 66 4 1)
(452 72 67 2 1)
(454 70 66 2 1)
(456 69 65 2 1)
(458 67 64 2 1)
(460 67 64 8 1)
(468 66 63 4 1)
(472 67 64 16 1)
