(0 72 67 8 1)
(8 72 67 2 1)
(10 69 65 2 1)
(12 70 66 4 1)
(16 69 65 8 1)
(24 70 66 3 1)
(27 67 64 1 1)
(28 67 64 4 1)
(32 67 64 4 1)
(36 69 65 4 1)
(40 67 64 2 1)
(42 72 67 4 1)
(46 71 66 2 1)
(48 72 67 8 1)
(56 72 67 4 1)
(60 74 68 4 1)
(64 76 69 6 1)
(70 74 68 2 1)
(72 76 69 4 1)
(76 74 68 4 1)
(80 76 69 4 1)
(84 77 70 4 1)
(88 74 68 2 1)
(90 76 69 2 1)
(92 72 67 2 1)
(94 74 68 3 1)
(97 72 67 1 1)
(98 69 65 2 1)
(100 67 64 2 1)
(102 72 67 4 1)
(106 71 66 2 1)
(108 72 67 8 1)
(244 75 69 8 1)
(252 74 68 4 1)
(256 72 67 8 1)
(264 74 68 6 1)
(270 71 66 2 1)
(272 71 66 4 1)
(276 72 67 4 1)
(280 69 65 2 1)
(282 69 65 3 1)
(285 67 64 1 1)
(286 65 63 2 1)
(288 64 62 2 1)
(290 65 63 2 1)
(292 67 64 2 1)
(294 64 62 4 1)
(298 65 63 2 1)
(300 62 61 4 1)
(304 60 60 4 1)
(310 67 64 2 1)
(312 69 65 2 1)
(314 71 66 2 1)
(316 72 67 4 1)
(320 74 68 2 1)
(322 76 69 3 1)
(325 74 68 1 1)
(326 71 66 1 1)
(327 72 67 1 1)
(328 74 68 2 1)
(330 71 66 2 1)
(332 71 66 3 1)
(335 69 65 1 1)
(336 72 67 8 1)
(348 64 62 8 1)
(356 64 62 2 1)
(358 65 63 2 1)
(360 67 64 4 1)
(364 69 65 2 1)
(366 72 67 4 1)
(370 71 66 1 1)
(371 69 65 1 1)
(372 67 64 4 1)
(376 64 62 4 1)
(380 60 60 4 1)
(386 72 67 4 1)
(390 69 65 2 1)
(392 71 66 3 1)
(395 72 67 1 1)
(396 69 65 4 1)
(400 65 63 4 1)
(404 69 65 2 1)
(406 71 66 2 1)
(408 72 67 4 1)
(412 70 66 2 1)
(414 69 65 4 1)
(418 67 64 2 1)
(420 69 65 2 1)
(422 70 66 3 1)
(425 69 65 1 1)
(426 69 65 4 1)
(430 67 64 2 1)
(432 69 65 4 1)
(444 67 64 8 1)
(452 69 65 4 1)
(456 71 66 2 1)
(458 72 67 4 1)
(462 72 67 2 1)
(464 69 65 2 1)
(466 71 66 3 1)
(469 72 67 1 1)
(470 69 65 4 1)
(474 72 67 3 1)
(477 74 68 1 1)
(478 76 69 2 1)
(480 72 67 4 1)
(484 77 70 2 1)
(486 76 69 2 1)
(488 74 68 1 1)
(489 72 67 1 1)
(490 71 66 2 1)
(492 76 69 3 1)
(495 72 67 1 1)
(496 74 68 2 1)
(498 72 67 3 1)
(501 71 66 1 1)
(502 71 66 1 1)
(503 69 65 1 1)
(504 72 67 24 1)
(528 72 67 8 1)
(536 74 68 4 1)
(540 76 69 4 1)
(544 77 70 4 1)
(548 74 68 3 1)
(551 72 67 1 1)
(552 76 69 8 1)
(560 74 68 4 1)
(564 72 67 2 1)
(566 71 66 2 1)
(568 69 65 6 1)
(574 67 64 2 1)
(576 67 64 4 1)
(580 67 64 8 1)
(588 60 60 4 1)
(594 72 67 2 1)
(596 69 65 2 1)
(598 71 66 2 1)
(600 72 67 4 1)
(604 74 68 4 1)
(608 76 69 4 1)
(612 77 70 2 1)
(614 74 68 2 1)
(616 76 69 2 1)
(618 72 67 4 1)
(622 71 66 2 1)
(624 72 67 8 1)
(636 72 67 8 1)
(644 69 65 4 1)
(648 70 66 4 1)
(652 69 65 6 1)
(658 67 64 2 1)
(660 67 64 16 1)
(676 64 62 8 1)
(684 67 64 8 1)
(692 67 64 4 1)
(696 69 65 2 1)
(698 71 66 2 1)
(700 72 67 6 1)
(706 71 66 2 1)
(708 72 67 2 1)
(710 74 68 2 1)
(712 76 69 4 1)
(716 74 68 4 1)
(720 72 67 2 1)
(724 72 67 4 1)
(728 74 68 4 1)
(732 76 69 4 1)
(736 77 70 4 1)
(740 76 69 2 1)
(742 72 67 2 1)
(744 74 68 4 1)
(748 72 67 2 1)
(750 72 67 4 1)
(754 71 66 2 1)
(756 72 67 12 1)
(772 72 67 3 1)
(775 71 66 1 1)
(776 69 65 1 1)
(777 67 64 1 1)
(778 67 64 4 1)
(782 65 63 2 1)
(784 67 64 2 1)
(786 64 62 1 1)
(787 62 61 1 1)
(788 67 64 2 1)
(790 69 65 2 1)
(792 66 63 3 1)
(795 64 62 1 1)
(796 67 64 8 1)
(804 71 66 4 1)
(808 69 65 2 1)
(810 72 67 2 1)
(812 71 66 2 1)
(814 67 64 4 1)
(818 69 65 2 1)
(820 67 64 2 1)
(822 64 62 2 1)
(824 65 63 2 1)
(826 67 64 2 1)
(828 64 62 4 1)
(836 72 67 4 1)
(840 71 66 2 1)
(842 69 65 4 1)
(846 67 64 2 1)
(848 72 67 3 1)
(851 71 66 1 1)
(852 69 65 2 1)
(854 67 64 4 1)
(858 64 62 2 1)
(860 65 63 2 1)
(862 64 62 2 1)
(864 62 61 4 1)
(868 60 60 2 1)
(872 67 64 2 1)
(874 69 65 2 1)
(876 71 66 2 1)
(878 72 67 2 1)
(880 74 68 2 1)
(882 76 69 2 1)
(884 77 70 2 1)
(886 76 69 1 1)
(887 72 67 1 1)
(888 74 68 4 1)
(892 76 69 2 1)
(894 72 67 4 1)
(898 71 66 2 1)
(900 72 67 12 1)
(912 60 60 12 1)
(924 62 61 4 1)
(928 64 62 8 1)
(936 65 63 8 1)
(944 67 64 12 1)
(956 72 67 8 1)
(964 71 66 4 1)
(968 69 65 8 1)
(976 67 64 8 1)
(988 71 66 4 1)
(992 72 67 4 1)
(996 69 65 6 1)
(1002 67 64 2 1)
(1004 67 64 8 1)
(1012 72 67 4 1)
(1016 71 66 4 1)
(1020 74 68 4 1)
(1024 76 69 4 1)
(1028 72 67 6 1)
(1034 71 66 4 1)
(1038 69 65 2 1)
(1040 72 67 8 1)
(1056 75 69 8 1)
(1064 74 68 8 1)
(1072 72 67 8 1)
(1080 71 66 8 1)
(1088 72 67 8 1)
(1096 74 68 8 1)
(1104 67 64 8 1)
(1112 66 63 8 1)
(1120 70 66 8 1)
(1128 69 65 8 1)
(1136 67 64 4 1)
(1140 67 64 8 1)
(1148 66 63 4 1)
(1152 67 64 8 1)
(1160 70 66 8 1)
(1168 69 65 4 1)
(1172 67 64 8 1)
(1180 65 63 4 1)
(1184 63 62 8 1)
(1192 62 61 16 1)
(1208 63 62 12 1)
(1220 60 60 4 1)
(1224 60 60 8 1)
(1236 72 67 6 1)
(1242 71 66 2 1)
(1244 69 65 4 1)
(1248 67 64 8 1)
(1256 65 63 8 1)
(1264 67 64 4 1)
(1268 64 62 8 1)
(1276 67 64 4 1)
(1280 65 63 8 1)
(1288 67 64 8 1)
(1288 64 62 8 1)
(1320 64 62 6 1)
(1326 65 63 2 1)
(1328 67 64 4 1)
(1332 72 67 8 1)
(1340 71 66 4 1)
(1344 72 67 8 1)
(1352 71 66 16 1)
(1368 69 65 8 1)
(1376 67 64 8 1)
(1384 65 63 4 1)
(1388 69 65 6 1)
(1394 71 66 2 1)
(1396 72 67 4 1)
(1400 71 66 2 1)
(1402 69 65 3 1)
(1405 67 64 1 1)
(1406 65 63 2 1)
(1408 64 62 8 1)
(1416 60 60 8 1)
(1424 62 61 8 1)
(1432 64 62 12 1)
(1444 65 63 6 1)
(1450 64 62 2 1)
(1452 64 62 4 1)
(1456 62 61 6 1)
(1462 60 60 2 1)
(1464 64 62 8 1)
(1476 69 65 4 1)
(1480 67 64 4 1)
(1484 72 67 4 1)
(1488 71 66 4 1)
(1492 69 65 6 1)
(1498 67 64 2 1)
(1500 67 64 4 1)
(1504 65 63 6 1)
(1510 64 62 1 1)
(1511 62 61 1 1)
(1512 60 60 4 1)
(1520 64 62 4 1)
(1524 62 61 4 1)
(1528 64 62 4 1)
(1532 65 63 4 1)
(1536 64 62 4 1)
(1540 62 61 6 1)
(1546 60 60 2 1)
(1548 60 60 8 1)
(1556 59 59 4 1)
(1560 60 60 8 1)
(1572 72 67 6 1)
(1578 71 66 2 1)
(1580 72 67 4 1)
(1584 74 68 4 1)
(1588 76 69 6 1)
(1594 72 67 2 1)
(1596 72 67 4 1)
(1604 74 68 4 1)
(1608 72 67 4 1)
(1612 69 65 2 1)
(1614 71 66 4 1)
(1618 72 67 2 1)
(1620 69 65 4 1)
(1624 67 64 4 1)
(1628 72 67 4 1)
(1636 74 68 4 1)
(1640 76 69 4 1)
(1644 77 70 4 1)
(1648 76 69 4 1)
(1652 74 68 6 1)
(1658 72 67 2 1)
(1660 72 67 8 1)
(1668 71 66 4 1)
(1672 72 67 8 1)
(1688 72 67 12 1)
(1700 72 67 4 1)
(1704 71 66 8 1)
(1712 71 66 8 1)
(1720 69 65 4 1)
(1724 69 65 4 1)
(1728 74 68 6 1)
(1734 72 67 2 1)
(1736 69 65 12 1)
(1748 69 65 4 1)
(1752 67 64 8 1)
(1760 65 63 8 1)
(1768 64 62 4 1)
(1772 65 63 4 1)
(1776 67 64 2 1)
(1778 65 63 2 1)
(1780 62 61 4 1)
(1788 69 65 4 1)
(1792 67 64 6666667/5000000 1)
(8966667/5000 65 63 26666667/10000000 1)
(1796 64 62 6666667/5000000 1)
(8986667/5000 62 61 26666667/10000000 1)
(1800 60 60 8 1)
(1808 72 67 6 1)
(1814 71 66 2 1)
(1816 72 67 4 1)
(1820 74 68 6 1)
(1826 76 69 4 1)
(1830 72 67 2 1)
(1832 74 68 2 1)
(1834 71 66 4 1)
(1838 69 65 2 1)
(1840 72 67 6 1)
(1846 71 66 2 1)
(1848 69 65 2 1)
(1850 67 64 2 1)
(1852 69 65 4 1)
(1856 71 66 3 1)
(1859 67 64 1 1)
(1860 67 64 6 1)
(1866 66 63 4 1)
(1870 64 62 2 1)
(1872 67 64 8 1)
(1884 74 68 6 1)
(1890 71 66 2 1)
(1892 72 67 4 1)
(1896 74 68 2 1)
(1898 71 66 2 1)
(1900 67 64 2 1)
(1902 69 65 2 1)
(1904 71 66 2 1)
(1906 67 64 3 1)
(1909 65 63 1 1)
(1910 64 62 2 1)
(1912 62 61 2 1)
(1916 67 64 2 1)
(1918 64 62 2 1)
(1920 65 63 2 1)
(1922 67 64 2 1)
(1924 69 65 2 1)
(1926 65 63 2 1)
(1928 67 64 4 1)
(1932 72 67 2 1)
(1934 69 65 2 1)
(1936 71 66 4 1)
(1940 72 67 2 1)
(1942 74 68 4 1)
(1946 76 69 4 1)
(1950 72 67 4 1)
(1954 74 68 4 1)
(1958 71 66 4 1)
(1962 67 64 4 1)
(1966 64 62 4 1)
(1970 65 63 2 1)
(1972 62 61 2 1)
(1976 67 64 2 1)
(1978 69 65 2 1)
(1980 71 66 2 1)
(1982 67 64 4 1)
(1986 69 65 4 1)
(1990 71 66 2 1)
(1992 72 67 4 1)
(1996 74 68 4 1)
(2000 76 69 2 1)
(2002 77 70 4 1)
(2006 74 68 2 1)
(2008 76 69 4 1)
(2012 72 67 2 1)
(2014 74 68 2 1)
(2016 76 69 2 1)
(2018 72 67 4 1)
(2022 74 68 2 1)
(2024 71 66 2 1)
(2026 72 67 2 1)
(2028 74 68 2 1)
(2030 76 69 2 1)
(2032 77 70 2 1)
(2034 74 68 2 1)
(2036 76 69 2 1)
(2038 74 68 3 1)
(2041 72 67 1 1)
(2042 72 67 4 1)
(2046 71 66 2 1)
(2048 72 67 8 1)
(2064 67 64 8 1)
(2072 69 65 4 1)
(2076 71 66 8 1)
(2084 72 67 4 1)
(2088 74 68 4 1)
(2092 76 69 6 1)
(2098 72 67 2 1)
(2100 72 67 8 1)
(2108 71 66 4 1)
(2112 72 67 12 1)
(2184 72 67 16 1)
(2200 71 66 8 1)
(2208 69 65 8 1)
(2216 67 64 8 1)
(2228 69 65 4 1)
(2232 67 64 4 1)
(2236 72 67 6 1)
(2242 71 66 4 1)
(2246 69 65 2 1)
(2248 72 67 8 1)
(2260 72 67 4 1)
(2264 74 68 4 1)
(2268 76 69 8 1)
(2276 72 67 4 1)
(2280 74 68 4 1)
(2284 72 67 4 1)
(2288 69 65 4 1)
(2292 71 66 8 1)
(2300 72 67 4 1)
(2304 74 68 8 1)
(2312 67 64 4 1)
(2316 69 65 4 1)
(2320 71 66 4 1)
(2324 67 64 8 1)
(2332 66 63 4 1)
(2336 67 64 8 1)
(2348 72 67 4 1)
(2352 71 66 2 1)
(2354 67 64 2 1)
(2356 69 65 4 1)
(2360 67 64 8 1)
(2368 72 67 6 1)
(2374 71 66 2 1)
(2376 72 67 2 1)
(2378 74 68 2 1)
(2380 76 69 2 1)
(2382 74 68 1 1)
(2383 76 69 1 1)
(2384 77 70 6 1)
(2390 76 69 2 1)
(2392 74 68 2 1)
(2394 72 67 2 1)
(2396 72 67 6 1)
(2402 71 66 4 1)
(2406 69 65 2 1)
(2408 72 67 24 1)
