(0 52 55 1 1)
(0 71 66 1 1)
(1 76 69 1/2 1)
(3/2 79 71 1/2 1)
(2 79 71 1/2 1)
(2 57 58 1 1)
(5/2 78 70 1/2 1)
(3 55 57 1 1)
(3 76 69 1/8 1)
(13/4 71 66 1/4 1)
(7/2 76 69 1/4 1)
(15/4 79 71 1/4 1)
(4 57 58 1 1)
(4 79 71 1/2 1)
(9/2 78 70 1/2 1)
(5 55 57 1 1)
(5 76 69 1/8 1)
(21/4 64 62 1/4 1)
(11/2 67 64 1/4 1)
(23/4 71 66 1/4 1)
(6 51 54 1/4 1)
(6 72 67 1/4 1)
(13/2 52 55 1/4 1)
(13/2 71 66 1/4 1)
(15/2 71 66 1/4 1)
(31/4 67 64 1/4 1)
(8 45 51 1 1)
(8 67 64 1/4 1)
(33/4 66 63 1/4 1)
(17/2 66 63 1 1)
(9 47 52 1 1)
(19/2 75 68 1 1)
(10 48 53 1 1)
(21/2 76 69 1 1)
(11 57 58 1 1)
(23/2 72 67 1 1)
(12 59 59 1 1)
(25/2 71 66 1 1)
(13 47 52 1 1)
(27/2 69 65 1/2 1)
(14 67 64 1/4 1)
(14 52 55 1 1)
(57/4 66 63 1/4 1)
(29/2 64 62 1/2 1)
(15 54 56 1 1)
(16 74 68 1/4 1)
(16 55 57 1 1)
(65/4 79 71 1/4 1)
(33/2 79 71 1/8 1)
(67/4 79 71 1/8 1)
(17 79 71 3/4 1)
(71/4 78 70 1/8 1)
(143/8 79 71 1/8 1)
(18 50 54 1 1)
(18 74 68 1/4 1)
(73/4 81 72 1/4 1)
(37/2 81 72 1/8 1)
(75/4 81 72 1/8 1)
(19 81 72 3/4 1)
(79/4 79 71 1/8 1)
(159/8 81 72 1/8 1)
(20 83 73 3/4 1)
(20 55 57 1/2 1)
(41/2 52 55 1/2 1)
(83/4 81 72 1/8 1)
(167/8 83 73 1/8 1)
(21 84 74 1/4 1)
(21 48 53 1/2 1)
(85/4 76 69 1/4 1)
(43/2 49 53 1/2 1)
(43/2 81 72 1/4 1)
(87/4 79 71 1/4 1)
(22 79 71 1 1)
(22 50 54 1/2 1)
(45/2 50 54 1/2 1)
(23 38 47 1/2 1)
(23 78 70 1/2 1)
(24 55 57 1 1)
(25 50 54 1 1)
(101/4 74 68 29166667/500000000 1)
(6327083/250000 73 67 29166667/500000000 1)
(203/8 74 68 29166667/500000000 1)
(6358333/250000 76 69 29166667/500000000 1)
(51/2 74 68 1/4 1)
(103/4 62 61 1/4 1)
(26 54 56 1 1)
(27 55 57 1 1)
(109/4 74 68 29166667/500000000 1)
(6827083/250000 73 67 29166667/500000000 1)
(219/8 74 68 29166667/500000000 1)
(6858333/250000 76 69 29166667/500000000 1)
(55/2 74 68 1/4 1)
(111/4 62 61 1/4 1)
(28 71 66 3/4 1)
(28 55 57 3/4 1)
(115/4 57 58 1/4 1)
(115/4 72 67 1/4 1)
(29 71 66 1/4 1)
(29 55 57 1/4 1)
(117/4 69 65 1/2 1)
(117/4 54 56 1/2 1)
(119/4 71 66 1/4 1)
(119/4 55 57 1/4 1)
(30 72 67 3/4 1)
(30 57 58 3/4 1)
(123/4 59 59 1/4 1)
(123/4 74 68 1/4 1)
(31 57 58 1/4 1)
(31 72 67 1/4 1)
(125/4 71 66 1/2 1)
(125/4 55 57 1/2 1)
(127/4 57 58 1/4 1)
(127/4 72 67 1/4 1)
(32 74 68 1/2 1)
(32 59 59 1/2 1)
(65/2 79 71 1 1)
(65/2 55 57 1/2 1)
(33 43 50 1/2 1)
(67/2 74 68 1/2 1)
(67/2 55 57 1/2 1)
(34 57 58 1/2 1)
(34 74 68 3/4 1)
(69/2 57 58 1/2 1)
(139/4 73 67 1/4 1)
(35 57 58 1/2 1)
(35 73 67 1 1)
(71/2 57 58 1/2 1)
(36 72 67 1/2 1)
(36 50 54 1/2 1)
(73/2 50 54 1/2 1)
(73/2 81 72 1 1)
(37 50 54 1/2 1)
(75/2 50 54 1/2 1)
(75/2 72 67 1/2 1)
(38 72 67 3/4 1)
(38 43 50 1/2 1)
(77/2 43 50 1/2 1)
(155/4 71 66 1/4 1)
(39 43 50 1/2 1)
(39 71 66 1 1)
(79/2 43 50 1/2 1)
(40 75 68 1/4 1)
(161/4 76 69 1/4 1)
(81/2 48 53 1/2 1)
(81/2 78 70 1/4 1)
(163/4 79 71 1/4 1)
(41 48 53 1/2 1)
(41 79 71 1 1)
(83/2 48 53 1/2 1)
(42 68 64 1/4 1)
(169/4 69 65 1/4 1)
(85/2 71 66 1/4 1)
(85/2 50 54 1/2 1)
(171/4 72 67 1/4 1)
(43 50 54 1/2 1)
(43 72 67 1 1)
(87/2 50 54 1/2 1)
(44 73 67 1/2 1)
(89/2 55 57 1/2 1)
(89/2 74 68 1 1)
(45 55 57 1/2 1)
(91/2 76 69 16666667/100000000 1)
(91/2 48 53 1/2 1)
(11416667/250000 72 67 16666667/100000000 1)
(11458333/250000 69 65 16666667/100000000 1)
(46 50 54 1 1)
(46 74 68 1/4 1)
(185/4 71 66 1/4 1)
(93/2 67 64 1 1)
(47 38 47 1 1)
(95/2 69 65 1/2 1)
(48 67 64 1/2 1)
(48 43 50 1 1)
(97/2 79 71 1/4 1)
(195/4 78 70 1/8 1)
(391/8 76 69 1/8 1)
(49 74 68 3/2 1)
(99/2 50 54 1/2 1)
(50 55 57 1 1)
(101/2 79 71 1/4 1)
(203/4 78 70 1/8 1)
(407/8 76 69 1/8 1)
(51 74 68 3/2 1)
(103/2 50 54 1/2 1)
(52 43 50 1 1)
(105/2 62 61 1/4 1)
(211/4 64 62 1/4 1)
(53 43 50 1 1)
(53 62 61 1/2 1)
(107/2 60 60 1/2 1)
(54 43 50 3/2 1)
(54 60 60 1 1)
(55 59 59 1/2 1)
(56 65 63 2 1)
(113/2 56 57 1/2 1)
(57 56 57 1/2 1)
(115/2 56 57 1/2 1)
(58 57 58 1 1)
(58 64 62 1 1)
(119/2 76 69 1/4 1)
(239/4 72 67 1/4 1)
(60 71 66 1/2 1)
(121/2 77 70 1/2 1)
(61 76 69 1/2 1)
(123/2 68 64 1/2 1)
(62 69 65 1/2 1)
(125/2 57 58 1/2 1)
(63 56 57 1/2 1)
(127/2 59 59 1/2 1)
(64 67 64 2 1)
(64 58 59 1/2 1)
(129/2 58 59 1/2 1)
(65 58 59 1/2 1)
(131/2 58 59 1/2 1)
(66 59 59 1 1)
(66 66 63 1 1)
(135/2 78 70 1/4 1)
(271/4 74 68 1/4 1)
(68 73 67 1/4 1)
(137/2 79 71 1/2 1)
(69 78 70 1/2 1)
(139/2 70 66 1/2 1)
(70 71 66 1/2 1)
(141/2 55 57 1/2 1)
(71 54 56 1/2 1)
(143/2 52 55 1/2 1)
(72 51 54 1/2 1)
(145/2 51 54 1/2 1)
(73 83 73 9/4 1)
(73 51 54 1/2 1)
(147/2 51 54 1/2 1)
(74 52 55 1/2 1)
(149/2 52 55 1/2 1)
(75 52 55 1/2 1)
(301/4 81 72 1/4 1)
(151/2 81 72 1/4 1)
(151/2 52 55 1/2 1)
(303/4 80 71 1/4 1)
(76 54 56 1/2 1)
(76 81 72 13/4 1)
(153/2 54 56 1/2 1)
(77 54 56 1/2 1)
(155/2 52 55 1/2 1)
(78 51 54 1/2 1)
(157/2 51 54 1/2 1)
(79 51 54 1/2 1)
(317/4 79 71 1/4 1)
(159/2 79 71 1/4 1)
(159/2 51 54 1/2 1)
(319/4 78 70 1/4 1)
(80 52 55 1/2 1)
(80 79 71 1 1)
(323/4 59 59 1/4 1)
(81 79 71 1/4 1)
(81 59 59 1/4 1)
(325/4 78 70 1/4 1)
(325/4 57 58 1/4 1)
(163/2 78 70 1/4 1)
(163/2 57 58 1/4 1)
(327/4 76 69 1/4 1)
(327/4 55 57 1/4 1)
(82 55 57 1/4 1)
(82 76 69 1/4 1)
(329/4 57 58 1/4 1)
(329/4 75 68 1/4 1)
(165/2 75 68 1/8 1)
(165/2 57 58 1/8 1)
(331/4 59 59 1/8 1)
(331/4 76 69 1/8 1)
(83 60 60 1/8 1)
(83 78 70 1/8 1)
(333/4 59 59 1/8 1)
(333/4 79 71 1/8 1)
(167/2 81 72 1/8 1)
(167/2 57 58 1/8 1)
(335/4 55 57 1/8 1)
(335/4 83 73 1/8 1)
(84 84 74 1/4 1)
(84 54 56 1 1)
(169/2 72 67 1/2 1)
(85 71 66 1/2 1)
(171/2 69 65 1/2 1)
(86 67 64 1/2 1)
(173/2 64 62 9166667/50000000 1)
(173/2 52 55 9166667/50000000 1)
(695/8 51 54 29166667/500000000 1)
(695/8 63 61 29166667/500000000 1)
(87 64 62 1/4 1)
(87 52 55 1/4 1)
(175/2 46 52 1/4 1)
(175/2 58 59 1/4 1)
(88 59 59 1/2 1)
(88 47 52 1 1)
(355/4 59 59 1/2 1)
(357/4 60 60 1/2 1)
(359/4 63 61 1/2 1)
(361/4 64 62 1/2 1)
(363/4 66 63 1/2 1)
(365/4 67 64 1/2 1)
(367/4 69 65 1/4 1)
(92 71 66 1 1)
(92 52 55 1 1)
(93 76 69 1/2 1)
(187/2 79 71 1/2 1)
(94 57 58 1 1)
(94 79 71 1/2 1)
(189/2 78 70 1/2 1)
(95 76 69 1/8 1)
(95 55 57 1 1)
(381/4 71 66 1/4 1)
(191/2 76 69 1/4 1)
(383/4 79 71 1/4 1)
(96 79 71 1/2 1)
(96 57 58 1 1)
(193/2 78 70 1/2 1)
(97 55 57 1 1)
(97 76 69 1/8 1)
(389/4 64 62 1/4 1)
(195/2 67 64 1/4 1)
(391/4 71 66 1/4 1)
(98 72 67 1/4 1)
(98 51 54 1/4 1)
(197/2 52 55 1/4 1)
(197/2 71 66 1/4 1)
(199/2 77 70 1/2 1)
(100 69 65 3/2 1)
(100 50 54 1 1)
(101 52 55 1 1)
(203/2 68 64 1/2 1)
(102 69 65 1/2 1)
(102 45 51 1 1)
(205/2 71 66 1/2 1)
(103 72 67 1/2 1)
(207/2 63 61 1/4 1)
(207/2 59 59 1/2 1)
(104 64 62 1/2 1)
(104 60 60 1 1)
(209/2 66 63 1/2 1)
(105 67 64 1/2 1)
(211/2 58 59 1/2 1)
(211/2 52 55 1/2 1)
(106 59 59 3/4 1)
(106 51 54 1/2 1)
(213/2 51 54 1/2 1)
(427/4 69 65 1/4 1)
(107 69 65 1/4 1)
(107 47 52 1/2 1)
(429/4 67 64 1/4 1)
(215/2 67 64 1/4 1)
(215/2 47 52 1/2 1)
(431/4 66 63 1/4 1)
(108 59 59 3/4 1)
(108 52 55 1/2 1)
(217/2 52 55 1/2 1)
(435/4 67 64 1/4 1)
(109 52 55 1/2 1)
(109 67 64 1/4 1)
(437/4 66 63 1/4 1)
(219/2 52 55 1/2 1)
(219/2 66 63 1/4 1)
(439/4 64 62 1/4 1)
(110 72 67 1/4 1)
(110 57 58 1/2 1)
(441/4 84 74 1/4 1)
(221/2 48 53 1/2 1)
(221/2 84 74 1/8 1)
(443/4 84 74 1/8 1)
(111 84 74 3/4 1)
(111 50 54 1/2 1)
(223/2 50 54 1/2 1)
(447/4 83 73 1/8 1)
(895/8 84 74 1/8 1)
(112 55 57 1/2 1)
(112 71 66 1/4 1)
(449/4 83 73 1/4 1)
(225/2 83 73 1/8 1)
(225/2 47 52 1/2 1)
(451/4 83 73 1/8 1)
(113 48 53 1/2 1)
(113 83 73 3/4 1)
(227/2 48 53 1/2 1)
(455/4 81 72 1/8 1)
(911/8 83 73 1/8 1)
(114 54 56 1/2 1)
(114 69 65 1/4 1)
(457/4 81 72 1/4 1)
(229/2 81 72 1/8 1)
(229/2 45 51 1/2 1)
(459/4 81 72 1/8 1)
(115 47 52 1/2 1)
(115 81 72 3/4 1)
(231/2 47 52 1/2 1)
(463/4 79 71 1/8 1)
(927/8 81 72 1/8 1)
(116 52 55 1 1)
(116 79 71 1/2 1)
(117 59 59 1 1)
(469/4 71 66 29166667/500000000 1)
(58654167/500000 69 65 29166667/500000000 1)
(939/8 71 66 29166667/500000000 1)
(58716667/500000 72 67 29166667/500000000 1)
(235/2 71 66 1/4 1)
(471/4 59 59 1/4 1)
(118 51 54 1 1)
(119 52 55 1 1)
(477/4 71 66 29166667/500000000 1)
(59654167/500000 69 65 29166667/500000000 1)
(955/8 71 66 29166667/500000000 1)
(59716667/500000 72 67 29166667/500000000 1)
(239/2 71 66 1/4 1)
(479/4 59 59 1/4 1)
(120 79 71 3/4 1)
(120 52 55 3/4 1)
(483/4 81 72 1/4 1)
(483/4 54 56 1/4 1)
(121 52 55 1/4 1)
(121 79 71 1/4 1)
(485/4 51 54 1/2 1)
(485/4 78 70 1/2 1)
(487/4 52 55 1/4 1)
(487/4 79 71 1/4 1)
(122 81 72 3/4 1)
(122 54 56 3/4 1)
(491/4 83 73 1/4 1)
(491/4 55 57 1/4 1)
(123 81 72 1/4 1)
(123 54 56 1/4 1)
(493/4 79 71 1/2 1)
(493/4 52 55 1/2 1)
(495/4 81 72 1/4 1)
(495/4 54 56 1/4 1)
(124 83 73 1/2 1)
(124 55 57 1/2 1)
(249/2 76 69 1 1)
(249/2 55 57 1/2 1)
(125 55 57 1/2 1)
(251/2 55 57 1/2 1)
(251/2 83 73 1/2 1)
(126 54 56 1/2 1)
(126 83 73 3/4 1)
(253/2 54 56 1/2 1)
(507/4 82 73 1/4 1)
(127 82 73 1 1)
(127 54 56 1/2 1)
(255/2 54 56 1/2 1)
(128 81 72 1/2 1)
(128 47 52 1/2 1)
(257/2 59 59 1 1)
(257/2 47 52 1/2 1)
(129 47 52 1/2 1)
(259/2 47 52 1/2 1)
(259/2 81 72 1/2 1)
(130 81 72 3/4 1)
(130 48 53 1/2 1)
(261/2 48 53 1/2 1)
(523/4 79 71 1/4 1)
(131 79 71 1 1)
(131 43 50 1/2 1)
(263/2 43 50 1/2 1)
(132 45 51 1 1)
(132 76 69 1/4 1)
(529/4 77 70 1/4 1)
(265/2 79 71 1/4 1)
(531/4 77 70 1/4 1)
(133 77 70 1 1)
(134 45 51 1 1)
(134 76 69 1/4 1)
(537/4 75 68 1/4 1)
(269/2 84 74 1/4 1)
(539/4 75 68 1/4 1)
(135 75 68 1 1)
(136 46 52 1/2 1)
(136 76 69 1/4 1)
(545/4 75 68 1/4 1)
(273/2 46 52 1/2 1)
(273/2 76 69 1/4 1)
(547/4 78 70 1/4 1)
(137 46 52 1/2 1)
(137 79 71 1 1)
(275/2 46 52 1/2 1)
(138 47 52 1/2 1)
(138 76 69 1/2 1)
(277/2 67 64 1 1)
(277/2 47 52 1/2 1)
(139 47 52 1/2 1)
(279/2 69 65 1/4 1)
(279/2 47 52 1/2 1)
(559/4 66 63 1/4 1)
(140 52 55 1 1)
(140 64 62 1/2 1)
(281/2 76 69 1/4 1)
(563/4 75 68 1/8 1)
(1127/8 76 69 1/8 1)
(141 71 66 3/2 1)
(283/2 59 59 1/2 1)
(142 52 55 1 1)
(285/2 76 69 1/4 1)
(571/4 75 68 1/8 1)
(1143/8 76 69 1/8 1)
(143 71 66 3/2 1)
(287/2 47 52 1/2 1)
(144 52 55 1 1)
(289/2 67 64 1/4 1)
(579/4 69 65 1/4 1)
(145 40 48 1 1)
(145 67 64 1/4 1)
(291/2 66 63 1/4 1)
(146 66 63 1 1)
(146 40 48 3/2 1)
(147 64 62 1/2 1)
