(2 77 70 1/2 1)
(5/2 81 72 1/2 1)
(3 84 74 1 1)
(4 84 74 1 1)
(5 84 74 1 1)
(6 84 74 3 1)
(9 84 74 3 1)
(12 86 75 1/2 1)
(25/2 84 74 1/2 1)
(13 86 75 1/2 1)
(27/2 84 74 1/2 1)
(14 86 75 1/2 1)
(29/2 84 74 1/2 1)
(15 86 75 1/2 1)
(31/2 84 74 1/2 1)
(16 82 73 1/2 1)
(33/2 81 72 1/2 1)
(17 79 71 2 1)
(19 79 71 1 1)
(20 79 71 1 1)
(21 79 71 1/2 1)
(43/2 81 72 1/2 1)
(22 77 70 1 1)
(23 74 68 1/2 1)
(47/2 77 70 1/2 1)
(24 38 47 1/2 1)
(24 81 72 1 1)
(49/2 41 49 1/2 1)
(25 81 72 1 1)
(25 38 47 1/2 1)
(51/2 41 49 1/2 1)
(26 38 47 1/2 1)
(26 81 72 1 1)
(53/2 41 49 1/2 1)
(27 81 72 3 1)
(27 40 48 1/2 1)
(55/2 49 53 1/2 1)
(28 40 48 1/2 1)
(57/2 49 53 1/2 1)
(29 40 48 1/2 1)
(59/2 49 53 1/2 1)
(30 41 49 1/2 1)
(30 82 73 1/2 1)
(61/2 50 54 1/2 1)
(61/2 81 72 1/2 1)
(31 41 49 1/2 1)
(31 82 73 1/2 1)
(63/2 50 54 1/2 1)
(63/2 81 72 1/2 1)
(32 41 49 1/2 1)
(32 82 73 1/2 1)
(65/2 50 54 1/2 1)
(65/2 81 72 1/2 1)
(33 38 47 1/2 1)
(33 80 72 1/2 1)
(67/2 47 52 1/2 1)
(67/2 79 71 1/2 1)
(34 80 72 1/2 1)
(34 38 47 1/2 1)
(69/2 79 71 1/2 1)
(69/2 47 52 1/2 1)
(35 38 47 1/2 1)
(35 80 72 1/2 1)
(71/2 47 52 1/2 1)
(71/2 79 71 1/2 1)
(36 81 72 1/2 1)
(36 40 48 1/2 1)
(73/2 79 71 1/2 1)
(73/2 48 53 1/2 1)
(37 40 48 1/2 1)
(37 81 72 1/2 1)
(75/2 48 53 1/2 1)
(75/2 79 71 1/2 1)
(38 45 51 1/2 1)
(38 77 70 1/2 1)
(77/2 76 69 1/2 1)
(77/2 48 53 1/2 1)
(39 41 49 1 1)
(39 76 69 1/2 1)
(79/2 74 68 1/2 1)
(40 74 68 1/2 1)
(81/2 72 67 1/2 1)
(41 43 50 1 1)
(41 74 68 1/2 1)
(83/2 76 69 1/2 1)
(42 72 67 1 1)
(42 36 46 1 1)
(43 48 53 1 1)
(48 84 74 1/2 1)
(97/2 72 67 1/2 1)
(49 36 46 1 1)
(49 84 74 1/2 1)
(99/2 72 67 1/2 1)
(50 84 74 1/2 1)
(50 48 53 1 1)
(101/2 72 67 1/2 1)
(51 84 74 1/2 1)
(103/2 73 67 1/2 1)
(52 36 46 1 1)
(52 84 74 1/2 1)
(105/2 73 67 1/2 1)
(53 84 74 1/2 1)
(53 48 53 1 1)
(107/2 73 67 1/2 1)
(54 84 74 1/2 1)
(109/2 74 68 1/2 1)
(55 84 74 1/2 1)
(55 36 46 1 1)
(111/2 74 68 1/2 1)
(56 48 53 1 1)
(56 84 74 1/2 1)
(113/2 74 68 1/2 1)
(57 48 53 16 1)
(57 84 74 1/2 1)
(115/2 75 69 1/2 1)
(58 84 74 1/2 1)
(117/2 76 69 1/2 1)
(59 84 74 1/2 1)
(119/2 77 70 1/2 1)
(60 84 74 1/2 1)
(121/2 78 70 1/2 1)
(61 84 74 1/2 1)
(123/2 79 71 1/2 1)
(62 84 74 1/2 1)
(125/2 80 72 1/2 1)
(63 84 74 1/2 1)
(127/2 81 72 1/2 1)
(64 84 74 1/2 1)
(129/2 82 73 1/2 1)
(65 84 74 1/2 1)
(131/2 83 73 1/2 1)
(66 84 74 1/2 1)
(133/2 82 73 1/2 1)
(67 84 74 1/2 1)
(135/2 81 72 1/2 1)
(68 84 74 1/2 1)
(137/2 80 72 1/2 1)
(69 84 74 1/2 1)
(139/2 79 71 1/2 1)
(70 84 74 1/2 1)
(141/2 78 70 1/2 1)
(71 84 74 1/2 1)
(143/2 77 70 1/2 1)
(72 84 74 1/2 1)
(145/2 76 69 1/2 1)
(73 84 74 1/2 1)
(73 36 46 2 1)
(147/2 75 69 1/2 1)
(74 84 74 1/2 1)
(149/2 75 69 1/2 1)
(75 48 53 1 1)
(75 84 74 1/2 1)
(151/2 74 68 1/2 1)
(76 84 74 1/2 1)
(76 36 46 2 1)
(153/2 73 67 1/2 1)
(77 84 74 1/2 1)
(155/2 73 67 1/2 1)
(78 48 53 1 1)
(78 72 67 1/2 1)
(157/2 76 69 1/2 1)
(79 79 71 1/2 1)
(159/2 84 74 1/2 1)
(80 43 50 1 1)
(80 74 68 1/2 1)
(161/2 83 73 1/2 1)
(81 72 67 1/2 1)
(81 48 53 1 1)
(163/2 76 69 1/2 1)
(82 79 71 1/2 1)
(165/2 84 74 1/2 1)
(83 43 50 1 1)
(83 74 68 1/2 1)
(167/2 83 73 1/2 1)
(84 84 74 1 1)
(84 48 53 1/2 1)
(169/2 47 52 1/2 1)
(85 48 53 1/2 1)
(171/2 46 52 1/2 1)
(86 45 51 1/2 1)
(173/2 48 53 1/2 1)
(87 53 56 1 1)
(88 41 49 1 1)
(89 41 49 1 1)
(90 41 49 3 1)
(91 81 72 3/4 1)
(367/4 84 74 1/4 1)
(92 87 76 1 1)
(93 41 49 3 1)
(94 74 68 3/4 1)
(379/4 82 73 1/4 1)
(95 86 75 1 1)
(96 43 50 1/2 1)
(193/2 41 49 1/2 1)
(97 79 71 3/4 1)
(97 43 50 1/2 1)
(195/2 41 49 1/2 1)
(391/4 82 73 1/4 1)
(98 43 50 1/2 1)
(98 85 74 1 1)
(197/2 41 49 1/2 1)
(99 43 50 1/2 1)
(199/2 41 49 1/2 1)
(100 43 50 1/2 1)
(100 72 67 3/4 1)
(201/2 41 49 1/2 1)
(403/4 81 72 1/4 1)
(101 84 74 1 1)
(101 43 50 1/2 1)
(203/2 41 49 1/2 1)
(102 43 50 1/2 1)
(205/2 41 49 1/2 1)
(103 43 50 1/2 1)
(103 72 67 3/4 1)
(207/2 41 49 1/2 1)
(415/4 77 70 1/4 1)
(104 43 50 1/2 1)
(104 84 74 1 1)
(209/2 41 49 1/2 1)
(105 43 50 1/2 1)
(211/2 41 49 1/2 1)
(106 71 66 3/4 1)
(106 43 50 1/2 1)
(213/2 41 49 1/2 1)
(427/4 80 72 1/4 1)
(107 43 50 1/2 1)
(107 83 73 1 1)
(215/2 41 49 1/2 1)
(108 84 74 1 1)
(108 40 48 1/2 1)
(217/2 43 50 1/2 1)
(109 82 73 1 1)
(109 36 46 1/2 1)
(219/2 40 48 1/2 1)
(110 41 49 1/2 1)
(110 81 72 1 1)
(221/2 45 51 1/2 1)
(111 46 52 1/2 1)
(111 79 71 1 1)
(223/2 43 50 1/2 1)
(112 48 53 1/2 1)
(112 77 70 1 1)
(225/2 46 52 1/2 1)
(113 76 69 1 1)
(113 48 53 1/2 1)
(227/2 36 46 1/2 1)
(114 77 70 1/2 1)
(114 41 49 1 1)
(229/2 81 72 1/2 1)
(115 82 73 1/2 1)
(231/2 84 74 1/2 1)
(116 86 75 1/2 1)
(233/2 88 76 1/2 1)
(117 89 77 1 1)
(118 62 61 1 1)
(118 89 77 1 1)
(119 62 61 1 1)
(119 89 77 1 1)
(120 91 78 3 1)
(121 58 59 1 1)
(122 58 59 1 1)
(123 84 74 5/2 1)
(124 60 60 1 1)
(125 60 60 1 1)
(251/2 86 75 1/4 1)
(503/4 88 76 1/4 1)
(126 53 56 1 1)
(126 89 77 1 1)
(130 84 74 1/2 1)
(131 84 74 1/2 1)
(132 84 74 1/2 1)
(133 84 74 1/2 1)
(134 84 74 1/2 1)
(135 48 53 2 1)
(135 84 74 1 1)
(136 76 69 1 1)
(137 53 56 1 1)
(137 77 70 1 1)
(138 48 53 1/2 1)
(138 79 71 1/2 1)
(139 41 49 1/2 1)
(139 81 72 1/2 1)
(140 83 73 1/2 1)
(140 43 50 1/2 1)
(141 84 74 1 1)
(141 36 46 1/2 1)
(142 48 53 1/2 1)
(145 84 74 1/2 1)
(146 84 74 1/2 1)
(147 84 74 1/2 1)
(148 84 74 1/2 1)
(149 84 74 1/2 1)
(150 48 53 2 1)
(150 84 74 1 1)
(151 88 76 1 1)
(152 89 77 1 1)
(152 50 54 1 1)
(153 86 75 1/2 1)
(153 46 52 1 1)
(154 82 73 1/2 1)
(155 79 71 1/2 1)
(155 48 53 1 1)
(156 77 70 1 1)
(156 41 49 1/2 1)
(157 53 56 1/2 1)
(158 41 49 1 1)
(158 82 73 1 1)
(159 81 72 2 1)
(159 41 49 9 1)
(161 82 73 1 1)
(162 81 72 1/2 1)
(325/2 79 71 1/2 1)
(163 81 72 1/2 1)
(327/2 77 70 1/2 1)
(164 86 75 1/2 1)
(329/2 82 73 1/2 1)
(165 81 72 2 1)
(167 82 73 1 1)
(168 81 72 1/2 1)
(337/2 79 71 1/2 1)
(169 81 72 1/2 1)
(169 53 56 1 1)
(339/2 77 70 1/2 1)
(170 46 52 1 1)
(170 86 75 1/2 1)
(341/2 82 73 1/2 1)
(171 78 70 1/2 1)
(343/2 76 69 1/2 1)
(172 50 54 1 1)
(172 78 70 1/2 1)
(345/2 74 68 1/2 1)
(173 43 50 1 1)
(173 82 73 1/2 1)
(347/2 79 71 1/2 1)
(174 76 69 1/2 1)
(349/2 74 68 1/2 1)
(175 48 53 1 1)
(175 76 69 1/2 1)
(351/2 72 67 1/2 1)
(176 81 72 1/2 1)
(176 41 49 1 1)
(353/2 77 70 1/2 1)
(177 46 52 1 1)
(177 79 71 1/2 1)
(178 82 73 1/2 1)
(179 47 52 1 1)
(179 86 75 1/2 1)
(180 48 53 2 1)
(180 77 70 1 1)
(181 76 69 1 1)
(184 84 74 1/2 1)
(185 84 74 1/2 1)
(186 84 74 1/2 1)
(187 84 74 1/2 1)
(188 84 74 1/2 1)
(189 48 53 2 1)
(189 84 74 1 1)
(190 76 69 1 1)
(191 53 56 1 1)
(191 77 70 1 1)
(192 79 71 1/2 1)
(192 60 60 1/2 1)
(193 53 56 1/2 1)
(193 81 72 1/2 1)
(194 83 73 1/2 1)
(194 55 57 1/2 1)
(195 48 53 1 1)
(195 84 74 1 1)
(197 65 63 1 1)
(197 81 72 1 1)
(198 67 64 1/2 1)
(198 82 73 1/2 1)
(397/2 84 74 1/2 1)
(397/2 69 65 1/2 1)
(199 86 75 1/2 1)
(199 70 66 1/2 1)
(399/2 69 65 1/2 1)
(399/2 84 74 1/2 1)
(200 82 73 1/2 1)
(200 67 64 1/2 1)
(401/2 81 72 1/2 1)
(401/2 65 63 1/2 1)
(201 64 62 1/2 1)
(201 79 71 1/2 1)
(403/2 81 72 1/2 1)
(403/2 65 63 1/2 1)
(202 67 64 1/2 1)
(202 82 73 1/2 1)
(405/2 65 63 1/2 1)
(405/2 81 72 1/2 1)
(203 64 62 1/2 1)
(203 79 71 1/2 1)
(407/2 62 61 1/2 1)
(407/2 77 70 1/2 1)
(204 76 69 1/2 1)
(204 60 60 1/2 1)
(409/2 58 59 1/2 1)
(409/2 74 68 1/2 1)
(205 57 58 1/2 1)
(205 72 67 1/2 1)
(411/2 70 66 1/2 1)
(411/2 55 57 1/2 1)
(206 53 56 1 1)
(206 69 65 1 1)
(207 46 52 1 1)
(210 48 53 1 1)
(212 65 63 1/2 1)
(213 62 61 1/2 1)
(214 58 59 1/2 1)
(215 55 57 1/2 1)
(216 52 55 1/2 1)
(217 48 53 1/2 1)
(218 41 49 1 1)
(218 89 77 1/2 1)
(219 46 52 1 1)
(219 86 75 1/2 1)
(220 82 73 1/2 1)
(221 79 71 1/2 1)
(222 76 69 1/2 1)
(222 48 53 1 1)
(223 84 74 1/2 1)
(224 76 69 1/2 1)
(224 36 46 1/2 1)
(225 41 49 1/2 1)
(225 77 70 1 1)
(226 53 56 1/2 1)
