(0 52 55 2 1)
(0 68 64 2 1)
(2 57 58 1/2 1)
(2 66 63 1/2 1)
(3 64 62 1/2 1)
(3 56 57 1/2 1)
(4 51 54 3 1)
(4 69 65 3 1)
(8 68 64 2 1)
(8 52 55 2 1)
(10 66 63 1/2 1)
(10 57 58 1/2 1)
(11 56 57 1/2 1)
(11 64 62 1/2 1)
(12 73 67 3 1)
(12 51 54 3 1)
(16 71 66 2 1)
(16 52 55 3 1)
(18 70 65 1 1)
(19 51 54 1 1)
(19 71 66 1 1)
(20 76 69 3 1)
(20 49 53 3 1)
(23 47 52 1 1)
(23 75 68 1 1)
(24 52 55 2 1)
(24 80 71 2 1)
(26 51 54 1 1)
(26 79 71 1 1)
(27 80 71 1 1)
(27 52 55 1 1)
(28 71 66 3 1)
(28 83 73 3 1)
(28 43 50 2 1)
(28 50 54 2 1)
(30 59 59 2 1)
(30 55 57 2 1)
(31 77 69 1 1)
(32 78 70 9/4 1)
(32 54 56 4 1)
(137/4 76 69 1/4 1)
(69/2 80 71 1/4 1)
(139/4 75 68 1/4 1)
(35 78 70 1/4 1)
(141/4 73 67 1/4 1)
(71/2 76 69 1/4 1)
(143/4 70 65 1/4 1)
(36 73 67 2 1)
(36 47 52 1 1)
(37 54 56 1 1)
(38 71 66 1 1)
(38 59 59 1 1)
(39 69 65 1 1)
(40 68 64 2 1)
(40 48 52 2 1)
(42 66 63 1 1)
(42 49 53 2 1)
(43 64 62 1 1)
(44 47 52 2 1)
(44 67 64 2 1)
(46 66 63 1 1)
(46 46 51 2 1)
(47 64 62 1 1)
(48 63 61 1 1)
(48 45 51 1 1)
(49 44 50 1 1)
(49 64 62 1 1)
(50 69 65 1 1)
(50 42 49 1 1)
(51 68 64 1 1)
(51 40 48 1 1)
(52 66 63 1 1)
(52 47 52 1 1)
(213/4 59 59 1/4 1)
(107/2 58 58 1/4 1)
(215/4 59 59 1/4 1)
(54 61 60 1/4 1)
(217/4 63 61 1/4 1)
(109/2 64 62 1/4 1)
(219/4 66 63 1/4 1)
(55 68 64 1/4 1)
(221/4 69 65 1/8 1)
(443/8 71 66 1/8 1)
(111/2 73 67 1/8 1)
(445/8 75 68 1/8 1)
(223/4 76 69 1/8 1)
(447/8 78 70 1/8 1)
(56 80 71 2 1)
(56 64 62 2 1)
(58 69 65 1/2 1)
(58 78 70 1/2 1)
(59 68 64 1/2 1)
(59 76 69 1/2 1)
(60 81 72 3 1)
(60 66 63 3 1)
(64 64 62 2 1)
(64 80 71 2 1)
(66 69 65 1/2 1)
(66 78 70 1/2 1)
(67 68 64 1/2 1)
(67 76 69 1/2 1)
(68 67 64 3 1)
(68 85 74 3 1)
(72 78 70 2 1)
(72 63 61 4 1)
(74 80 71 1 1)
(75 81 72 1 1)
(76 64 62 2 1)
(76 80 71 2 1)
(78 57 58 2 1)
(78 78 70 1 1)
(79 85 74 1 1)
(80 76 69 9/4 1)
(80 59 59 4 1)
(329/4 75 68 1/4 1)
(165/2 78 70 1/4 1)
(331/4 76 69 1/4 1)
(83 80 71 1/4 1)
(333/4 78 70 1/4 1)
(167/2 81 72 1/4 1)
(335/4 75 68 1/4 1)
(84 78 70 2 1)
(84 52 55 1 1)
(85 47 52 1 1)
(86 76 69 1 1)
(86 40 48 1 1)
(88 64 62 2 1)
(88 40 48 1/2 1)
(177/2 52 55 1/2 1)
(89 52 55 1/2 1)
(179/2 52 55 1/2 1)
(90 52 55 1/2 1)
(90 66 63 1 1)
(181/2 52 55 1/2 1)
(91 52 55 1/2 1)
(91 67 64 1 1)
(183/2 52 55 1/2 1)
(92 40 48 1/2 1)
(92 69 65 5/2 1)
(185/2 52 55 1/2 1)
(93 52 55 1/2 1)
(187/2 52 55 1/2 1)
(94 52 55 1/2 1)
(189/2 52 55 1/2 1)
(189/2 67 64 1/2 1)
(95 66 63 1/2 1)
(95 52 55 1/2 1)
(191/2 52 55 1/2 1)
(191/2 64 62 1/2 1)
(96 63 61 2 1)
(96 40 48 1/2 1)
(193/2 52 55 1/2 1)
(97 52 55 1/2 1)
(195/2 52 55 1/2 1)
(98 64 62 1 1)
(98 52 55 1/2 1)
(197/2 52 55 1/2 1)
(99 66 63 1 1)
(99 52 55 1/2 1)
(199/2 52 55 1/2 1)
(100 40 48 1/2 1)
(100 67 64 2 1)
(201/2 52 55 1/2 1)
(101 52 55 1/2 1)
(203/2 52 55 1/2 1)
(102 67 64 2 1)
(102 55 57 2 1)
(102 38 47 1/2 1)
(205/2 50 54 1/2 1)
(103 50 54 1/2 1)
(207/2 50 54 1/2 1)
(104 36 45 1/2 1)
(104 67 64 2 1)
(209/2 48 52 1/2 1)
(105 48 52 1/2 1)
(211/2 48 52 1/2 1)
(106 66 63 1 1)
(106 48 52 1/2 1)
(213/2 48 52 1/2 1)
(107 48 52 1/2 1)
(107 67 64 1 1)
(215/2 48 52 1/2 1)
(108 41 48 1/2 1)
(108 69 65 2 1)
(217/2 53 55 1/2 1)
(109 53 55 1/2 1)
(219/2 53 55 1/2 1)
(110 63 61 2 1)
(110 72 66 2 1)
(110 44 50 1/2 1)
(221/2 44 50 1/2 1)
(111 44 50 1/2 1)
(223/2 44 50 1/2 1)
(112 43 50 1/2 1)
(112 67 64 9/4 1)
(225/2 43 50 1/2 1)
(113 43 50 1/2 1)
(227/2 43 50 1/2 1)
(114 43 50 2 1)
(457/4 66 63 1/4 1)
(229/2 65 62 1/4 1)
(459/4 64 62 1/4 1)
(115 65 62 1/4 1)
(461/4 62 61 1/4 1)
(231/2 60 59 1/4 1)
(463/4 59 59 1/4 1)
(116 36 45 1 1)
(116 60 59 1 1)
(120 45 51 2 1)
(122 47 52 1 1)
(123 49 53 1 1)
(124 50 54 2 1)
(124 69 65 2 1)
(126 71 66 1 1)
(127 72 66 1 1)
(128 43 50 2 1)
(128 74 68 2 1)
(130 45 51 1 1)
(131 47 52 1 1)
(132 48 52 2 1)
(132 67 64 2 1)
(134 69 65 1 1)
(134 60 59 1/2 1)
(269/2 60 59 1/2 1)
(135 59 59 1/2 1)
(135 71 66 1 1)
(271/2 59 59 1/2 1)
(136 72 66 2 1)
(136 57 58 1/2 1)
(273/2 45 51 1/2 1)
(137 45 51 1/2 1)
(275/2 45 51 1/2 1)
(138 71 66 2 1)
(138 47 52 1/2 1)
(277/2 47 52 1/2 1)
(139 47 52 1/2 1)
(279/2 47 52 1/2 1)
(140 70 65 4 1)
(140 48 52 1/2 1)
(281/2 48 52 1/2 1)
(141 48 52 1/2 1)
(283/2 48 52 1/2 1)
(142 48 52 1/2 1)
(285/2 48 52 1/2 1)
(143 48 52 1/2 1)
(287/2 48 52 1/2 1)
(144 71 66 3 1)
(144 47 52 2 1)
(147 69 65 1 1)
(148 68 64 2 1)
(148 52 55 2 1)
(150 66 63 1/2 1)
(150 57 58 1/2 1)
(151 56 57 1/2 1)
(151 64 62 1/2 1)
(152 69 65 1 1)
(152 51 54 2 1)
(307/2 59 59 1/2 1)
(154 58 58 1/4 1)
(617/4 59 59 1/4 1)
(309/2 61 60 1/4 1)
(619/4 63 61 1/4 1)
(155 64 62 1/4 1)
(621/4 65 62 1/4 1)
(311/2 66 63 1/4 1)
(623/4 67 64 1/4 1)
(156 68 64 7/4 1)
(156 52 55 2 1)
(631/4 71 66 10416667/125000000 1)
(15783333/100000 69 65 10416667/125000000 1)
(15791667/100000 68 64 10416667/125000000 1)
(158 66 63 3/4 1)
(158 57 58 1/2 1)
(635/4 69 65 10416667/125000000 1)
(15883333/100000 68 64 10416667/125000000 1)
(15891667/100000 66 63 10416667/125000000 1)
(159 56 57 1/2 1)
(159 64 62 3/4 1)
(639/4 68 64 10416667/125000000 1)
(15983333/100000 66 63 10416667/125000000 1)
(15991667/100000 64 62 10416667/125000000 1)
(160 73 67 1 1)
(160 51 54 4 1)
(161 71 66 1/8 1)
(1289/8 69 65 1/8 1)
(645/4 68 64 1/8 1)
(1291/8 66 63 1/8 1)
(323/2 64 62 1/8 1)
(1293/8 63 61 1/8 1)
(647/4 61 60 1/8 1)
(1295/8 59 59 1/8 1)
(162 57 58 1/2 1)
(164 52 55 3 1)
(164 71 66 2 1)
(166 70 65 1 1)
(167 51 54 1 1)
(167 71 66 1 1)
(168 76 69 1 1)
(168 49 53 3 1)
(169 58 58 16666667/100000000 1)
(16916667/100000 61 60 16666667/100000000 1)
(16933333/100000 64 62 16666667/100000000 1)
(339/2 66 63 16666667/100000000 1)
(16966667/100000 70 65 16666667/100000000 1)
(16983333/100000 73 67 16666667/100000000 1)
(170 76 69 1 1)
(171 47 52 1 1)
(171 75 68 1 1)
(172 52 55 2 1)
(172 80 71 2 1)
(174 79 71 1 1)
(174 51 54 1 1)
(175 52 55 1 1)
(175 80 71 1 1)
(176 43 50 2 1)
(176 50 54 2 1)
(176 62 61 1 1)
(176 55 57 1 1)
(176 71 66 1 1)
(176 83 73 1 1)
(177 55 57 1/8 1)
(1417/8 59 59 1/8 1)
(709/4 62 61 1/8 1)
(1419/8 66 63 1/8 1)
(355/2 67 64 1/8 1)
(1421/8 71 66 1/8 1)
(711/4 74 68 1/8 1)
(1423/8 79 71 1/8 1)
(178 83 73 1 1)
(178 55 57 2 1)
(178 59 59 2 1)
(179 77 69 1 1)
(180 78 70 9/4 1)
(180 54 56 4 1)
(729/4 76 69 1/4 1)
(365/2 80 71 1/4 1)
(731/4 75 68 1/4 1)
(183 78 70 1/4 1)
(733/4 73 67 1/4 1)
(367/2 76 69 1/4 1)
(735/4 70 65 1/4 1)
(184 73 67 2 1)
(184 47 52 1 1)
(185 54 56 1 1)
(186 59 59 1 1)
(186 71 66 1 1)
(187 69 65 1 1)
(188 36 45 1/4 1)
(188 68 64 2 1)
(753/4 39 47 1/4 1)
(377/2 44 50 1/4 1)
(755/4 48 52 1/4 1)
(189 51 54 1/4 1)
(757/4 56 57 1/4 1)
(379/2 60 59 1/4 1)
(759/4 56 57 1/4 1)
(190 61 60 1 1)
(190 66 63 1 1)
(191 64 62 1 1)
(191 49 53 1 1)
(192 67 64 1/8 1)
(192 47 52 1/8 1)
(1537/8 47 52 1/8 1)
(1537/8 67 64 1/8 1)
(769/4 47 52 1/8 1)
(769/4 67 64 1/8 1)
(1539/8 67 64 1/8 1)
(1539/8 47 52 1/8 1)
(385/2 47 52 1/8 1)
(385/2 67 64 1/8 1)
(1541/8 67 64 1/8 1)
(1541/8 47 52 1/8 1)
(771/4 47 52 1/8 1)
(771/4 67 64 1/8 1)
(1543/8 47 52 1/8 1)
(1543/8 67 64 1/8 1)
(193 67 64 1/8 1)
(193 47 52 1/8 1)
(1545/8 47 52 1/8 1)
(1545/8 67 64 1/8 1)
(773/4 67 64 1/8 1)
(773/4 47 52 1/8 1)
(1547/8 67 64 1/8 1)
(1547/8 47 52 1/8 1)
(387/2 47 52 1/8 1)
(387/2 67 64 1/8 1)
(1549/8 47 52 1/8 1)
(1549/8 67 64 1/8 1)
(775/4 47 52 1/8 1)
(775/4 67 64 1/8 1)
(1551/8 47 52 1/8 1)
(1551/8 67 64 1/8 1)
(194 46 51 1/8 1)
(194 66 63 1/8 1)
(1553/8 66 63 1/8 1)
(1553/8 46 51 1/8 1)
(777/4 46 51 1/8 1)
(777/4 66 63 1/8 1)
(1555/8 46 51 1/8 1)
(1555/8 66 63 1/8 1)
(389/2 46 51 1/8 1)
(389/2 66 63 1/8 1)
(1557/8 46 51 1/8 1)
(1557/8 66 63 1/8 1)
(779/4 46 51 1/8 1)
(779/4 66 63 1/8 1)
(1559/8 66 63 1/8 1)
(1559/8 46 51 1/8 1)
(195 64 62 1/8 1)
(195 46 51 1/8 1)
(1561/8 64 62 1/8 1)
(1561/8 46 51 1/8 1)
(781/4 46 51 1/8 1)
(781/4 64 62 1/8 1)
(1563/8 46 51 1/8 1)
(1563/8 64 62 1/8 1)
(391/2 46 51 1/8 1)
(391/2 64 62 1/8 1)
(1565/8 46 51 1/8 1)
(1565/8 64 62 1/8 1)
(783/4 46 51 1/8 1)
(783/4 64 62 1/8 1)
(1567/8 46 51 1/8 1)
(1567/8 64 62 1/8 1)
(196 63 61 1/8 1)
(196 45 51 1/8 1)
(1569/8 45 51 1/8 1)
(1569/8 63 61 1/8 1)
(785/4 45 51 1/8 1)
(785/4 63 61 1/8 1)
(1571/8 45 51 1/8 1)
(1571/8 63 61 1/8 1)
(393/2 63 61 1/8 1)
(393/2 45 51 1/8 1)
(1573/8 45 51 1/8 1)
(1573/8 63 61 1/8 1)
(787/4 63 61 1/8 1)
(787/4 45 51 1/8 1)
(1575/8 45 51 1/8 1)
(1575/8 63 61 1/8 1)
(197 64 62 1/8 1)
(197 44 50 1/8 1)
(1577/8 64 62 1/8 1)
(1577/8 44 50 1/8 1)
(789/4 44 50 1/8 1)
(789/4 64 62 1/8 1)
(1579/8 44 50 1/8 1)
(1579/8 64 62 1/8 1)
(395/2 64 62 1/8 1)
(395/2 44 50 1/8 1)
(1581/8 44 50 1/8 1)
(1581/8 64 62 1/8 1)
(791/4 44 50 1/8 1)
(791/4 64 62 1/8 1)
(1583/8 44 50 1/8 1)
(1583/8 64 62 1/8 1)
(198 42 49 1/8 1)
(198 69 65 1/8 1)
(1585/8 42 49 1/8 1)
(1585/8 69 65 1/8 1)
(793/4 69 65 1/8 1)
(793/4 42 49 1/8 1)
(1587/8 69 65 1/8 1)
(1587/8 42 49 1/8 1)
(397/2 69 65 1/8 1)
(397/2 42 49 1/8 1)
(1589/8 69 65 1/8 1)
(1589/8 42 49 1/8 1)
(795/4 42 49 1/8 1)
(795/4 69 65 1/8 1)
(1591/8 42 49 1/8 1)
(1591/8 69 65 1/8 1)
(199 40 48 1/8 1)
(199 68 64 1/8 1)
(1593/8 40 48 1/8 1)
(1593/8 68 64 1/8 1)
(797/4 68 64 1/8 1)
(797/4 40 48 1/8 1)
(1595/8 40 48 1/8 1)
(1595/8 68 64 1/8 1)
(399/2 40 48 1/8 1)
(399/2 68 64 1/8 1)
(1597/8 68 64 1/8 1)
(1597/8 40 48 1/8 1)
(799/4 40 48 1/8 1)
(799/4 68 64 1/8 1)
(1599/8 68 64 1/8 1)
(1599/8 40 48 1/8 1)
(200 66 63 1/4 1)
(200 47 52 1 1)
(801/4 59 59 1/4 1)
(401/2 58 58 1/4 1)
(803/4 59 59 1/4 1)
(201 61 60 1/4 1)
(805/4 63 61 1/4 1)
(403/2 64 62 1/4 1)
(807/4 66 63 1/4 1)
(202 68 64 1/4 1)
(809/4 69 65 1/4 1)
(405/2 71 66 1/4 1)
(811/4 73 67 1/4 1)
(203 75 68 1/4 1)
(813/4 76 69 1/4 1)
(407/2 78 70 1/4 1)
(815/4 79 71 1/4 1)
(204 64 62 2 1)
(204 80 71 7/4 1)
(823/4 81 72 1/8 1)
(1647/8 80 71 1/8 1)
(206 78 70 1 1)
(206 69 65 1 1)
(207 76 69 1 1)
(207 68 64 1 1)
(208 70 65 1/8 1)
(208 66 63 2 1)
(1665/8 71 66 1/8 1)
(833/4 75 68 1/8 1)
(1667/8 78 70 1/8 1)
(417/2 81 72 10416667/125000000 1)
(20858333/100000 80 71 10416667/125000000 1)
(20866667/100000 83 73 10416667/125000000 1)
(835/4 81 72 10416667/125000000 1)
(20883333/100000 85 74 10416667/125000000 1)
(20891667/100000 83 73 10416667/125000000 1)
(209 81 72 1/2 1)
(421/2 75 68 1/2 1)
(211 76 69 1/2 1)
(423/2 78 70 1/2 1)
(212 80 71 7/4 1)
(212 64 62 2 1)
(855/4 83 73 10416667/125000000 1)
(21383333/100000 81 72 10416667/125000000 1)
(21391667/100000 80 71 10416667/125000000 1)
(214 78 70 3/4 1)
(214 69 65 1 1)
(859/4 81 72 10416667/125000000 1)
(21483333/100000 80 71 10416667/125000000 1)
(21491667/100000 78 70 10416667/125000000 1)
(215 76 69 3/4 1)
(215 68 64 1 1)
(863/4 76 69 1/4 1)
(216 67 64 2 1)
(216 76 69 1/4 1)
(865/4 88 76 1/4 1)
(433/2 85 74 1/4 1)
(867/4 82 72 1/4 1)
(217 79 71 1/4 1)
(869/4 76 69 1/4 1)
(435/2 73 67 1/4 1)
(871/4 70 65 1/4 1)
(218 67 64 1/4 1)
(873/4 64 62 1/4 1)
(437/2 61 60 1/4 1)
(875/4 58 58 1/4 1)
(219 55 57 1/2 1)
(220 63 61 3/2 1)
(220 78 70 3/2 1)
(443/2 63 61 1/2 1)
(443/2 78 70 1/2 1)
(222 80 71 1/2 1)
(222 63 61 1/2 1)
(445/2 63 61 1/2 1)
(445/2 80 71 1/2 1)
(223 63 61 1/2 1)
(223 81 72 1/2 1)
(447/2 63 61 1/2 1)
(447/2 81 72 1/2 1)
(224 64 62 1/2 1)
(224 80 71 7/4 1)
(449/2 64 62 1/2 1)
(225 64 62 1/2 1)
(451/2 64 62 1/2 1)
(903/4 83 73 10416667/125000000 1)
(22583333/100000 81 72 10416667/125000000 1)
(22591667/100000 80 71 10416667/125000000 1)
(226 85 74 3/2 1)
(226 57 58 1/2 1)
(453/2 57 58 1/2 1)
(227 57 58 1/2 1)
(455/2 57 58 1/2 1)
(455/2 83 73 1/8 1)
(1821/8 81 72 1/8 1)
(911/4 80 71 1/8 1)
(1823/8 78 70 1/8 1)
(228 59 59 3 1)
(228 76 69 1/4 1)
(913/4 88 76 1/4 1)
(457/2 87 75 1/4 1)
(915/4 85 74 1/4 1)
(229 83 73 1/4 1)
(917/4 81 72 1/4 1)
(459/2 80 71 1/4 1)
(919/4 78 70 1/4 1)
(230 76 69 1/4 1)
(921/4 75 68 1/4 1)
(461/2 73 67 1/4 1)
(923/4 71 66 1/4 1)
(231 47 52 1 1)
(231 69 65 1/4 1)
(925/4 68 64 1/4 1)
(463/2 69 65 1/4 1)
(927/4 63 61 1/4 1)
(232 66 63 2 1)
(232 52 55 1 1)
(233 47 52 1 1)
(234 40 48 1 1)
(234 64 62 1/2 1)
(236 59 59 2 1)
(238 57 58 1 1)
(239 56 57 1 1)
(240 45 51 2 1)
(240 61 60 2 1)
(242 44 50 1 1)
(243 42 49 1 1)
(244 69 65 2 1)
(244 47 52 4 1)
(246 68 64 1 1)
(247 66 63 1 1)
(248 64 62 1 1)
(248 52 55 1 1)
(250 59 59 1 1)
(250 40 48 1 1)
(1007/4 40 48 1/4 1)
(1007/4 59 59 1/4 1)
(252 40 48 4 1)
(252 59 59 4 1)
