(7/2 58 59 1/4 1)
(15/4 63 62 1/4 1)
(4 51 55 1 1)
(4 63 62 2 1)
(6 46 52 1 1)
(6 70 66 3/2 1)
(15/2 68 65 1/4 1)
(31/4 65 63 1/4 1)
(8 39 48 1 1)
(8 63 62 1/2 1)
(17/2 67 64 1/2 1)
(9 70 66 1/2 1)
(19/2 75 69 1/4 1)
(39/4 70 66 1/4 1)
(10 51 55 1 1)
(10 70 66 3/2 1)
(23/2 71 66 1/2 1)
(12 72 67 2 1)
(12 44 51 1 1)
(14 68 65 3/2 1)
(14 46 52 1 1)
(31/2 65 63 1/4 1)
(63/4 62 61 1/4 1)
(16 63 62 1/2 1)
(16 55 57 1/2 1)
(33/2 67 64 1/2 1)
(17 70 66 1/2 1)
(17 46 52 1/2 1)
(35/2 68 65 1/4 1)
(71/4 65 63 1/4 1)
(18 63 62 1 1)
(18 39 48 1 1)
(39/2 58 59 1/4 1)
(79/4 63 62 1/4 1)
(20 63 62 1/2 1)
(20 51 55 1/2 1)
(41/2 58 59 1/4 1)
(83/4 65 63 1/4 1)
(21 50 54 1/2 1)
(21 65 63 1/2 1)
(43/2 58 59 1/4 1)
(87/4 67 64 1/4 1)
(22 51 55 1 1)
(22 67 64 1/2 1)
(47/2 58 59 1/4 1)
(95/4 67 64 1/4 1)
(24 67 64 1/2 1)
(24 51 55 1/2 1)
(49/2 58 59 1/4 1)
(99/4 68 65 1/4 1)
(25 53 56 1/2 1)
(25 68 65 1/2 1)
(51/2 58 59 1/4 1)
(103/4 70 66 1/4 1)
(26 55 57 1/2 1)
(26 70 66 1/2 1)
(55/2 70 66 1/4 1)
(111/4 82 73 1/4 1)
(28 82 73 1/4 1)
(28 50 54 1/2 1)
(113/4 80 72 1/4 1)
(57/2 70 66 1/4 1)
(115/4 80 72 1/4 1)
(29 51 55 1/2 1)
(29 80 72 1/4 1)
(117/4 79 71 1/4 1)
(59/2 70 66 1/4 1)
(119/4 82 73 1/4 1)
(30 82 73 1/4 1)
(30 50 54 1/2 1)
(121/4 80 72 1/4 1)
(61/2 70 66 1/4 1)
(123/4 80 72 1/4 1)
(31 80 72 1/4 1)
(31 51 55 1/2 1)
(125/4 79 71 1/4 1)
(63/2 72 67 1/4 1)
(127/4 84 74 1/4 1)
(32 44 51 2 1)
(32 84 74 3/4 1)
(131/4 79 71 1/4 1)
(33 80 72 1/2 1)
(67/2 79 71 1/4 1)
(135/4 77 70 1/4 1)
(34 75 69 1 1)
(34 46 52 1 1)
(35 74 68 1/2 1)
(71/2 58 59 1/4 1)
(143/4 63 62 1/4 1)
(36 51 55 1 1)
(36 63 62 2 1)
(38 70 66 3/2 1)
(38 46 52 1 1)
(79/2 68 65 1/4 1)
(159/4 65 63 1/4 1)
(40 39 48 1 1)
(40 63 62 1/2 1)
(81/2 67 64 1/2 1)
(41 70 66 1/2 1)
(83/2 75 69 1/4 1)
(167/4 70 66 1/4 1)
(42 70 66 3/2 1)
(42 51 55 1 1)
(87/2 71 66 1/2 1)
(44 44 51 1 1)
(44 72 67 2 1)
(46 46 52 1 1)
(46 68 65 3/2 1)
(95/2 65 63 1/4 1)
(191/4 62 61 1/4 1)
(48 51 55 1/2 1)
(48 63 62 1/2 1)
(97/2 67 64 1/2 1)
(49 46 52 1/2 1)
(49 70 66 1/2 1)
(99/2 68 65 1/4 1)
(199/4 65 63 1/4 1)
(50 39 48 1/2 1)
(50 63 62 1 1)
(101/2 43 50 1/2 1)
(51 46 52 1/2 1)
(103/2 44 51 1/4 1)
(103/2 70 66 1/4 1)
(207/4 79 71 1/4 1)
(207/4 41 49 1/4 1)
(52 79 71 2 1)
(52 39 48 1 1)
(54 80 72 3/2 1)
(54 50 54 1/2 1)
(109/2 53 56 1/2 1)
(55 56 58 1/2 1)
(111/2 71 66 1/2 1)
(111/2 53 56 1/4 1)
(223/4 50 54 1/4 1)
(56 72 67 1/2 1)
(56 51 55 2 1)
(113/2 75 69 1/2 1)
(57 79 71 1/2 1)
(115/2 75 69 1/4 1)
(231/4 72 67 1/4 1)
(58 53 56 2 1)
(58 70 66 1 1)
(59 69 65 1 1)
(60 70 66 1/2 1)
(60 53 56 16 1)
(121/2 74 68 1/2 1)
(61 77 70 1/2 1)
(123/2 74 68 1/4 1)
(247/4 71 66 1/4 1)
(62 72 67 1/2 1)
(125/2 75 69 1/2 1)
(63 79 71 1/2 1)
(127/2 75 69 1/4 1)
(255/4 72 67 1/4 1)
(64 74 68 1/2 1)
(129/2 77 70 1/2 1)
(65 82 73 1/2 1)
(131/2 77 70 1/4 1)
(263/4 74 68 1/4 1)
(66 76 69 1/2 1)
(133/2 79 71 1/2 1)
(67 82 73 1/2 1)
(135/2 79 71 1/4 1)
(271/4 76 69 1/4 1)
(68 77 70 1/2 1)
(137/2 72 67 1/4 1)
(275/4 69 65 1/4 1)
(69 77 70 1/2 1)
(139/2 76 69 1/4 1)
(279/4 72 67 1/4 1)
(70 77 70 1/2 1)
(141/2 72 67 1/4 1)
(283/4 69 65 1/4 1)
(71 77 70 1/2 1)
(143/2 76 69 1/4 1)
(287/4 72 67 1/4 1)
(72 77 70 1/2 1)
(145/2 72 67 1/4 1)
(291/4 69 65 1/4 1)
(73 77 70 1/2 1)
(147/2 74 68 1/4 1)
(295/4 70 66 1/4 1)
(74 77 70 1/2 1)
(149/2 75 69 1/4 1)
(299/4 72 67 1/4 1)
(75 77 70 1/2 1)
(151/2 74 68 1/4 1)
(303/4 70 66 1/4 1)
(76 53 56 3/2 1)
(76 65 63 3/2 1)
(155/2 66 64 1/4 1)
(155/2 50 54 1/4 1)
(311/4 67 64 1/4 1)
(311/4 51 55 1/4 1)
(78 51 55 2 1)
(78 67 64 3/2 1)
(159/2 75 69 1/4 1)
(319/4 72 67 1/4 1)
(80 70 66 1 1)
(80 53 56 3/2 1)
(81 69 65 1/2 1)
(163/2 70 66 1/2 1)
(163/2 55 57 1/2 1)
(82 72 67 3/4 1)
(82 51 55 3/2 1)
(331/4 74 68 1/4 1)
(83 75 69 1/2 1)
(167/2 53 56 1/2 1)
(167/2 65 63 1/4 1)
(335/4 70 66 1/4 1)
(84 70 66 1/2 1)
(84 46 52 1/2 1)
(169/2 70 66 1/2 1)
(169/2 46 52 1/2 1)
(85 70 66 1/2 1)
(85 46 52 1/2 1)
(171/2 46 52 1/2 1)
(171/2 72 67 1/4 1)
(343/4 69 65 1/4 1)
(86 46 52 1/2 1)
(86 70 66 1/2 1)
(173/2 74 68 1/2 1)
(173/2 46 52 1/2 1)
(87 74 68 1/2 1)
(87 46 52 1/2 1)
(175/2 75 69 1/4 1)
(175/2 46 52 1/2 1)
(351/4 72 67 1/4 1)
(88 74 68 1/2 1)
(88 46 52 1/2 1)
(177/2 77 70 1/2 1)
(177/2 46 52 1/2 1)
(89 77 70 1/2 1)
(89 46 52 1/2 1)
(179/2 79 71 1/4 1)
(179/2 46 52 1/2 1)
(359/4 75 69 1/4 1)
(90 77 70 1/2 1)
(90 46 52 1/2 1)
(181/2 70 66 1/2 1)
(181/2 82 73 1/2 1)
(181/2 58 59 1/2 1)
(181/2 62 61 1/2 1)
(181/2 50 54 1/2 1)
(91 70 66 1/2 1)
(91 82 73 1/2 1)
(91 62 61 1/2 1)
(91 58 59 1/2 1)
(91 50 54 1/2 1)
(183/2 82 73 1/2 1)
(183/2 58 59 1/2 1)
(183/2 70 66 1/2 1)
(183/2 50 54 1/2 1)
(183/2 62 61 1/2 1)
(92 58 59 1 1)
(92 86 75 3/4 1)
(92 50 54 1 1)
(92 46 52 1 1)
(371/4 84 74 1/4 1)
(93 82 73 1/4 1)
(373/4 80 72 1/4 1)
(187/2 79 71 1/4 1)
(375/4 77 70 1/4 1)
(94 77 70 1/2 1)
(189/2 55 57 1/2 1)
(189/2 76 69 1/4 1)
(95 79 71 1/2 1)
(191/2 77 70 1/4 1)
(191/2 57 58 1/2 1)
(96 84 74 1/2 1)
(193/2 75 69 1/4 1)
(193/2 53 56 1/2 1)
(97 75 69 1/2 1)
(195/2 55 57 1/2 1)
(195/2 74 68 1/4 1)
(98 78 71 1/2 1)
(197/2 51 55 1/2 1)
(197/2 79 71 1/4 1)
(99 81 72 1/2 1)
(199/2 82 73 1/4 1)
(199/2 52 55 1/2 1)
(100 65 63 16666667/100000000 1)
(100 53 56 2 1)
(12520833/125000 70 66 16666667/100000000 1)
(12541667/125000 69 65 16666667/100000000 1)
(201/2 72 67 16666667/100000000 1)
(12583333/125000 70 66 16666667/100000000 1)
(12604167/125000 74 68 16666667/100000000 1)
(101 72 67 16666667/100000000 1)
(12645833/125000 75 69 16666667/100000000 1)
(12666667/125000 74 68 16666667/100000000 1)
(203/2 77 70 16666667/100000000 1)
(12708333/125000 75 69 16666667/100000000 1)
(12729167/125000 79 71 16666667/100000000 1)
(102 77 70 16666667/100000000 1)
(12770833/125000 82 73 16666667/100000000 1)
(12791667/125000 81 72 16666667/100000000 1)
(205/2 79 71 16666667/100000000 1)
(12833333/125000 77 70 16666667/100000000 1)
(12854167/125000 75 69 16666667/100000000 1)
(103 74 68 16666667/100000000 1)
(12895833/125000 72 67 16666667/100000000 1)
(12916667/125000 70 66 16666667/100000000 1)
(207/2 69 65 16666667/100000000 1)
(12958333/125000 67 64 16666667/100000000 1)
(12979167/125000 65 63 16666667/100000000 1)
(104 64 62 16666667/100000000 1)
(104 55 57 16666667/100000000 1)
(13020833/125000 64 62 16666667/100000000 1)
(13020833/125000 55 57 16666667/100000000 1)
(13041667/125000 55 57 16666667/100000000 1)
(13041667/125000 64 62 16666667/100000000 1)
(209/2 64 62 16666667/100000000 1)
(209/2 55 57 16666667/100000000 1)
(13083333/125000 64 62 16666667/100000000 1)
(13083333/125000 55 57 16666667/100000000 1)
(13104167/125000 55 57 16666667/100000000 1)
(13104167/125000 64 62 16666667/100000000 1)
(105 63 62 16666667/100000000 1)
(105 57 58 16666667/100000000 1)
(13145833/125000 63 62 16666667/100000000 1)
(13145833/125000 57 58 16666667/100000000 1)
(13166667/125000 57 58 16666667/100000000 1)
(13166667/125000 63 62 16666667/100000000 1)
(211/2 57 58 16666667/100000000 1)
(211/2 63 62 16666667/100000000 1)
(13208333/125000 63 62 16666667/100000000 1)
(13208333/125000 57 58 16666667/100000000 1)
(13229167/125000 57 58 16666667/100000000 1)
(13229167/125000 63 62 16666667/100000000 1)
(106 58 59 1 1)
(106 62 61 16666667/100000000 1)
(13270833/125000 65 63 16666667/100000000 1)
(13291667/125000 70 66 16666667/100000000 1)
(213/2 74 68 16666667/100000000 1)
(13333333/125000 77 70 16666667/100000000 1)
(13354167/125000 81 72 16666667/100000000 1)
(107 82 73 1/2 1)
(215/2 50 54 1/2 1)
(215/2 78 71 1/2 1)
(108 51 55 1/2 1)
(108 79 71 1/4 1)
(217/2 83 73 1/2 1)
(109 84 74 1/4 1)
(219/2 87 76 1/4 1)
(439/4 84 74 1/4 1)
(110 82 73 16666667/100000000 1)
(110 53 56 1/2 1)
(13770833/125000 86 75 16666667/100000000 1)
(13791667/125000 89 77 16666667/100000000 1)
(221/2 53 56 1/2 1)
(221/2 89 77 16666667/100000000 1)
(13833333/125000 89 77 16666667/100000000 1)
(13854167/125000 89 77 16666667/100000000 1)
(111 53 56 1/2 1)
(111 89 77 16666667/100000000 1)
(13895833/125000 86 75 16666667/100000000 1)
(13916667/125000 82 73 16666667/100000000 1)
(223/2 89 77 16666667/100000000 1)
(223/2 53 56 1/2 1)
(13958333/125000 86 75 16666667/100000000 1)
(13979167/125000 82 73 16666667/100000000 1)
(112 53 56 1/2 1)
(112 77 70 1 1)
(225/2 53 56 1/2 1)
(113 53 56 1/2 1)
(113 84 74 1 1)
(227/2 53 56 1/2 1)
(114 46 52 1 1)
(114 82 73 11/2 1)
(239/2 77 70 1/4 1)
(479/4 74 68 1/4 1)
(120 79 71 1/2 1)
(241/2 75 69 1/4 1)
(483/4 72 67 1/4 1)
(121 75 69 1/2 1)
(243/2 72 67 1/4 1)
(487/4 69 65 1/4 1)
(122 70 66 11/2 1)
(247/2 43 50 1/4 1)
(495/4 55 57 1/4 1)
(124 55 57 1/2 1)
(249/2 41 49 1/4 1)
(499/4 53 56 1/4 1)
(125 53 56 1/2 1)
(251/2 39 48 1/4 1)
(503/4 51 55 1/4 1)
(126 51 55 1/2 1)
(253/2 38 47 1/4 1)
(507/4 50 54 1/4 1)
(127 50 54 1/2 1)
(255/2 71 66 1/4 1)
(255/2 50 54 1/4 1)
(511/4 72 67 1/4 1)
(511/4 51 55 1/4 1)
(128 72 67 1/2 1)
(128 51 55 1/2 1)
(257/2 72 67 1/4 1)
(515/4 75 69 1/4 1)
(129 53 56 1/2 1)
(129 75 69 1/2 1)
(259/2 65 63 1/4 1)
(519/4 70 66 1/4 1)
(130 70 66 1 1)
(130 46 52 1 1)
(263/2 53 56 1/4 1)
(527/4 58 59 1/4 1)
(132 58 59 1/2 1)
(265/2 53 56 1/4 1)
(531/4 60 60 1/4 1)
(133 60 60 1/2 1)
(267/2 53 56 1/4 1)
(535/4 62 61 1/4 1)
(134 62 61 1/2 1)
(271/2 70 66 1/4 1)
(543/4 75 69 1/4 1)
(136 75 69 1/2 1)
(136 63 62 1/2 1)
(273/2 70 66 1/4 1)
(547/4 77 70 1/4 1)
(137 62 61 1/2 1)
(137 77 70 1/2 1)
(275/2 70 66 1/4 1)
(551/4 79 71 1/4 1)
(138 79 71 1/2 1)
(138 61 61 1/2 1)
(279/2 75 69 1/4 1)
(559/4 80 72 1/4 1)
(140 80 72 2 1)
(140 56 58 1 1)
(142 87 76 3/2 1)
(142 51 55 1 1)
(287/2 85 75 1/4 1)
(575/4 82 73 1/4 1)
(144 84 74 2 1)
(144 44 51 1 1)
(146 82 73 1/2 1)
(293/2 70 66 1/4 1)
(587/4 73 68 1/4 1)
(147 82 73 1/2 1)
(295/2 82 73 1/2 1)
(295/2 48 53 1/4 1)
(591/4 53 56 1/4 1)
(148 53 56 2 1)
(148 80 72 2 1)
(150 60 60 3/2 1)
(150 79 71 3/2 1)
(303/2 72 67 1/4 1)
(303/2 58 59 1/4 1)
(607/4 77 70 1/4 1)
(607/4 55 57 1/4 1)
(152 77 70 2 1)
(152 56 58 1 1)
(153 65 63 2 1)
(154 84 74 3/2 1)
(155 64 62 1 1)
(311/2 82 73 1/4 1)
(623/4 79 71 1/4 1)
(156 65 63 1 1)
(156 80 72 1 1)
(157 81 72 1 1)
(158 82 73 3/2 1)
(319/2 80 72 1/4 1)
(319/2 46 52 1/4 1)
(639/4 51 55 1/4 1)
(639/4 77 70 1/4 1)
(160 79 71 1 1)
(160 51 55 2 1)
(162 58 59 3/2 1)
(327/2 70 66 1/4 1)
(327/2 56 58 1/4 1)
(655/4 75 69 1/4 1)
(655/4 53 56 1/4 1)
(164 55 57 1 1)
(164 75 69 2 1)
(166 82 73 3/2 1)
(166 46 52 1 1)
(335/2 80 72 1/4 1)
(671/4 77 70 1/4 1)
(168 51 55 1 1)
(168 75 69 1/2 1)
(337/2 79 71 1/2 1)
(169 82 73 1/2 1)
(339/2 87 76 1/4 1)
(679/4 82 73 1/4 1)
(170 82 73 3/2 1)
(343/2 85 75 1/4 1)
(687/4 84 74 1/4 1)
(172 84 74 3/2 1)
(347/2 83 73 1/4 1)
(695/4 82 73 1/4 1)
(174 82 73 3/2 1)
(351/2 82 73 1/4 1)
(703/4 81 72 1/4 1)
(176 81 72 1/2 1)
(353/2 81 72 1/4 1)
(707/4 80 72 1/4 1)
(177 80 72 1/2 1)
(355/2 80 72 1/4 1)
(711/4 79 71 1/4 1)
(178 79 71 1/2 1)
(357/2 70 66 1/4 1)
(715/4 78 71 1/4 1)
(179 78 71 5/2 1)
(363/2 51 55 1/4 1)
(363/2 78 71 1/4 1)
(727/4 53 56 1/4 1)
(727/4 80 72 1/4 1)
(182 80 72 5/2 1)
(182 53 56 3/2 1)
(367/2 53 56 1/4 1)
(735/4 54 57 1/4 1)
(184 54 57 3/2 1)
(369/2 77 70 1/4 1)
(739/4 78 71 1/4 1)
(185 78 71 3/2 1)
(371/2 51 55 1/2 1)
(186 49 54 1 1)
(373/2 75 69 1/4 1)
(747/4 77 70 1/4 1)
(187 77 70 1/2 1)
(375/2 79 71 1/2 1)
(375/2 46 52 1/4 1)
(751/4 44 51 1/4 1)
(188 44 51 1 1)
(188 80 72 5/2 1)
(379/2 53 56 1/2 1)
(190 51 55 1 1)
(381/2 77 70 1/4 1)
(763/4 78 71 1/4 1)
(191 78 71 1/2 1)
(383/2 48 53 1/4 1)
(383/2 81 72 1/2 1)
(767/4 46 52 1/4 1)
(192 46 52 1 1)
(192 82 73 5/2 1)
(387/2 55 57 1/2 1)
(194 53 56 1 1)
(389/2 79 71 1/4 1)
(779/4 80 72 1/4 1)
(195 80 72 1/2 1)
(391/2 49 54 1/4 1)
(391/2 83 73 1/2 1)
(783/4 48 53 1/4 1)
(196 84 74 3/2 1)
(196 48 53 1 1)
(395/2 76 69 1/4 1)
(791/4 85 75 1/4 1)
(198 58 59 1/2 1)
(198 85 75 1/2 1)
(397/2 77 70 1/4 1)
(795/4 84 74 1/4 1)
(199 56 58 1/2 1)
(199 84 74 1/2 1)
(399/2 73 68 1/4 1)
(799/4 82 73 1/4 1)
(200 82 73 1 1)
(200 55 57 1 1)
(403/2 48 53 1/4 1)
(807/4 53 56 1/4 1)
(202 80 72 1/2 1)
(202 53 56 1/2 1)
(405/2 48 53 1/4 1)
(811/4 55 57 1/4 1)
(203 55 57 1/2 1)
(203 76 69 1/2 1)
(407/2 48 53 1/4 1)
(815/4 56 58 1/4 1)
(204 56 58 1 1)
(204 77 70 4 1)
(411/2 53 56 1/4 1)
(823/4 56 58 1/4 1)
(206 56 58 1 1)
(415/2 53 56 1/4 1)
(831/4 56 58 1/4 1)
(208 78 71 4 1)
(208 56 58 1 1)
(419/2 44 51 1/4 1)
(839/4 56 58 1/4 1)
(210 56 58 1 1)
(423/2 56 58 1/4 1)
(847/4 44 51 1/4 1)
(212 79 71 2 1)
(212 43 50 3/2 1)
(427/2 55 57 1/4 1)
(855/4 43 50 1/4 1)
(214 81 72 2 1)
(214 42 50 3/2 1)
(431/2 42 50 1/4 1)
(863/4 54 57 1/4 1)
(216 79 71 1/2 1)
(216 55 57 8 1)
(433/2 74 68 1/4 1)
(867/4 71 66 1/4 1)
(217 78 71 1/2 1)
(435/2 75 69 1/4 1)
(871/4 72 67 1/4 1)
(218 79 71 1/2 1)
(437/2 74 68 1/4 1)
(875/4 71 66 1/4 1)
(219 78 71 1/2 1)
(439/2 75 69 1/4 1)
(879/4 72 67 1/4 1)
(220 79 71 1/2 1)
(441/2 74 68 1/4 1)
(883/4 71 66 1/4 1)
(221 79 71 1/2 1)
(443/2 75 69 1/4 1)
(887/4 72 67 1/4 1)
(222 79 71 1/2 1)
(445/2 77 70 1/4 1)
(891/4 74 68 1/4 1)
(223 79 71 1/2 1)
(447/2 75 69 1/4 1)
(895/4 72 67 1/4 1)
(224 55 57 1 1)
(224 79 71 1/2 1)
(449/2 74 68 1/4 1)
(899/4 71 66 1/4 1)
(225 51 55 1 1)
(225 79 71 1/2 1)
(451/2 75 69 1/4 1)
(903/4 72 67 1/4 1)
(226 53 56 1 1)
(226 80 72 16666667/100000000 1)
(22616667/100000 79 71 16666667/100000000 1)
(22633333/100000 77 70 16666667/100000000 1)
(453/2 75 69 16666667/100000000 1)
(22666667/100000 74 68 16666667/100000000 1)
(22683333/100000 72 67 16666667/100000000 1)
(227 71 66 16666667/100000000 1)
(22716667/100000 68 65 16666667/100000000 1)
(22733333/100000 67 64 16666667/100000000 1)
(455/2 65 63 16666667/100000000 1)
(22766667/100000 63 62 16666667/100000000 1)
(22783333/100000 62 61 16666667/100000000 1)
(228 60 60 16666667/100000000 1)
(22816667/100000 59 59 16666667/100000000 1)
(22833333/100000 56 58 16666667/100000000 1)
(457/2 55 57 16666667/100000000 1)
(22866667/100000 59 59 16666667/100000000 1)
(22883333/100000 62 61 16666667/100000000 1)
(229 65 63 16666667/100000000 1)
(22916667/100000 63 62 16666667/100000000 1)
(22933333/100000 62 61 16666667/100000000 1)
(459/2 68 65 16666667/100000000 1)
(459/2 47 52 1/2 1)
(22966667/100000 67 64 16666667/100000000 1)
(22983333/100000 65 63 16666667/100000000 1)
(230 63 62 16666667/100000000 1)
(230 48 53 1/2 1)
(23016667/100000 67 64 16666667/100000000 1)
(23033333/100000 72 67 16666667/100000000 1)
(461/2 53 56 1/2 1)
(461/2 68 65 16666667/100000000 1)
(23066667/100000 65 63 16666667/100000000 1)
(23083333/100000 62 61 16666667/100000000 1)
(231 55 57 1/2 1)
(231 67 64 16666667/100000000 1)
(23116667/100000 63 62 16666667/100000000 1)
(23133333/100000 60 60 16666667/100000000 1)
(463/2 43 50 1/2 1)
(463/2 65 63 16666667/100000000 1)
(23166667/100000 62 61 16666667/100000000 1)
(23183333/100000 59 59 16666667/100000000 1)
(232 60 60 1/2 1)
(232 51 55 1/2 1)
(465/2 53 56 1/2 1)
(465/2 68 65 1/2 1)
(233 67 64 1/2 1)
(233 55 57 1/2 1)
(467/2 43 50 1/2 1)
(467/2 59 59 1/2 1)
(471/2 55 57 1/4 1)
(943/4 60 60 1/4 1)
(236 48 53 1 1)
(236 60 60 2 1)
(238 67 64 3/2 1)
(238 43 50 1 1)
(479/2 65 63 1/4 1)
(959/4 62 61 1/4 1)
(240 60 60 1/2 1)
(240 36 46 1 1)
(481/2 63 62 1/2 1)
(241 67 64 1/2 1)
(483/2 72 67 1/4 1)
(967/4 67 64 1/4 1)
(242 67 64 3/2 1)
(485/2 58 59 1/2 1)
(243 58 59 1/2 1)
(487/2 72 67 1/4 1)
(975/4 65 63 1/4 1)
(244 65 63 3/2 1)
(489/2 56 58 1/2 1)
(245 56 58 1/2 1)
(491/2 71 66 1/4 1)
(983/4 65 63 1/4 1)
(246 65 63 3/2 1)
(493/2 56 58 1/2 1)
(247 56 58 1/2 1)
(495/2 71 66 1/4 1)
(991/4 65 63 1/4 1)
(248 65 63 1/2 1)
(248 56 58 1/2 1)
(497/2 71 66 1/4 1)
(995/4 65 63 1/4 1)
(249 65 63 1/2 1)
(249 56 58 1/2 1)
(499/2 71 66 1/4 1)
(999/4 65 63 1/4 1)
(250 56 58 1 1)
(250 65 63 1 1)
(503/2 58 59 1/4 1)
(1007/4 63 62 1/4 1)
(252 51 55 1 1)
(252 63 62 2 1)
(254 70 66 3/2 1)
(254 46 52 1 1)
(511/2 68 65 1/4 1)
(1023/4 65 63 1/4 1)
(256 63 62 1/2 1)
(256 39 48 1 1)
(513/2 67 64 1/2 1)
(257 70 66 1/2 1)
(515/2 75 69 1/4 1)
(1031/4 70 66 1/4 1)
(258 51 55 1 1)
(258 70 66 3/2 1)
(519/2 71 66 1/2 1)
(260 72 67 2 1)
(260 44 51 1 1)
(262 46 52 1 1)
(262 68 65 3/2 1)
(527/2 65 63 1/4 1)
(1055/4 62 61 1/4 1)
(264 51 55 1/2 1)
(264 63 62 1/2 1)
(529/2 67 64 1/2 1)
(265 46 52 1/2 1)
(265 70 66 1/2 1)
(531/2 68 65 1/4 1)
(1063/4 65 63 1/4 1)
(266 63 62 1 1)
(266 39 48 1 1)
(535/2 58 59 1/4 1)
(1071/4 63 62 1/4 1)
(268 63 62 1/2 1)
(268 51 55 1/2 1)
(537/2 58 59 1/4 1)
(1075/4 65 63 1/4 1)
(269 65 63 1/2 1)
(269 50 54 1/2 1)
(539/2 58 59 1/4 1)
(1079/4 67 64 1/4 1)
(270 67 64 1 1)
(270 51 55 1 1)
(543/2 58 59 1/4 1)
(1087/4 67 64 1/4 1)
(272 67 64 1/2 1)
(272 51 55 1/2 1)
(545/2 58 59 1/4 1)
(1091/4 68 65 1/4 1)
(273 68 65 1/2 1)
(273 53 56 1/2 1)
(547/2 58 59 1/4 1)
(1095/4 70 66 1/4 1)
(274 55 57 1 1)
(274 70 66 1 1)
(551/2 70 66 1/4 1)
(1103/4 82 73 1/4 1)
(276 50 54 1/2 1)
(276 82 73 1/4 1)
(1105/4 80 72 1/4 1)
(553/2 70 66 1/4 1)
(1107/4 80 72 1/4 1)
(277 80 72 1/4 1)
(277 51 55 1/2 1)
(1109/4 79 71 1/4 1)
(555/2 70 66 1/4 1)
(1111/4 82 73 1/4 1)
(278 82 73 1/4 1)
(278 50 54 1/2 1)
(1113/4 80 72 1/4 1)
(557/2 70 66 1/4 1)
(1115/4 80 72 1/4 1)
(279 51 55 1/2 1)
(279 80 72 1/4 1)
(1117/4 79 71 1/4 1)
(559/2 82 73 1/2 1)
(280 84 74 1 1)
(281 82 73 1 1)
(282 80 72 1 1)
(283 79 71 1 1)
(284 77 70 1 1)
(285 78 71 1/2 1)
(571/2 77 70 1/4 1)
(1143/4 75 69 1/4 1)
(286 46 52 39/2 1)
(286 74 68 1/2 1)
(573/2 77 70 1/2 1)
(287 80 72 1/2 1)
(575/2 77 70 1/4 1)
(1151/4 74 68 1/4 1)
(288 75 69 1/2 1)
(577/2 79 71 1/2 1)
(289 82 73 1/2 1)
(579/2 79 71 1/4 1)
(1159/4 76 69 1/4 1)
(290 77 70 1/2 1)
(581/2 80 72 1/2 1)
(291 84 74 1/2 1)
(583/2 80 72 1/4 1)
(1167/4 77 70 1/4 1)
(292 79 71 1/2 1)
(585/2 82 73 1/2 1)
(293 87 76 1/2 1)
(587/2 82 73 1/4 1)
(1175/4 79 71 1/4 1)
(294 81 72 1/2 1)
(589/2 84 74 1/2 1)
(295 87 76 1/2 1)
(591/2 84 74 1/4 1)
(1183/4 81 72 1/4 1)
(296 82 73 1/2 1)
(593/2 77 70 1/4 1)
(1187/4 74 68 1/4 1)
(297 82 73 1/2 1)
(595/2 81 72 1/4 1)
(1191/4 77 70 1/4 1)
(298 82 73 1/2 1)
(597/2 77 70 1/4 1)
(1195/4 74 68 1/4 1)
(299 82 73 1/2 1)
(599/2 81 72 1/4 1)
(1199/4 77 70 1/4 1)
(300 82 73 1/2 1)
(601/2 77 70 1/4 1)
(1203/4 74 68 1/4 1)
(301 82 73 1/2 1)
(603/2 79 71 1/4 1)
(1207/4 75 69 1/4 1)
(302 82 73 1/2 1)
(605/2 80 72 1/4 1)
(1211/4 77 70 1/4 1)
(303 82 73 1/2 1)
(607/2 79 71 1/4 1)
(1215/4 75 69 1/4 1)
(304 70 66 3/2 1)
(611/2 71 66 1/4 1)
(611/2 55 57 1/4 1)
(1223/4 72 67 1/4 1)
(1223/4 56 58 1/4 1)
(306 56 58 2 1)
(306 72 67 3/2 1)
(615/2 80 72 1/4 1)
(1231/4 77 70 1/4 1)
(308 75 69 1 1)
(308 58 59 3/2 1)
(309 74 68 1/2 1)
(619/2 75 69 1/2 1)
(619/2 60 60 1/2 1)
(310 77 70 3/4 1)
(310 56 58 3/2 1)
(1243/4 79 71 1/4 1)
(311 80 72 1/2 1)
(623/2 58 59 1/2 1)
(623/2 70 66 1/4 1)
(1247/4 75 69 1/4 1)
(312 75 69 1/2 1)
(312 51 55 1/2 1)
(625/2 75 69 1/2 1)
(625/2 51 55 1/2 1)
(313 51 55 1/2 1)
(313 75 69 1/2 1)
(627/2 51 55 1/2 1)
(627/2 77 70 1/4 1)
(1255/4 74 68 1/4 1)
(314 51 55 1/2 1)
(314 75 69 1/2 1)
(629/2 51 55 1/2 1)
(629/2 79 71 1/2 1)
(315 79 71 1/2 1)
(315 51 55 1/2 1)
(631/2 51 55 1/2 1)
(631/2 80 72 1/4 1)
(1263/4 77 70 1/4 1)
(316 79 71 1/2 1)
(316 51 55 1/2 1)
(633/2 51 55 1/2 1)
(633/2 82 73 1/2 1)
(317 51 55 1/2 1)
(317 82 73 1/2 1)
(635/2 84 74 1/4 1)
(635/2 51 55 1/2 1)
(1271/4 80 72 1/4 1)
(318 51 55 1/2 1)
(318 82 73 1/2 1)
(637/2 51 55 1/2 1)
(637/2 43 50 1/2 1)
(637/2 85 75 1/2 1)
(637/2 67 64 1/2 1)
(637/2 75 69 1/2 1)
(319 85 75 1/2 1)
(319 75 69 1/2 1)
(319 67 64 1/2 1)
(319 51 55 1/2 1)
(319 43 50 1/2 1)
(639/2 51 55 1/2 1)
(639/2 43 50 1/2 1)
(639/2 75 69 1/2 1)
(639/2 67 64 1/2 1)
(639/2 85 75 1/2 1)
(320 67 64 1 1)
(320 51 55 1 1)
(320 43 50 1 1)
(320 75 69 1 1)
(320 85 75 1 1)
(322 83 73 1/2 1)
(645/2 56 58 1/2 1)
(645/2 84 74 1/4 1)
(323 79 71 1/2 1)
(647/2 80 72 1/4 1)
(647/2 56 58 1/2 1)
(324 76 69 1/2 1)
(649/2 56 58 1/2 1)
(649/2 77 70 1/4 1)
(325 79 71 1/2 1)
(651/2 56 58 1/2 1)
(651/2 80 72 1/4 1)
(326 81 72 1/2 1)
(653/2 82 73 1/4 1)
(653/2 55 57 1/2 1)
(327 78 71 1/2 1)
(655/2 79 71 1/4 1)
(655/2 55 57 1/2 1)
(328 74 68 1/2 1)
(657/2 75 69 1/4 1)
(657/2 55 57 1/2 1)
(329 77 70 1/2 1)
(659/2 79 71 1/4 1)
(659/2 55 57 1/2 1)
(330 53 56 1 1)
(330 80 72 3/4 1)
(1323/4 77 70 1/4 1)
(331 75 69 1/4 1)
(1325/4 74 68 1/4 1)
(663/2 72 67 1/4 1)
(1327/4 70 66 1/4 1)
(332 44 51 2 1)
(332 68 65 1/4 1)
(1329/4 67 64 1/4 1)
(665/2 65 63 1/4 1)
(1331/4 63 62 1/4 1)
(333 62 61 1/4 1)
(1333/4 60 60 1/4 1)
(667/2 58 59 1/4 1)
(1335/4 56 58 1/4 1)
(334 55 57 16666667/100000000 1)
(334 43 50 1 1)
(16708333/50000 63 62 16666667/100000000 1)
(16716667/50000 62 61 16666667/100000000 1)
(669/2 65 63 16666667/100000000 1)
(16733333/50000 63 62 16666667/100000000 1)
(16741667/50000 67 64 16666667/100000000 1)
(335 65 63 16666667/100000000 1)
(16758333/50000 68 65 16666667/100000000 1)
(16766667/50000 67 64 16666667/100000000 1)
(671/2 70 66 16666667/100000000 1)
(16783333/50000 68 65 16666667/100000000 1)
(16791667/50000 72 67 16666667/100000000 1)
(336 70 66 16666667/100000000 1)
(336 43 50 1 1)
(16808333/50000 75 69 16666667/100000000 1)
(16816667/50000 74 68 16666667/100000000 1)
(673/2 75 69 16666667/100000000 1)
(16833333/50000 79 71 16666667/100000000 1)
(16841667/50000 77 70 16666667/100000000 1)
(337 75 69 16666667/100000000 1)
(16858333/50000 74 68 16666667/100000000 1)
(16866667/50000 72 67 16666667/100000000 1)
(675/2 70 66 16666667/100000000 1)
(16883333/50000 68 65 16666667/100000000 1)
(16891667/50000 67 64 16666667/100000000 1)
(338 65 63 16666667/100000000 1)
(338 44 51 1/2 1)
(16908333/50000 68 65 16666667/100000000 1)
(16916667/50000 72 67 16666667/100000000 1)
(677/2 72 67 16666667/100000000 1)
(16933333/50000 72 67 16666667/100000000 1)
(16941667/50000 72 67 16666667/100000000 1)
(339 72 67 16666667/100000000 1)
(339 44 51 1/2 1)
(16958333/50000 77 70 16666667/100000000 1)
(16966667/50000 80 72 16666667/100000000 1)
(679/2 80 72 16666667/100000000 1)
(16983333/50000 80 72 16666667/100000000 1)
(16991667/50000 80 72 16666667/100000000 1)
(340 77 70 16666667/100000000 1)
(340 44 51 1/2 1)
(17008333/50000 80 72 16666667/100000000 1)
(17016667/50000 84 74 16666667/100000000 1)
(681/2 84 74 16666667/100000000 1)
(17033333/50000 84 74 16666667/100000000 1)
(17041667/50000 84 74 16666667/100000000 1)
(341 81 72 16666667/100000000 1)
(341 45 51 1/2 1)
(17058333/50000 84 74 16666667/100000000 1)
(17066667/50000 87 76 16666667/100000000 1)
(683/2 87 76 16666667/100000000 1)
(17083333/50000 87 76 16666667/100000000 1)
(17091667/50000 87 76 16666667/100000000 1)
(342 46 52 1/2 1)
(342 87 76 3/4 1)
(685/2 46 52 1/2 1)
(1371/4 82 73 1/4 1)
(343 87 76 16666667/100000000 1)
(343 46 52 1/2 1)
(17158333/50000 82 73 16666667/100000000 1)
(17166667/50000 79 71 16666667/100000000 1)
(687/2 46 52 1/2 1)
(687/2 82 73 16666667/100000000 1)
(17183333/50000 79 71 16666667/100000000 1)
(17191667/50000 75 69 16666667/100000000 1)
(344 46 52 1/2 1)
(344 70 66 1 1)
(689/2 46 52 1/2 1)
(345 46 52 1/2 1)
(345 77 70 1 1)
(691/2 46 52 1/2 1)
(346 51 55 1 1)
(346 75 69 11/2 1)
(703/2 75 69 1/4 1)
(1407/4 70 66 1/4 1)
(352 72 67 1/2 1)
(705/2 72 67 1/4 1)
(1411/4 65 63 1/4 1)
(353 68 65 1/2 1)
(707/2 68 65 1/4 1)
(1415/4 62 61 1/4 1)
(354 63 62 11/2 1)
(356 48 53 1/2 1)
(357 46 52 1/2 1)
(715/2 44 51 1/4 1)
(1431/4 56 58 1/4 1)
(358 56 58 1/2 1)
(717/2 43 50 1/4 1)
(1435/4 55 57 1/4 1)
(359 55 57 1/2 1)
(719/2 64 62 1/4 1)
(1439/4 65 63 1/4 1)
(360 44 51 1/2 1)
(360 65 63 1/2 1)
(721/2 65 63 1/4 1)
(1443/4 68 65 1/4 1)
(361 68 65 1/2 1)
(361 46 52 1/2 1)
(723/2 58 59 1/4 1)
(1447/4 63 62 1/4 1)
(362 39 48 1 1)
(362 63 62 1 1)
