(0 67 64 2 1)
(0 43 50 1/2 1)
(1/2 55 57 1/2 1)
(1 55 57 1/2 1)
(3/2 55 57 1/2 1)
(2 55 57 1/2 1)
(2 71 66 1/2 1)
(5/2 55 57 1/2 1)
(5/2 69 65 1/4 1)
(11/4 67 64 1/4 1)
(3 55 57 1/2 1)
(3 67 64 1/2 1)
(7/2 55 57 1/2 1)
(7/2 67 64 1/2 1)
(4 43 50 1/2 1)
(4 76 69 1/2 1)
(9/2 55 57 1/2 1)
(9/2 75 68 1/4 1)
(19/4 76 69 1/4 1)
(5 55 57 1/2 1)
(5 76 69 1/2 1)
(11/2 55 57 1/2 1)
(6 55 57 1/2 1)
(13/2 78 70 1/2 1)
(13/2 55 57 1/2 1)
(7 55 57 1/2 1)
(7 79 71 1/2 1)
(15/2 76 69 1/2 1)
(15/2 55 57 1/2 1)
(8 43 50 1/2 1)
(8 76 69 1/4 1)
(33/4 74 68 1/4 1)
(17/2 73 67 1/4 1)
(17/2 55 57 1/2 1)
(35/4 74 68 1/4 1)
(9 74 68 1/2 1)
(9 55 57 1/2 1)
(19/2 55 57 1/2 1)
(10 55 57 1/2 1)
(21/2 78 70 1/2 1)
(11 47 52 1 1)
(11 79 71 1/2 1)
(23/2 59 59 1/2 1)
(12 59 59 1 1)
(12 48 53 2 1)
(13 57 58 1/2 1)
(27/2 64 62 1/2 1)
(14 50 54 2 1)
(14 64 62 1 1)
(15 62 61 1/2 1)
(31/2 60 60 1/2 1)
(16 43 50 3/2 1)
(16 60 60 1/4 1)
(65/4 59 59 1/4 1)
(33/2 64 62 1/4 1)
(67/4 62 61 1/4 1)
(17 62 61 1/2 1)
(35/2 52 55 1/2 1)
(18 50 54 1/2 1)
(37/2 48 53 1/2 1)
(19 47 52 1/2 1)
(39/2 45 51 1/2 1)
(20 67 64 2 1)
(20 43 50 1 1)
(22 71 66 1/2 1)
(22 43 50 1 1)
(45/2 69 65 1/4 1)
(91/4 67 64 1/4 1)
(23 67 64 1/2 1)
(47/2 67 64 1/2 1)
(24 43 50 1 1)
(24 76 69 1/2 1)
(49/2 75 68 1/4 1)
(99/4 76 69 1/4 1)
(25 76 69 1/2 1)
(26 78 70 1/4 1)
(26 43 50 1 1)
(105/4 79 71 1/4 1)
(53/2 78 70 1/4 1)
(107/4 79 71 1/4 1)
(27 78 70 1/4 1)
(109/4 79 71 1/4 1)
(28 76 69 1/4 1)
(28 43 50 1 1)
(113/4 74 68 1/4 1)
(57/2 73 67 1/4 1)
(115/4 74 68 1/4 1)
(29 73 67 1/4 1)
(117/4 74 68 1/4 1)
(59/2 52 55 1/2 1)
(30 50 54 1/2 1)
(61/2 48 53 1/2 1)
(31 47 52 1/2 1)
(63/2 45 51 1/2 1)
(32 62 61 1 1)
(32 43 50 1 1)
(33 62 61 1/2 1)
(67/2 64 62 1/2 1)
(34 62 61 1/2 1)
(69/2 64 62 1/2 1)
(35 62 61 1/2 1)
(71/2 66 63 1/2 1)
(71/2 50 54 1/2 1)
(36 43 50 1 1)
(36 67 64 1/2 1)
(73/2 62 61 1/2 1)
(37 62 61 1/2 1)
(75/2 64 62 1/2 1)
(38 62 61 1/2 1)
(77/2 64 62 1/2 1)
(39 62 61 1/2 1)
(79/2 66 63 1/2 1)
(79/2 50 54 1/2 1)
(40 67 64 2 1)
(40 43 50 1/2 1)
(81/2 47 52 1/2 1)
(41 47 52 1/2 1)
(83/2 47 52 1/2 1)
(42 67 64 1/2 1)
(42 47 52 1/2 1)
(85/2 65 63 1/2 1)
(85/2 47 52 1/2 1)
(43 64 62 1/2 1)
(43 47 52 1/2 1)
(87/2 63 61 1/2 1)
(87/2 47 52 1/2 1)
(44 48 53 1/2 1)
(44 63 61 1 1)
(89/2 48 53 1/2 1)
(45 48 53 1/2 1)
(45 64 62 5/4 1)
(91/2 48 53 1/2 1)
(46 48 53 1/2 1)
(185/4 66 63 1/4 1)
(93/2 67 64 1/4 1)
(93/2 48 53 1/2 1)
(187/4 66 63 1/4 1)
(47 67 64 1/2 1)
(47 48 53 1/2 1)
(95/2 66 63 1/4 1)
(95/2 48 53 1/2 1)
(191/4 64 62 1/4 1)
(48 64 62 1/2 1)
(48 47 52 1/2 1)
(97/2 47 52 1/2 1)
(97/2 62 61 1/2 1)
(49 47 52 1/2 1)
(49 62 61 3/2 1)
(99/2 47 52 1/2 1)
(50 47 52 1/2 1)
(101/2 47 52 1/2 1)
(101/2 67 64 1/2 1)
(51 47 52 1/2 1)
(51 71 66 1/2 1)
(103/2 47 52 1/2 1)
(103/2 74 68 1/2 1)
(52 45 51 1/2 1)
(52 74 68 1/4 1)
(209/4 72 67 1/4 1)
(105/2 57 58 1/2 1)
(105/2 71 66 1/4 1)
(211/4 72 67 1/4 1)
(53 72 67 2 1)
(53 57 58 1/2 1)
(107/2 57 58 1/2 1)
(54 57 58 1/2 1)
(109/2 57 58 1/2 1)
(55 55 57 1/2 1)
(55 63 61 1 1)
(111/2 55 57 1/2 1)
(56 54 56 1/2 1)
(56 62 61 1/2 1)
(113/2 64 62 1/8 1)
(113/2 54 56 1/2 1)
(453/8 66 63 1/8 1)
(227/4 67 64 1/8 1)
(455/8 69 65 1/8 1)
(57 71 66 1/8 1)
(57 54 56 1/2 1)
(457/8 72 67 1/8 1)
(229/4 74 68 1/8 1)
(459/8 76 69 1/8 1)
(115/2 54 56 1/2 1)
(115/2 78 70 1/8 1)
(461/8 79 71 1/8 1)
(231/4 81 72 1/8 1)
(463/8 83 73 1/8 1)
(58 54 56 1/2 1)
(58 84 74 1/2 1)
(119/2 54 56 1/2 1)
(119/2 72 67 1/2 1)
(60 55 57 1 1)
(60 71 66 1/4 1)
(241/4 67 64 1/4 1)
(121/2 66 63 1/4 1)
(243/4 67 64 1/4 1)
(61 55 57 1/2 1)
(123/2 52 55 1/2 1)
(62 50 54 1/2 1)
(125/2 48 53 1/2 1)
(63 47 52 1/2 1)
(127/2 45 51 1/2 1)
(64 83 73 3/2 1)
(64 43 50 1 1)
(131/2 84 74 1/4 1)
(263/4 82 73 1/4 1)
(66 83 73 1/2 1)
(133/2 78 70 1/4 1)
(267/4 75 68 1/4 1)
(67 76 69 1/2 1)
(135/2 57 58 1/2 1)
(135/2 66 63 1/4 1)
(271/4 63 61 1/4 1)
(68 55 57 1/2 1)
(68 64 62 1 1)
(137/2 57 58 1/2 1)
(69 55 57 1 1)
(70 81 72 3/2 1)
(143/2 83 73 1/4 1)
(287/4 80 71 1/4 1)
(72 81 72 1/2 1)
(145/2 76 69 1/4 1)
(291/4 73 67 1/4 1)
(73 74 68 1/2 1)
(147/2 55 57 1/2 1)
(147/2 64 62 1/4 1)
(295/4 61 60 1/4 1)
(74 54 56 1/2 1)
(74 62 61 1 1)
(149/2 55 57 1/2 1)
(75 54 56 1/2 1)
(76 79 71 2 1)
(76 52 55 1/2 1)
(153/2 52 55 1/2 1)
(77 52 55 1/2 1)
(155/2 52 55 1/2 1)
(78 50 54 1/2 1)
(78 58 59 3/2 1)
(157/2 50 54 1/2 1)
(79 50 54 1/2 1)
(159/2 50 54 1/2 1)
(159/2 57 58 1/4 1)
(319/4 58 59 1/4 1)
(80 49 53 1/2 1)
(80 57 58 3/2 1)
(161/2 49 53 1/2 1)
(81 49 53 1/2 1)
(163/2 50 54 1/2 1)
(163/2 58 59 1/2 1)
(82 49 53 1/2 1)
(82 57 58 1/2 1)
(165/2 58 59 1/2 1)
(165/2 50 54 1/2 1)
(83 57 58 1/2 1)
(83 49 53 1/2 1)
(167/2 58 59 1/2 1)
(167/2 50 54 1/2 1)
(84 49 53 1 1)
(84 57 58 1 1)
(85 88 76 3/2 1)
(86 61 60 2 1)
(173/2 85 74 1/2 1)
(87 81 72 1/2 1)
(175/2 79 71 1/2 1)
(88 78 70 1/2 1)
(88 62 61 1/2 1)
(177/2 86 75 1/2 1)
(89 85 74 1/2 1)
(179/2 83 73 1/2 1)
(90 81 72 1/2 1)
(181/2 79 71 1/2 1)
(91 78 70 1/2 1)
(183/2 76 69 1/2 1)
(92 74 68 2 1)
(92 54 56 1/2 1)
(185/2 54 56 1/2 1)
(93 54 56 1/2 1)
(187/2 54 56 1/2 1)
(94 74 68 1/2 1)
(94 54 56 1/2 1)
(189/2 72 67 1/2 1)
(189/2 54 56 1/2 1)
(95 71 66 1/2 1)
(95 54 56 1/2 1)
(191/2 70 66 1/2 1)
(191/2 54 56 1/2 1)
(96 55 57 1/2 1)
(96 70 66 1 1)
(193/2 55 57 1/2 1)
(97 55 57 1/2 1)
(97 71 66 7/4 1)
(195/2 55 57 1/2 1)
(98 55 57 1/2 1)
(197/2 55 57 1/2 1)
(395/4 73 67 1/4 1)
(99 73 67 1/2 1)
(99 55 57 1/2 1)
(199/2 55 57 1/2 1)
(199/2 71 66 1/4 1)
(399/4 73 67 1/4 1)
(100 74 68 1 1)
(100 54 56 1/2 1)
(201/2 54 56 1/2 1)
(101 54 56 1/2 1)
(101 74 68 5/4 1)
(203/2 54 56 1/2 1)
(102 54 56 1/2 1)
(409/4 76 69 1/4 1)
(205/2 54 56 1/2 1)
(205/2 72 67 1/4 1)
(411/4 74 68 1/4 1)
(103 71 66 1/4 1)
(103 54 56 1/2 1)
(413/4 72 67 1/4 1)
(207/2 69 65 1/4 1)
(207/2 54 56 1/2 1)
(415/4 71 66 1/4 1)
(104 55 57 1/2 1)
(104 70 66 1 1)
(209/2 55 57 1/2 1)
(105 71 66 7/4 1)
(105 55 57 1/2 1)
(211/2 55 57 1/2 1)
(106 55 57 1/2 1)
(213/2 55 57 1/2 1)
(427/4 73 67 1/4 1)
(107 73 67 1/2 1)
(107 55 57 1/2 1)
(215/2 55 57 1/2 1)
(215/2 71 66 1/4 1)
(431/4 73 67 1/4 1)
(108 74 68 2 1)
(108 54 56 1/2 1)
(217/2 54 56 1/2 1)
(109 54 56 1/2 1)
(219/2 54 56 1/2 1)
(110 54 56 1/2 1)
(110 75 68 2 1)
(221/2 54 56 1/2 1)
(111 54 56 1/2 1)
(223/2 54 56 1/2 1)
(112 55 57 1/2 1)
(112 76 69 1/2 1)
(225/2 67 64 1/8 1)
(901/8 71 66 1/8 1)
(451/4 76 69 1/8 1)
(903/8 79 71 1/8 1)
(113 83 73 1/2 1)
(113 55 57 1/2 1)
(227/2 67 64 1/8 1)
(909/8 71 66 1/8 1)
(455/4 76 69 1/8 1)
(911/8 79 71 1/8 1)
(114 83 73 1/2 1)
(114 55 57 1/2 1)
(229/2 67 64 1/8 1)
(917/8 71 66 1/8 1)
(459/4 76 69 1/8 1)
(919/8 79 71 1/8 1)
(115 83 73 1/2 1)
(231/2 56 57 1/2 1)
(231/2 68 64 1/2 1)
(116 57 58 1/2 1)
(116 69 65 2 1)
(233/2 45 51 1/2 1)
(117 45 51 1/2 1)
(235/2 45 51 1/2 1)
(118 45 51 1/2 1)
(118 76 69 2 1)
(237/2 45 51 1/2 1)
(119 45 51 1/2 1)
(239/2 45 51 1/2 1)
(120 50 54 1 1)
(120 74 68 1/2 1)
(241/2 90 77 16666667/100000000 1)
(15083333/125000 88 76 16666667/100000000 1)
(15104167/125000 86 75 16666667/100000000 1)
(121 85 74 16666667/100000000 1)
(15145833/125000 83 73 16666667/100000000 1)
(15166667/125000 81 72 16666667/100000000 1)
(243/2 79 71 16666667/100000000 1)
(15208333/125000 78 70 16666667/100000000 1)
(15229167/125000 76 69 16666667/100000000 1)
(122 50 54 5 1)
(122 74 68 3/2 1)
(247/2 72 67 1/2 1)
(124 71 66 1/2 1)
(249/2 74 68 1/2 1)
(125 73 67 1/2 1)
(251/2 76 69 1/2 1)
(126 74 68 1/2 1)
(253/2 90 77 16666667/100000000 1)
(15833333/125000 88 76 16666667/100000000 1)
(15854167/125000 86 75 16666667/100000000 1)
(127 85 74 16666667/100000000 1)
(15895833/125000 83 73 16666667/100000000 1)
(15916667/125000 81 72 16666667/100000000 1)
(255/2 79 71 16666667/100000000 1)
(15958333/125000 78 70 16666667/100000000 1)
(15979167/125000 76 69 16666667/100000000 1)
(128 74 68 3/2 1)
(128 50 54 5 1)
(259/2 72 67 1/2 1)
(130 71 66 1/2 1)
(261/2 74 68 1/2 1)
(131 73 67 1/2 1)
(263/2 76 69 1/2 1)
(132 74 68 3/4 1)
(531/4 62 61 1/4 1)
(133 74 68 1/4 1)
(533/4 62 61 1/4 1)
(267/2 74 68 1/4 1)
(535/4 62 61 1/4 1)
(134 50 54 1 1)
(134 74 68 1/2 1)
(136 50 54 1/2 1)
(136 74 68 2 1)
(273/2 62 61 1/2 1)
(137 62 61 1/2 1)
(275/2 62 61 1/2 1)
(138 78 70 1/2 1)
(138 62 61 1/2 1)
(277/2 76 69 1/4 1)
(277/2 62 61 1/2 1)
(555/4 74 68 1/4 1)
(139 62 61 1/2 1)
(139 74 68 1/2 1)
(279/2 74 68 1/2 1)
(279/2 62 61 1/2 1)
(140 83 73 1/2 1)
(140 50 54 1/2 1)
(281/2 82 73 1/4 1)
(281/2 62 61 1/2 1)
(563/4 83 73 1/4 1)
(141 83 73 1/2 1)
(141 62 61 1/2 1)
(283/2 62 61 1/2 1)
(142 62 61 1/2 1)
(285/2 85 74 1/2 1)
(285/2 62 61 1/2 1)
(143 62 61 1/2 1)
(143 86 75 1/2 1)
(287/2 62 61 1/2 1)
(287/2 83 73 1/2 1)
(144 50 54 1/2 1)
(144 83 73 1/4 1)
(577/4 81 72 1/4 1)
(289/2 62 61 1/2 1)
(289/2 80 71 1/4 1)
(579/4 81 72 1/4 1)
(145 81 72 1/2 1)
(145 62 61 1/2 1)
(291/2 62 61 1/2 1)
(146 62 61 1/2 1)
(293/2 85 74 1/2 1)
(147 86 75 1/2 1)
(147 54 56 1 1)
(295/2 66 63 1/2 1)
(148 66 63 1 1)
(148 55 57 2 1)
(149 64 62 1/2 1)
(299/2 71 66 1/2 1)
(150 71 66 1 1)
(150 57 58 2 1)
(151 69 65 1/2 1)
(303/2 67 64 1/2 1)
(152 67 64 1/4 1)
(152 50 54 1 1)
(609/4 66 63 1/4 1)
(305/2 71 66 1/4 1)
(611/4 69 65 1/4 1)
(153 69 65 1/2 1)
(309/2 50 54 1/2 1)
(155 53 56 1/2 1)
(311/2 57 58 1/2 1)
(156 74 68 2 1)
(156 62 61 1/2 1)
(313/2 62 61 1/2 1)
(157 62 61 1/2 1)
(315/2 62 61 1/2 1)
(158 77 70 1/2 1)
(158 60 60 1/2 1)
(317/2 60 60 1/2 1)
(317/2 76 69 1/4 1)
(635/4 74 68 1/4 1)
(159 74 68 1/2 1)
(159 60 60 1/2 1)
(319/2 60 60 1/2 1)
(319/2 74 68 1/2 1)
(160 86 75 3/2 1)
(160 58 59 1/2 1)
(321/2 58 59 1/2 1)
(161 58 59 1/2 1)
(323/2 74 68 1/2 1)
(323/2 58 59 1/2 1)
(162 77 70 1/2 1)
(162 57 58 1/2 1)
(325/2 76 69 1/4 1)
(325/2 57 58 1/2 1)
(651/4 74 68 1/4 1)
(163 57 58 1/2 1)
(163 74 68 1/2 1)
(327/2 57 58 1/2 1)
(327/2 74 68 1/2 1)
(164 86 75 3/2 1)
(164 56 57 1/2 1)
(329/2 56 57 1/2 1)
(165 56 57 1/2 1)
(331/2 56 57 1/2 1)
(331/2 74 68 1/2 1)
(166 55 57 1/2 1)
(166 77 70 1/2 1)
(333/2 55 57 1/2 1)
(333/2 76 69 1/4 1)
(667/4 74 68 1/4 1)
(167 55 57 1/2 1)
(167 74 68 1/2 1)
(335/2 55 57 1/2 1)
(335/2 74 68 1/2 1)
(168 86 75 3/2 1)
(168 54 56 1/2 1)
(337/2 54 56 1/2 1)
(169 54 56 1/2 1)
(339/2 54 56 1/2 1)
(339/2 74 68 1/2 1)
(170 86 75 1/2 1)
(170 53 56 1/2 1)
(341/2 53 56 1/2 1)
(341/2 74 68 1/2 1)
(171 86 75 1/2 1)
(171 53 56 1/2 1)
(343/2 74 68 1/2 1)
(343/2 53 56 1/2 1)
(172 52 55 1/2 1)
(172 86 75 1/2 1)
(345/2 52 55 1/2 1)
(345/2 84 74 1/2 1)
(173 52 55 1/2 1)
(173 83 73 1/2 1)
(347/2 52 55 1/2 1)
(347/2 81 72 1/2 1)
(174 80 71 1/2 1)
(174 52 55 1/2 1)
(349/2 77 70 1/2 1)
(349/2 52 55 1/2 1)
(175 52 55 1/2 1)
(175 76 69 1/2 1)
(351/2 74 68 1/2 1)
(351/2 52 55 1/2 1)
(176 57 58 2 1)
(176 72 67 1 1)
(178 59 59 2 1)
(357/2 71 66 1/2 1)
(179 74 68 1/2 1)
(359/2 72 67 1/4 1)
(719/4 71 66 1/4 1)
(180 72 67 1/2 1)
(361/2 45 51 1/2 1)
(361/2 76 69 1/2 1)
(181 81 72 3/2 1)
(181 48 53 1/2 1)
(363/2 47 52 1/4 1)
(727/4 45 51 1/4 1)
(182 52 55 1/2 1)
(365/2 52 55 1/2 1)
(365/2 80 71 1/2 1)
(183 56 57 1/2 1)
(183 83 73 3/2 1)
(367/2 54 56 1/4 1)
(735/4 52 55 1/4 1)
(184 57 58 7/2 1)
(369/2 81 72 1/2 1)
(185 84 74 1/2 1)
(371/2 83 73 1/2 1)
(186 81 72 1/2 1)
(373/2 79 71 1/2 1)
(187 78 70 1/2 1)
(375/2 58 59 1/2 1)
(375/2 76 69 1/2 1)
(188 59 59 1 1)
(188 75 68 1 1)
(189 47 52 7 1)
(189 83 73 2 1)
(191 81 72 2 1)
(193 79 71 2 1)
(195 78 70 2 1)
(196 47 52 1/2 1)
(393/2 59 59 1/2 1)
(197 60 60 1/2 1)
(197 76 69 2 1)
(395/2 59 59 1/4 1)
(791/4 60 60 1/4 1)
(198 57 58 1/2 1)
(397/2 56 57 1/4 1)
(795/4 57 58 1/4 1)
(199 74 68 2 1)
(199 59 59 1/2 1)
(399/2 57 58 1/4 1)
(799/4 59 59 1/4 1)
(200 56 57 1/2 1)
(401/2 54 56 1/4 1)
(803/4 56 57 1/4 1)
(201 57 58 1/2 1)
(201 72 67 2 1)
(403/2 56 57 1/4 1)
(807/4 57 58 1/4 1)
(202 54 56 1/2 1)
(405/2 52 55 1/4 1)
(811/4 54 56 1/4 1)
(203 71 66 1 1)
(203 55 57 1/2 1)
(407/2 54 56 1/4 1)
(815/4 55 57 1/4 1)
(204 71 66 1/4 1)
(204 48 53 3/2 1)
(817/4 69 65 1/4 1)
(409/2 76 69 1/4 1)
(819/4 74 68 1/4 1)
(205 72 67 1/4 1)
(821/4 71 66 1/4 1)
(411/2 49 53 1/2 1)
(411/2 69 65 1/4 1)
(823/4 67 64 1/4 1)
(206 50 54 3/4 1)
(206 66 63 1/4 1)
(825/4 64 62 1/4 1)
(413/2 62 61 1/4 1)
(827/4 64 62 1/4 1)
(827/4 52 55 1/4 1)
(207 50 54 1/4 1)
(207 62 61 1/4 1)
(829/4 48 53 1/4 1)
(829/4 60 60 1/4 1)
(415/2 47 52 1/4 1)
(415/2 59 59 1/4 1)
(831/4 45 51 1/4 1)
(831/4 57 58 1/4 1)
(208 43 50 1 1)
(208 67 64 2 1)
(210 43 50 1 1)
(210 71 66 1/2 1)
(421/2 69 65 1/4 1)
(843/4 67 64 1/4 1)
(211 67 64 1/2 1)
(423/2 67 64 1/2 1)
(212 76 69 1/2 1)
(212 43 50 1 1)
(425/2 75 68 1/4 1)
(851/4 76 69 1/4 1)
(213 76 69 1/2 1)
(214 78 70 1/4 1)
(214 43 50 1 1)
(857/4 79 71 1/4 1)
(429/2 78 70 1/4 1)
(859/4 79 71 1/4 1)
(215 78 70 1/4 1)
(861/4 79 71 1/4 1)
(216 76 69 1/4 1)
(216 43 50 1 1)
(865/4 74 68 1/4 1)
(433/2 73 67 1/4 1)
(867/4 74 68 1/4 1)
(217 73 67 1/4 1)
(869/4 74 68 1/4 1)
(435/2 52 55 1/2 1)
(218 50 54 1/2 1)
(437/2 48 53 1/2 1)
(219 47 52 1/2 1)
(439/2 45 51 1/2 1)
(220 43 50 1 1)
(220 62 61 1 1)
(221 62 61 1/2 1)
(443/2 64 62 1/2 1)
(222 62 61 1/2 1)
(445/2 64 62 1/2 1)
(223 62 61 1/2 1)
(447/2 50 54 1/2 1)
(447/2 66 63 1/2 1)
(224 43 50 1 1)
(224 67 64 1/2 1)
(449/2 62 61 1/2 1)
(225 62 61 1/2 1)
(451/2 64 62 1/2 1)
(226 62 61 1/2 1)
(453/2 64 62 1/2 1)
(227 62 61 1/2 1)
(455/2 66 63 1/2 1)
(455/2 50 54 1/2 1)
(228 67 64 2 1)
(228 43 50 1/2 1)
(457/2 47 52 1/2 1)
(229 47 52 1/2 1)
(459/2 47 52 1/2 1)
(230 67 64 1/2 1)
(230 47 52 1/2 1)
(461/2 47 52 1/2 1)
(461/2 65 63 1/2 1)
(231 64 62 1/2 1)
(231 47 52 1/2 1)
(463/2 63 61 1/2 1)
(463/2 47 52 1/2 1)
(232 48 53 1/2 1)
(232 63 61 1 1)
(465/2 48 53 1/2 1)
(233 64 62 5/4 1)
(233 48 53 1/2 1)
(467/2 48 53 1/2 1)
(234 48 53 1/2 1)
(937/4 66 63 1/4 1)
(469/2 67 64 1/4 1)
(469/2 48 53 1/2 1)
(939/4 66 63 1/4 1)
(235 67 64 1/2 1)
(235 48 53 1/2 1)
(471/2 66 63 1/4 1)
(471/2 48 53 1/2 1)
(943/4 64 62 1/4 1)
(236 47 52 1/2 1)
(236 64 62 1/2 1)
(473/2 62 61 1/2 1)
(473/2 47 52 1/2 1)
(237 47 52 1/2 1)
(237 62 61 1 1)
(475/2 47 52 1/2 1)
(238 67 64 1/2 1)
(238 47 52 1/2 1)
(477/2 47 52 1/2 1)
(477/2 65 63 1/2 1)
(239 47 52 1/2 1)
(239 64 62 1/2 1)
(479/2 47 52 1/2 1)
(479/2 63 61 1/2 1)
(240 48 53 3/2 1)
(240 64 62 3/2 1)
(483/2 49 53 1/2 1)
(483/2 65 63 1/2 1)
(242 66 63 3/2 1)
(242 50 54 3/2 1)
(487/2 69 65 1/4 1)
(487/2 51 54 1/2 1)
(975/4 66 63 1/4 1)
(244 67 64 3/2 1)
(244 52 55 3/2 1)
(491/2 52 55 1/2 1)
(491/2 68 64 1/2 1)
(246 69 65 3/2 1)
(246 54 56 3/2 1)
(495/2 54 56 1/2 1)
(495/2 70 66 1/2 1)
(248 55 57 1 1)
(248 71 66 1/2 1)
(497/2 74 68 1/4 1)
(995/4 71 66 1/4 1)
(249 72 67 1/2 1)
(249 57 58 1 1)
(499/2 76 69 1/4 1)
(999/4 72 67 1/4 1)
(250 59 59 1 1)
(250 74 68 1/2 1)
(501/2 79 71 1/2 1)
(251 47 52 1 1)
(251 77 70 1/2 1)
(503/2 75 68 1/2 1)
(252 48 53 1 1)
(252 76 69 3/2 1)
(253 60 60 3/2 1)
(507/2 78 70 1/4 1)
(1015/4 75 68 1/4 1)
(254 76 69 1/2 1)
(509/2 62 61 1/2 1)
(509/2 71 66 1/4 1)
(1019/4 68 64 1/4 1)
(255 69 65 1/2 1)
(255 60 60 1/2 1)
(511/2 62 61 1/2 1)
(511/2 83 73 1/4 1)
(1023/4 80 71 1/4 1)
(256 60 60 1/2 1)
(256 81 72 1 1)
(513/2 62 61 1/2 1)
(257 60 60 1 1)
(258 74 68 3/2 1)
(259 55 57 3/2 1)
(519/2 76 69 1/4 1)
(1039/4 73 67 1/4 1)
(260 74 68 1/2 1)
(521/2 69 65 1/4 1)
(521/2 57 58 1/2 1)
(1043/4 66 63 1/4 1)
(261 67 64 1/2 1)
(261 59 59 1/2 1)
(523/2 81 72 1/4 1)
(523/2 57 58 1/2 1)
(1047/4 78 70 1/4 1)
(262 79 71 1 1)
(262 59 59 1/2 1)
(525/2 57 58 1/2 1)
(263 59 59 1/2 1)
(264 84 74 2 1)
(264 57 58 1/2 1)
(529/2 57 58 1/2 1)
(265 57 58 1/2 1)
(531/2 57 58 1/2 1)
(266 63 61 3/2 1)
(266 55 57 1/2 1)
(533/2 55 57 1/2 1)
(267 55 57 1/2 1)
(535/2 62 61 1/4 1)
(535/2 55 57 1/2 1)
(1071/4 63 61 1/4 1)
(268 54 56 1/2 1)
(268 62 61 3/2 1)
(537/2 54 56 1/2 1)
(269 54 56 1/2 1)
(539/2 63 61 1/2 1)
(539/2 55 57 1/2 1)
(270 62 61 1/2 1)
(270 54 56 1/2 1)
(541/2 63 61 1/2 1)
(541/2 55 57 1/2 1)
(271 54 56 1/2 1)
(271 62 61 1/2 1)
(543/2 63 61 1/2 1)
(543/2 55 57 1/2 1)
(272 54 56 1 1)
(272 62 61 1 1)
(273 81 72 3/2 1)
(274 42 49 2 1)
(549/2 78 70 1/2 1)
(275 74 68 1/2 1)
(551/2 72 67 1/2 1)
(276 43 50 1 1)
(276 71 66 1/2 1)
(553/2 79 71 1/2 1)
(277 78 70 1/2 1)
(555/2 76 69 1/2 1)
(278 74 68 1/2 1)
(557/2 72 67 1/2 1)
(279 71 66 1/2 1)
(559/2 69 65 1/2 1)
(280 67 64 2 1)
(280 47 52 1/2 1)
(561/2 47 52 1/2 1)
(281 47 52 1/2 1)
(563/2 47 52 1/2 1)
(282 47 52 1/2 1)
(282 67 64 1/2 1)
(565/2 47 52 1/2 1)
(565/2 65 63 1/2 1)
(283 47 52 1/2 1)
(283 64 62 1/2 1)
(567/2 63 61 1/2 1)
(567/2 47 52 1/2 1)
(284 48 53 1/2 1)
(284 63 61 1 1)
(569/2 48 53 1/2 1)
(285 64 62 7/4 1)
(285 48 53 1/2 1)
(571/2 48 53 1/2 1)
(286 48 53 1/2 1)
(573/2 48 53 1/2 1)
(1147/4 66 63 3/4 1)
(287 48 53 1/2 1)
(575/2 64 62 1/4 1)
(575/2 48 53 1/2 1)
(1151/4 66 63 1/4 1)
(288 47 52 1/2 1)
(288 67 64 1 1)
(577/2 47 52 1/2 1)
(289 67 64 5/4 1)
(289 47 52 1/2 1)
(579/2 47 52 1/2 1)
(290 47 52 1/2 1)
(1161/4 69 65 1/4 1)
(581/2 65 63 1/4 1)
(581/2 47 52 1/2 1)
(1163/4 67 64 1/4 1)
(291 47 52 1/2 1)
(291 64 62 1/4 1)
(1165/4 65 63 1/4 1)
(583/2 62 61 1/4 1)
(583/2 47 52 1/2 1)
(1167/4 64 62 1/4 1)
(292 48 53 1/2 1)
(292 63 61 1 1)
(585/2 48 53 1/2 1)
(293 48 53 1/2 1)
(293 64 62 7/4 1)
(587/2 48 53 1/2 1)
(294 48 53 1/2 1)
(589/2 48 53 1/2 1)
(1179/4 66 63 3/4 1)
(295 48 53 1/2 1)
(591/2 48 53 1/2 1)
(591/2 64 62 1/4 1)
(1183/4 66 63 1/4 1)
(296 47 52 1/2 1)
(296 67 64 2 1)
(593/2 47 52 1/2 1)
(297 47 52 1/2 1)
(595/2 47 52 1/2 1)
(298 68 64 2 1)
(298 47 52 1/2 1)
(597/2 47 52 1/2 1)
(299 47 52 1/2 1)
(599/2 47 52 1/2 1)
(300 48 53 1/2 1)
(300 69 65 1/2 1)
(601/2 60 60 1/8 1)
(2405/8 64 62 1/8 1)
(1203/4 69 65 1/8 1)
(2407/8 72 67 1/8 1)
(301 48 53 1/2 1)
(301 76 69 1/2 1)
(603/2 60 60 1/8 1)
(2413/8 64 62 1/8 1)
(1207/4 69 65 1/8 1)
(2415/8 72 67 1/8 1)
(302 48 53 1/2 1)
(302 76 69 1/2 1)
(605/2 60 60 1/8 1)
(2421/8 64 62 1/8 1)
(1211/4 69 65 1/8 1)
(2423/8 72 67 1/8 1)
(303 76 69 1/2 1)
(607/2 61 60 1/2 1)
(607/2 49 53 1/2 1)
(304 62 61 2 1)
(304 50 54 1/2 1)
(609/2 50 54 1/2 1)
(305 50 54 1/2 1)
(611/2 50 54 1/2 1)
(306 50 54 1/2 1)
(306 69 65 2 1)
(613/2 50 54 1/2 1)
(307 50 54 1/2 1)
(615/2 50 54 1/2 1)
(308 67 64 1/2 1)
(308 43 50 1 1)
(617/2 83 73 16666667/100000000 1)
(15433333/50000 81 72 16666667/100000000 1)
(15441667/50000 79 71 16666667/100000000 1)
(309 78 70 16666667/100000000 1)
(15458333/50000 76 69 16666667/100000000 1)
(15466667/50000 74 68 16666667/100000000 1)
(619/2 72 67 16666667/100000000 1)
(15483333/50000 71 66 16666667/100000000 1)
(15491667/50000 69 65 16666667/100000000 1)
(310 43 50 5 1)
(310 67 64 3/2 1)
(623/2 65 63 1/2 1)
(312 64 62 1/2 1)
(625/2 67 64 1/2 1)
(313 66 63 1/2 1)
(627/2 69 65 1/2 1)
(314 67 64 1/2 1)
(629/2 83 73 16666667/100000000 1)
(15733333/50000 81 72 16666667/100000000 1)
(15741667/50000 79 71 16666667/100000000 1)
(315 78 70 16666667/100000000 1)
(15758333/50000 76 69 16666667/100000000 1)
(15766667/50000 74 68 16666667/100000000 1)
(631/2 72 67 16666667/100000000 1)
(15783333/50000 71 66 16666667/100000000 1)
(15791667/50000 69 65 16666667/100000000 1)
(316 67 64 3/2 1)
(316 43 50 5 1)
(635/2 65 63 1/2 1)
(318 64 62 1/2 1)
(637/2 67 64 1/2 1)
(319 66 63 1/2 1)
(639/2 69 65 1/2 1)
(320 67 64 3/4 1)
(1283/4 55 57 1/4 1)
(321 67 64 1/4 1)
(1285/4 55 57 1/4 1)
(643/2 67 64 1/4 1)
(1287/4 55 57 1/4 1)
(322 43 50 1 1)
(322 67 64 1 1)
