(0 50 54 1 1)
(1 45 51 1 1)
(2 42 49 1 1)
(3 69 65 1 1)
(3 38 47 1 1)
(4 74 68 1 1)
(5 78 70 1 1)
(6 62 61 1 1)
(6 81 72 3/2 1)
(7 62 61 1 1)
(15/2 78 70 1/4 1)
(31/4 74 68 1/4 1)
(8 69 65 1/2 1)
(8 62 61 1 1)
(9 61 60 1 1)
(9 81 72 3/2 1)
(10 61 60 1 1)
(21/2 79 71 1/4 1)
(43/4 76 69 1/4 1)
(11 61 60 1 1)
(11 69 65 1/2 1)
(12 62 61 1 1)
(12 78 70 1 1)
(13 55 57 1 1)
(13 79 71 1 1)
(14 76 69 1 1)
(14 57 58 1 1)
(15 74 68 1 1)
(16 78 70 1 1)
(17 81 72 1 1)
(18 54 56 1 1)
(18 86 75 3/2 1)
(19 54 56 1 1)
(39/2 81 72 1/4 1)
(79/4 78 70 1/4 1)
(20 54 56 1 1)
(20 74 68 1/2 1)
(21 86 75 3/2 1)
(21 55 57 1 1)
(22 55 57 1 1)
(45/2 83 73 1/4 1)
(91/4 79 71 1/4 1)
(23 74 68 1/2 1)
(23 55 57 1 1)
(24 78 70 1 1)
(24 57 58 3 1)
(25 79 71 1 1)
(26 76 69 1 1)
(27 74 68 3/2 1)
(27 62 61 3/2 1)
(57/2 69 65 1/4 1)
(57/2 57 58 1/4 1)
(115/4 54 56 1/4 1)
(115/4 66 63 1/4 1)
(29 62 61 1/2 1)
(29 50 54 1/2 1)
(30 71 66 1 1)
(31 74 68 1 1)
(32 68 64 1 1)
(33 69 65 3/2 1)
(69/2 73 67 1/4 1)
(139/4 76 69 1/4 1)
(35 81 72 1/2 1)
(36 59 59 1 1)
(37 62 61 1 1)
(38 65 63 1 1)
(38 56 57 1 1)
(39 57 58 3/2 1)
(39 64 62 1 1)
(40 69 65 1 1)
(81/2 52 55 1/4 1)
(163/4 49 53 1/4 1)
(41 45 51 1/2 1)
(41 66 63 1 1)
(42 55 57 3/2 1)
(42 62 61 1 1)
(43 67 64 1 1)
(87/2 50 54 1/4 1)
(175/4 47 52 1/4 1)
(44 64 62 1 1)
(44 43 50 1/2 1)
(45 61 60 1 1)
(45 55 57 1 1)
(46 62 61 1 1)
(46 54 56 1 1)
(47 64 62 1 1)
(47 49 53 1 1)
(48 67 64 1 1)
(48 50 54 3/2 1)
(49 66 63 1 1)
(99/2 45 51 1/4 1)
(199/4 42 49 1/4 1)
(50 38 47 1/2 1)
(50 69 65 2 1)
(51 43 50 1/2 1)
(103/2 47 52 1/4 1)
(207/4 50 54 1/4 1)
(52 55 57 1 1)
(52 67 64 1 1)
(53 56 57 1 1)
(53 66 63 1 1)
(54 64 62 1 1)
(54 57 58 2 1)
(55 66 63 1 1)
(56 67 64 1 1)
(57 50 54 1 1)
(57 69 65 1 1)
(58 74 68 1 1)
(59 78 70 1 1)
(60 50 54 1 1)
(60 81 72 3/2 1)
(123/2 78 70 1/4 1)
(247/4 74 68 1/4 1)
(62 69 65 1/2 1)
(63 81 72 3/2 1)
(63 49 53 1 1)
(129/2 79 71 1/4 1)
(259/4 76 69 1/4 1)
(65 69 65 1/2 1)
(66 50 54 1 1)
(66 78 70 1 1)
(67 43 50 1 1)
(67 79 71 1 1)
(68 76 69 1 1)
(68 45 51 1 1)
(69 74 68 1 1)
(70 78 70 1 1)
(71 81 72 1 1)
(72 42 49 1 1)
(72 86 75 3/2 1)
(147/2 81 72 1/4 1)
(295/4 78 70 1/4 1)
(74 74 68 1/2 1)
(75 43 50 1 1)
(75 86 75 3/2 1)
(153/2 83 73 1/4 1)
(307/4 79 71 1/4 1)
(77 74 68 1/2 1)
(78 78 70 1 1)
(78 45 51 3 1)
(79 79 71 1 1)
(80 76 69 1 1)
(81 74 68 3/2 1)
(81 50 54 3/2 1)
(165/2 45 51 1/4 1)
(165/2 69 65 1/4 1)
(331/4 66 63 1/4 1)
(331/4 42 49 1/4 1)
(83 38 47 1/2 1)
(83 62 61 1/2 1)
(84 66 63 3 1)
(87 67 64 3 1)
(90 64 62 3 1)
(93 69 65 3 1)
(96 64 62 3 1)
(97 74 68 1 1)
(98 73 67 1 1)
(99 62 61 3 1)
(100 76 69 1 1)
(101 74 68 1 1)
(102 59 59 3 1)
(103 78 70 1 1)
(104 76 69 1 1)
(105 57 58 3 1)
(106 83 73 1 1)
(107 81 72 1 1)
(108 79 71 3 1)
(111 78 70 3 1)
(112 58 58 1 1)
(113 59 59 1 1)
(114 77 70 3 1)
(117 76 69 3 1)
(118 56 57 1 1)
(119 57 58 1 1)
(120 74 68 3 1)
(123 76 69 3 1)
(126 73 67 3 1)
(127 44 50 1 1)
(128 45 51 1 1)
(129 74 68 3 1)
(130 37 46 1 1)
(131 38 47 1 1)
(133 61 60 1 1)
(134 62 61 1 1)
(136 85 74 1 1)
(137 86 75 1 1)
(139 56 57 1 1)
(140 57 58 1 1)
(142 85 74 1 1)
(143 86 75 1 1)
