(0 77 70 1 1)
(0 46 52 1 1)
(1 74 68 1/2 1)
(3/2 70 66 1/2 1)
(2 65 63 1/2 1)
(2 46 52 1 1)
(5/2 70 66 1/2 1)
(3 70 66 1/2 1)
(7/2 70 66 1/2 1)
(4 53 56 1 1)
(4 72 67 1/2 1)
(9/2 72 67 1/2 1)
(5 72 67 1/2 1)
(11/2 72 67 1/2 1)
(6 46 52 1 1)
(6 74 68 1/4 1)
(25/4 75 69 1/4 1)
(13/2 74 68 1/4 1)
(27/4 72 67 1/4 1)
(7 70 66 1/4 1)
(29/4 72 67 1/4 1)
(15/2 74 68 1/4 1)
(31/4 75 69 1/4 1)
(8 46 52 1 1)
(8 77 70 1 1)
(9 74 68 1/2 1)
(19/2 70 66 1/2 1)
(10 58 59 1 1)
(10 65 63 1/2 1)
(21/2 70 66 1/2 1)
(11 70 66 1/2 1)
(23/2 70 66 1/2 1)
(12 53 56 1 1)
(12 72 67 1/2 1)
(25/2 72 67 1/2 1)
(13 72 67 1/4 1)
(53/4 75 69 1/4 1)
(27/2 74 68 1/4 1)
(55/4 72 67 1/4 1)
(14 70 66 1 1)
(14 46 52 1 1)
(33/2 46 52 1/2 1)
(17 50 54 1/2 1)
(35/2 53 56 1/2 1)
(18 58 59 1 1)
(37/2 82 73 1/2 1)
(19 82 73 1/2 1)
(19 55 57 1 1)
(39/2 82 73 1/2 1)
(20 82 73 1/4 1)
(20 53 56 2 1)
(81/4 84 74 1/4 1)
(41/2 82 73 1/4 1)
(83/4 84 74 1/4 1)
(21 81 72 1/2 1)
(43/2 77 70 1/2 1)
(22 86 75 1 1)
(22 46 52 1 1)
(49/2 46 52 1/2 1)
(25 50 54 1/2 1)
(51/2 53 56 1/2 1)
(26 58 59 1 1)
(53/2 82 73 1/2 1)
(27 55 57 1 1)
(27 82 73 1/2 1)
(55/2 82 73 1/2 1)
(28 53 56 2 1)
(28 82 73 1/4 1)
(113/4 84 74 1/4 1)
(57/2 82 73 1/4 1)
(115/4 84 74 1/4 1)
(29 81 72 1/2 1)
(59/2 77 70 1/2 1)
(30 46 52 1 1)
(30 82 73 1 1)
(32 72 67 1/2 1)
(65/2 72 67 1/2 1)
(33 72 67 1/4 1)
(133/4 75 69 1/4 1)
(67/2 74 68 1/4 1)
(135/4 72 67 1/4 1)
(34 70 66 1 1)
(34 65 63 1 1)
(35 62 61 1/2 1)
(71/2 58 59 1/2 1)
(36 76 69 1/2 1)
(36 55 57 2 1)
(73/2 76 69 1/2 1)
(37 76 69 1/4 1)
(149/4 79 71 1/4 1)
(75/2 77 70 1/4 1)
(151/4 76 69 1/4 1)
(38 53 56 1 1)
(38 77 70 1 1)
(40 79 71 1/2 1)
(81/2 79 71 1/2 1)
(41 79 71 1/4 1)
(165/4 82 73 1/4 1)
(83/2 81 72 1/4 1)
(167/4 79 71 1/4 1)
(42 81 72 1 1)
(44 83 73 1/2 1)
(89/2 83 73 1/2 1)
(45 83 73 1/4 1)
(181/4 86 75 1/4 1)
(91/2 84 74 1/4 1)
(183/4 83 73 1/4 1)
(46 84 74 1 1)
(46 48 53 1 1)
(47 43 50 1/2 1)
(95/2 40 48 1/2 1)
(48 37 47 2 1)
(48 82 73 1 1)
(49 84 74 1/2 1)
(99/2 85 75 1/2 1)
(50 77 70 1 1)
(50 36 46 2 1)
(51 76 69 1 1)
(52 82 73 1/2 1)
(52 37 47 2 1)
(105/2 82 73 1/2 1)
(53 84 74 1/2 1)
(107/2 85 75 1/2 1)
(54 36 46 2 1)
(54 77 70 1 1)
(55 76 69 1 1)
(56 37 47 2 1)
(56 82 73 1/4 1)
(225/4 84 74 1/4 1)
(113/2 85 75 1/4 1)
(227/4 84 74 1/4 1)
(57 82 73 1/4 1)
(229/4 80 72 1/4 1)
(115/2 79 71 1/4 1)
(231/4 77 70 1/4 1)
(58 77 70 2 1)
(58 36 46 2 1)
(60 36 46 2 1)
(60 76 69 1/4 1)
(241/4 77 70 1/4 1)
(121/2 76 69 1/4 1)
(243/4 77 70 1/4 1)
(61 79 71 1/4 1)
(245/4 81 72 1/4 1)
(123/2 79 71 1/4 1)
(247/4 81 72 1/4 1)
(62 48 53 1/2 1)
(62 82 73 1/2 1)
(125/2 82 73 1/4 1)
(125/2 48 53 1 1)
(251/4 81 72 1/4 1)
(63 79 71 1/2 1)
(127/2 48 53 1 1)
(127/2 79 71 1/4 1)
(255/4 77 70 1/4 1)
(64 76 69 1/2 1)
(129/2 79 71 1/4 1)
(129/2 48 53 1 1)
(259/4 77 70 1/4 1)
(65 76 69 1/4 1)
(261/4 74 68 1/4 1)
(131/2 72 67 1/4 1)
(131/2 48 53 1/2 1)
(263/4 70 66 1/4 1)
(66 69 65 1 1)
(66 53 56 1/2 1)
(133/2 45 51 1/2 1)
(67 53 56 1/2 1)
(135/2 57 58 1/2 1)
(68 74 68 1 1)
(137/2 46 52 1/2 1)
(69 70 66 1/2 1)
(69 55 57 1/2 1)
(139/2 58 59 1/2 1)
(139/2 67 64 1/2 1)
(70 64 62 1 1)
(141/2 48 53 1/2 1)
(71 57 58 1/2 1)
(143/2 60 60 1/2 1)
(72 77 70 1 1)
(145/2 50 54 1/2 1)
(73 58 59 1/2 1)
(73 74 68 1/2 1)
(147/2 70 66 1/2 1)
(147/2 62 61 1/2 1)
(74 79 71 1 1)
(149/2 52 55 1/2 1)
(75 60 60 1/2 1)
(75 76 69 1/2 1)
(151/2 64 62 1/2 1)
(151/2 70 66 1/2 1)
(76 69 65 1/4 1)
(76 65 63 1 1)
(305/4 72 67 1/4 1)
(153/2 71 66 1/4 1)
(307/4 72 67 1/4 1)
(77 77 70 1/4 1)
(309/4 72 67 1/4 1)
(155/2 71 66 1/4 1)
(311/4 72 67 1/4 1)
(78 53 56 1 1)
(78 72 67 1/4 1)
(313/4 77 70 1/4 1)
(157/2 76 69 1/4 1)
(315/4 77 70 1/4 1)
(79 81 72 1/4 1)
(317/4 77 70 1/4 1)
(159/2 76 69 1/4 1)
(319/4 77 70 1/4 1)
(80 77 70 1/4 1)
(80 53 56 1 1)
(321/4 81 72 1/4 1)
(161/2 80 72 1/4 1)
(323/4 81 72 1/4 1)
(81 84 74 1/4 1)
(325/4 81 72 1/4 1)
(163/2 80 72 1/4 1)
(327/4 81 72 1/4 1)
(82 53 56 1 1)
(82 84 74 1/4 1)
(329/4 81 72 1/4 1)
(165/2 80 72 1/4 1)
(331/4 81 72 1/4 1)
(83 84 74 1/4 1)
(333/4 81 72 1/4 1)
(167/2 80 72 1/4 1)
(335/4 81 72 1/4 1)
(84 53 56 1 1)
(84 84 74 1 1)
(171/2 81 72 1/4 1)
(343/4 82 73 1/4 1)
(86 84 74 1/2 1)
(173/2 81 72 1/2 1)
(87 84 74 1/2 1)
(175/2 81 72 1/2 1)
(88 84 74 1 1)
(90 62 61 1/4 1)
(361/4 69 65 1/4 1)
(181/2 70 66 1/4 1)
(181/2 86 75 1/2 1)
(363/4 69 65 1/4 1)
(91 74 68 1/4 1)
(91 86 75 1/2 1)
(365/4 69 65 1/4 1)
(183/2 70 66 1/4 1)
(183/2 86 75 1/2 1)
(367/4 69 65 1/4 1)
(92 86 75 1 1)
(92 62 61 1/4 1)
(369/4 70 66 1/4 1)
(185/2 72 67 1/4 1)
(371/4 70 66 1/4 1)
(93 74 68 1/4 1)
(93 82 73 1/2 1)
(373/4 70 66 1/4 1)
(187/2 79 71 1/2 1)
(187/2 72 67 1/4 1)
(375/4 70 66 1/4 1)
(94 60 60 1/4 1)
(377/4 67 64 1/4 1)
(189/2 69 65 1/4 1)
(189/2 84 74 1/2 1)
(379/4 67 64 1/4 1)
(95 84 74 1/2 1)
(95 72 67 1/4 1)
(381/4 67 64 1/4 1)
(191/2 69 65 1/4 1)
(191/2 84 74 1/2 1)
(383/4 67 64 1/4 1)
(96 84 74 1 1)
(96 60 60 1/4 1)
(385/4 69 65 1/4 1)
(193/2 70 66 1/4 1)
(387/4 69 65 1/4 1)
(97 81 72 1/2 1)
(97 72 67 1/4 1)
(389/4 69 65 1/4 1)
(195/2 77 70 1/2 1)
(195/2 70 66 1/4 1)
(391/4 69 65 1/4 1)
(98 62 61 2 1)
(197/2 89 77 1/2 1)
(99 89 77 1/2 1)
(199/2 89 77 1/2 1)
(100 50 54 2 1)
(100 89 77 1/2 1)
(201/2 86 75 1/2 1)
(101 83 73 1/2 1)
(203/2 77 70 1/2 1)
(102 48 53 2 1)
(102 76 69 1/4 1)
(409/4 72 67 1/4 1)
(205/2 71 66 1/4 1)
(411/4 72 67 1/4 1)
(103 79 71 1/4 1)
(413/4 72 67 1/4 1)
(207/2 71 66 1/4 1)
(415/4 72 67 1/4 1)
(104 82 73 1/4 1)
(104 48 53 2 1)
(417/4 81 72 1/4 1)
(209/2 79 71 1/4 1)
(419/4 77 70 1/4 1)
(105 76 69 1/4 1)
(421/4 74 68 1/4 1)
(211/2 72 67 1/4 1)
(423/4 70 66 1/4 1)
(106 69 65 1/2 1)
(106 53 56 1 1)
(213/2 72 67 1/2 1)
(107 74 68 1/2 1)
(215/2 76 69 1/2 1)
(108 77 70 1/2 1)
(217/2 79 71 1/2 1)
(109 81 72 1/2 1)
(219/2 82 73 1/2 1)
(110 84 74 1/2 1)
(221/2 81 72 1/2 1)
(111 82 73 1/2 1)
(223/2 84 74 1/2 1)
(112 86 75 1/2 1)
(225/2 88 76 1/2 1)
(113 89 77 1/2 1)
(227/2 91 78 1/2 1)
(114 93 79 2 1)
(116 47 52 2 1)
(116 59 59 2 1)
(118 60 60 1/2 1)
(118 48 53 1/2 1)
(237/2 48 53 1/2 1)
(237/2 65 63 1/2 1)
(119 69 65 1/2 1)
(119 48 53 1/2 1)
(239/2 48 53 1/2 1)
(239/2 72 67 1/2 1)
(120 77 70 1/2 1)
(120 48 53 1/2 1)
(241/2 48 53 1/2 1)
(241/2 81 72 1/2 1)
(121 84 74 1/2 1)
(121 48 53 1/2 1)
(243/2 48 53 1/2 1)
(243/2 89 77 1/2 1)
(122 48 53 1/2 1)
(122 79 71 4 1)
(245/2 48 53 1/2 1)
(123 48 53 1/2 1)
(247/2 48 53 1/2 1)
(124 48 53 1/2 1)
(249/2 48 53 1/2 1)
(125 48 53 1/2 1)
(251/2 48 53 1/2 1)
(126 77 70 1 1)
(126 49 54 1/2 1)
(253/2 49 54 1/2 1)
(127 49 54 1/2 1)
(127 73 68 1/2 1)
(255/2 70 66 1/2 1)
(255/2 49 54 1/2 1)
(128 48 53 1/2 1)
(128 78 70 1 1)
(257/2 48 53 1/2 1)
(129 75 69 1/2 1)
(129 48 53 1/2 1)
(259/2 48 53 1/2 1)
(259/2 72 67 1/2 1)
(130 49 54 1/2 1)
(130 77 70 1 1)
(261/2 49 54 1/2 1)
(131 49 54 1/2 1)
(131 73 68 1/2 1)
(263/2 49 54 1/2 1)
(263/2 70 66 1/2 1)
(132 46 52 1/2 1)
(132 85 75 1 1)
(265/2 46 52 1/2 1)
(133 46 52 1/2 1)
(133 82 73 1/2 1)
(267/2 79 71 1/2 1)
(267/2 46 52 1/2 1)
(134 45 51 1 1)
(134 84 74 1/2 1)
(269/2 81 72 1/4 1)
(539/4 77 70 1/4 1)
(135 82 73 1/2 1)
(135 46 52 1 1)
(271/2 79 71 1/4 1)
(543/4 74 68 1/4 1)
(136 48 53 1 1)
(136 81 72 1/2 1)
(273/2 77 70 1/4 1)
(547/4 72 67 1/4 1)
(137 48 53 1 1)
(137 79 71 1/2 1)
(275/2 76 69 1/4 1)
(551/4 70 66 1/4 1)
(138 53 56 1 1)
(138 69 65 1 1)
(140 53 56 1 1)
(140 82 73 1 1)
(141 79 71 1/2 1)
(283/2 76 69 1/2 1)
(142 77 70 1 1)
(142 41 49 1 1)
(144 70 66 1 1)
(144 41 49 1 1)
(145 67 64 1/2 1)
(291/2 64 62 1/2 1)
(146 65 63 1 1)
(146 41 49 1 1)
(147 69 65 1 1)
(147 41 49 1 1)
(147 77 70 1 1)
(148 69 65 1 1)
(148 77 70 1 1)
(148 41 49 1 1)
(150 80 72 1 1)
(151 77 70 1/2 1)
(303/2 74 68 1/2 1)
(152 71 66 1 1)
(152 62 61 1 1)
(153 59 59 1/2 1)
(307/2 56 58 1/2 1)
(154 86 75 1 1)
(154 55 57 1 1)
(155 83 73 1/2 1)
(311/2 79 71 1/2 1)
(156 75 69 1 1)
(156 60 60 1 1)
(157 55 57 1/2 1)
(315/2 51 55 1/2 1)
(158 48 53 1 1)
(158 87 76 1 1)
(159 84 74 1/2 1)
(319/2 79 71 1/2 1)
(160 75 69 1 1)
(162 78 70 1 1)
(162 62 61 1 1)
(163 81 72 1/2 1)
(163 57 58 1/2 1)
(327/2 54 56 1/2 1)
(327/2 84 74 1/2 1)
(164 82 73 1 1)
(164 55 57 1 1)
(166 70 66 1 1)
(167 74 68 1/2 1)
(335/2 79 71 1/2 1)
(168 82 73 1 1)
(170 82 73 1 1)
(171 79 71 1/2 1)
(343/2 73 68 1/2 1)
(172 74 68 1 1)
(172 50 54 1 1)
(173 45 51 1/2 1)
(347/2 42 49 1/2 1)
(174 39 48 2 1)
(174 84 74 1 1)
(175 86 75 1/2 1)
(351/2 87 76 1/2 1)
(176 79 71 1 1)
(176 38 47 2 1)
(177 78 70 1 1)
(178 39 48 2 1)
(178 84 74 1/2 1)
(357/2 84 74 1/2 1)
(179 86 75 1/2 1)
(359/2 87 76 1/2 1)
(180 79 71 1 1)
(180 38 47 2 1)
(181 78 70 1 1)
(182 84 74 1/4 1)
(182 63 62 2 1)
(729/4 86 75 1/4 1)
(365/2 87 76 1/4 1)
(731/4 86 75 1/4 1)
(183 84 74 1/4 1)
(733/4 82 73 1/4 1)
(367/2 81 72 1/4 1)
(735/4 79 71 1/4 1)
(184 62 61 5 1)
(184 79 71 2 1)
(186 78 70 2 1)
(188 77 70 10 1)
(190 62 61 1 1)
(191 63 62 1/2 1)
(383/2 65 63 1/2 1)
(192 60 60 1 1)
(193 59 59 1 1)
(194 59 59 1/2 1)
(389/2 59 59 1/2 1)
(195 60 60 1/2 1)
(391/2 62 61 1/2 1)
(196 55 57 8 1)
(198 75 69 1 1)
(199 74 68 1 1)
(200 72 67 5/2 1)
(405/2 72 67 1/2 1)
(203 74 68 1/2 1)
(407/2 75 69 1/2 1)
(204 70 66 1 1)
(204 53 56 10 1)
(205 69 65 1 1)
(206 72 67 1/2 1)
(413/2 72 67 1/2 1)
(207 74 68 1/2 1)
(415/2 75 69 1/2 1)
(208 70 66 1 1)
(209 69 65 1 1)
(210 75 69 1/4 1)
(841/4 77 70 1/4 1)
(421/2 79 71 1/4 1)
(843/4 77 70 1/4 1)
(211 75 69 1/4 1)
(845/4 74 68 1/4 1)
(423/2 72 67 1/4 1)
(847/4 70 66 1/4 1)
(212 70 66 2 1)
(214 53 56 2 1)
(214 74 68 1/8 1)
(1713/8 75 69 1/8 1)
(857/4 74 68 1/8 1)
(1715/8 75 69 1/8 1)
(429/2 74 68 1/8 1)
(1717/8 75 69 1/8 1)
(859/4 74 68 1/8 1)
(1719/8 75 69 1/8 1)
(215 74 68 1/8 1)
(1721/8 75 69 1/8 1)
(861/4 77 70 1/8 1)
(1723/8 75 69 1/8 1)
(431/2 75 69 1/4 1)
(863/4 76 69 1/4 1)
(216 77 70 1 1)
(216 46 52 1 1)
(217 74 68 1/2 1)
(435/2 70 66 1/2 1)
(218 65 63 1/2 1)
(437/2 70 66 1/2 1)
(219 70 66 1/2 1)
(439/2 70 66 1/2 1)
(220 72 67 1/2 1)
(441/2 72 67 1/2 1)
(221 72 67 1/2 1)
(443/2 72 67 1/2 1)
(222 74 68 1 1)
(445/2 58 59 1/2 1)
(223 58 59 1/2 1)
(223 82 73 1 1)
(447/2 58 59 1/2 1)
(224 60 60 1/2 1)
(224 82 73 1 1)
(449/2 60 60 1/2 1)
(225 60 60 1/2 1)
(225 81 72 1 1)
(451/2 60 60 1/2 1)
(226 62 61 1/4 1)
(226 80 72 2 1)
(905/4 63 62 1/4 1)
(453/2 62 61 1/4 1)
(907/4 60 60 1/4 1)
(227 58 59 1/4 1)
(909/4 60 60 1/4 1)
(455/2 62 61 1/4 1)
(911/4 58 59 1/4 1)
(228 79 71 1/2 1)
(228 63 62 1 1)
(457/2 79 71 1/2 1)
(229 79 71 1/2 1)
(459/2 79 71 1/2 1)
(230 80 72 1/2 1)
(461/2 80 72 1/2 1)
(231 80 72 1/2 1)
(463/2 80 72 1/2 1)
(232 82 73 3 1)
(234 44 51 1/4 1)
(937/4 46 52 1/4 1)
(469/2 44 51 1/4 1)
(939/4 43 50 1/4 1)
(235 80 72 1 1)
(235 41 49 1/4 1)
(941/4 43 50 1/4 1)
(471/2 41 49 1/4 1)
(943/4 39 48 1/4 1)
(236 38 47 1/2 1)
(236 80 72 3 1)
(473/2 41 49 1/2 1)
(237 46 52 1/2 1)
(475/2 50 54 1/2 1)
(238 51 55 1 1)
(239 79 71 1 1)
(240 79 71 3 1)
(242 50 54 1/4 1)
(969/4 51 55 1/4 1)
(485/2 53 56 1/4 1)
(971/4 51 55 1/4 1)
(243 77 70 1 1)
(243 50 54 1/4 1)
(973/4 51 55 1/4 1)
(487/2 50 54 1/4 1)
(975/4 48 53 1/4 1)
(244 77 70 1/4 1)
(244 47 52 1/2 1)
(977/4 75 69 1/4 1)
(489/2 50 54 1/2 1)
(489/2 74 68 1/4 1)
(979/4 72 67 1/4 1)
(245 71 66 1/4 1)
(245 55 57 1/2 1)
(981/4 68 65 1/4 1)
(491/2 67 64 1/4 1)
(491/2 59 59 1/2 1)
(983/4 65 63 1/4 1)
(246 60 60 1 1)
(246 63 62 1 1)
(247 68 65 1 1)
(248 66 63 1 1)
(249 67 64 1 1)
(250 36 46 1/2 1)
(501/2 60 60 1/2 1)
(251 60 60 1/2 1)
(503/2 60 60 1/2 1)
(252 62 61 1/2 1)
(505/2 62 61 1/2 1)
(253 62 61 1/2 1)
(507/2 62 61 1/2 1)
(254 64 62 1/4 1)
(1017/4 65 63 1/4 1)
(509/2 64 62 1/4 1)
(1019/4 62 61 1/4 1)
(255 60 60 1/4 1)
(1021/4 62 61 1/4 1)
(511/2 64 62 1/4 1)
(1023/4 60 60 1/4 1)
(256 65 63 1 1)
(256 84 74 1 1)
(257 80 72 1/2 1)
(515/2 77 70 1/2 1)
(258 76 69 1 1)
(260 84 74 1 1)
(261 80 72 1/2 1)
(523/2 77 70 1/2 1)
(262 74 68 1 1)
(264 39 48 1 1)
(264 82 73 1 1)
(265 43 50 1/2 1)
(265 79 71 1/2 1)
(531/2 46 52 1/2 1)
(531/2 75 69 1/2 1)
(266 51 55 1/2 1)
(266 70 66 1/2 1)
(533/2 75 69 1/2 1)
(533/2 55 57 1/4 1)
(1067/4 53 56 1/4 1)
(267 75 69 1/2 1)
(267 51 55 1/4 1)
(1069/4 50 54 1/4 1)
(535/2 75 69 1/2 1)
(535/2 48 53 1/4 1)
(1071/4 46 52 1/4 1)
(268 77 70 1/2 1)
(268 44 51 1/2 1)
(537/2 46 52 1/4 1)
(537/2 77 70 1/2 1)
(1075/4 48 53 1/4 1)
(269 77 70 1/2 1)
(269 46 52 1/4 1)
(1077/4 44 51 1/4 1)
(539/2 77 70 1/2 1)
(539/2 43 50 1/4 1)
(1079/4 41 49 1/4 1)
(270 39 48 1 1)
(270 79 71 1/2 1)
(541/2 79 71 1/2 1)
(271 79 71 1/2 1)
(543/2 79 71 1/2 1)
(272 80 72 1/2 1)
(545/2 80 72 1/2 1)
(273 80 72 1/2 1)
(547/2 80 72 1/2 1)
(274 82 73 1 1)
(274 43 50 1/4 1)
(1097/4 51 55 1/4 1)
(549/2 50 54 1/4 1)
(1099/4 51 55 1/4 1)
(275 79 71 1/2 1)
(275 58 59 1/4 1)
(1101/4 51 55 1/4 1)
(551/2 75 69 1/2 1)
(551/2 50 54 1/4 1)
(1103/4 51 55 1/4 1)
(276 72 67 1 1)
(276 44 51 1/4 1)
(1105/4 51 55 1/4 1)
(553/2 50 54 1/4 1)
(1107/4 51 55 1/4 1)
(277 60 60 1/4 1)
(1109/4 51 55 1/4 1)
(555/2 50 54 1/4 1)
(1111/4 51 55 1/4 1)
(278 45 51 1/4 1)
(278 84 74 1 1)
(1113/4 53 56 1/4 1)
(557/2 52 55 1/4 1)
(1115/4 53 56 1/4 1)
(279 60 60 1/4 1)
(279 81 72 1/2 1)
(1117/4 53 56 1/4 1)
(559/2 77 70 1/2 1)
(559/2 52 55 1/4 1)
(1119/4 53 56 1/4 1)
(280 74 68 1 1)
(280 46 52 1/4 1)
(1121/4 53 56 1/4 1)
(561/2 52 55 1/4 1)
(1123/4 53 56 1/4 1)
(281 62 61 1/4 1)
(1125/4 53 56 1/4 1)
(563/2 52 55 1/4 1)
(1127/4 53 56 1/4 1)
(282 47 52 1/4 1)
(282 86 75 1 1)
(1129/4 55 57 1/4 1)
(565/2 54 56 1/4 1)
(1131/4 55 57 1/4 1)
(283 62 61 1/4 1)
(283 83 73 1/2 1)
(1133/4 55 57 1/4 1)
(567/2 54 56 1/4 1)
(567/2 79 71 1/2 1)
(1135/4 55 57 1/4 1)
(284 48 53 1/4 1)
(284 75 69 1 1)
(1137/4 55 57 1/4 1)
(569/2 54 56 1/4 1)
(1139/4 55 57 1/4 1)
(285 63 62 1/4 1)
(1141/4 55 57 1/4 1)
(571/2 54 56 1/4 1)
(1143/4 55 57 1/4 1)
(286 87 76 1 1)
(286 48 53 1/2 1)
(573/2 48 53 1/2 1)
(287 84 74 1/2 1)
(287 48 53 1/2 1)
(575/2 48 53 1/2 1)
(575/2 80 72 1/2 1)
(288 48 53 1/2 1)
(288 75 69 1/2 1)
(577/2 48 53 1/2 1)
(577/2 84 74 1/2 1)
(289 80 72 1/2 1)
(289 48 53 1/2 1)
(579/2 48 53 1/2 1)
(579/2 79 71 1/2 1)
(290 78 70 1/2 1)
(290 48 53 1/2 1)
(581/2 48 53 1/2 1)
(581/2 87 76 1/2 1)
(291 84 74 1/2 1)
(291 48 53 1/2 1)
(583/2 81 72 1/2 1)
(583/2 48 53 1/2 1)
(292 78 70 1/2 1)
(292 48 53 1/2 1)
(585/2 75 69 1/2 1)
(585/2 48 53 1/2 1)
(293 48 53 1/2 1)
(293 72 67 1/2 1)
(587/2 48 53 1/2 1)
(587/2 69 65 1/2 1)
(294 46 52 1/2 1)
(294 67 64 1/2 1)
(589/2 46 52 1/2 1)
(589/2 86 75 1/2 1)
(295 46 52 1/2 1)
(295 82 73 1/2 1)
(591/2 79 71 1/2 1)
(591/2 46 52 1/2 1)
(296 74 68 1/2 1)
(296 46 52 1/2 1)
(593/2 70 66 1/2 1)
(593/2 46 52 1/2 1)
(297 46 52 1/2 1)
(297 67 64 1/2 1)
(595/2 65 63 1/2 1)
(595/2 46 52 1/2 1)
(298 64 62 1/2 1)
(298 46 52 1/2 1)
(597/2 46 52 1/2 1)
(597/2 85 75 1/2 1)
(299 46 52 1/2 1)
(299 82 73 1/2 1)
(599/2 79 71 1/2 1)
(599/2 46 52 1/2 1)
(300 76 69 1/2 1)
(300 46 52 1/2 1)
(601/2 46 52 1/2 1)
(601/2 73 68 1/2 1)
(301 70 66 1/2 1)
(301 46 52 1/2 1)
(603/2 46 52 1/2 1)
(603/2 67 64 1/2 1)
(302 45 51 1/2 1)
(302 65 63 1/2 1)
(605/2 84 74 1/2 1)
(605/2 45 51 1/2 1)
(303 45 51 1/2 1)
(303 81 72 1/2 1)
(607/2 45 51 1/2 1)
(607/2 77 70 1/2 1)
(304 45 51 1/2 1)
(304 75 69 1/2 1)
(609/2 45 51 1/2 1)
(609/2 84 74 1/2 1)
(305 81 72 1/2 1)
(305 45 51 1/2 1)
(611/2 45 51 1/2 1)
(611/2 75 69 1/2 1)
(306 74 68 1/2 1)
(306 46 52 1/2 1)
(613/2 82 73 1/2 1)
(613/2 46 52 1/2 1)
(307 46 52 1/2 1)
(307 77 70 1/2 1)
(615/2 46 52 1/2 1)
(615/2 74 68 1/2 1)
(308 70 66 1/2 1)
(308 43 50 1/2 1)
(617/2 43 50 1/2 1)
(617/2 82 73 1/2 1)
(309 79 71 1/2 1)
(309 43 50 1/2 1)
(619/2 43 50 1/2 1)
(619/2 76 69 1/2 1)
(310 41 49 1 1)
(310 77 70 1 1)
(311 72 67 1/2 1)
(623/2 69 65 1/2 1)
(312 77 70 1 1)
(313 74 68 1/2 1)
(627/2 70 66 1/2 1)
(314 77 70 1 1)
(314 41 49 1 1)
(315 75 69 1/2 1)
(631/2 72 67 1/2 1)
(316 77 70 1 1)
(317 74 68 1/2 1)
(635/2 70 66 1/2 1)
(318 77 70 1 1)
(318 41 49 1 1)
(319 72 67 1/2 1)
(639/2 69 65 1/2 1)
(320 77 70 1 1)
(321 74 68 1/2 1)
(643/2 70 66 1/2 1)
(322 77 70 3/2 1)
(322 45 51 1 1)
(647/2 77 70 1/2 1)
(324 76 69 1/2 1)
(649/2 77 70 1/2 1)
(325 79 71 1/2 1)
(651/2 77 70 1/2 1)
(326 77 70 1 1)
(326 46 52 1 1)
(327 74 68 1/2 1)
(655/2 70 66 1/2 1)
(328 46 52 1 1)
(328 65 63 1/2 1)
(657/2 70 66 1/2 1)
(329 70 66 1/2 1)
(659/2 70 66 1/2 1)
(330 53 56 1 1)
(330 72 67 1/2 1)
(661/2 72 67 1/2 1)
(331 72 67 1/2 1)
(663/2 72 67 1/2 1)
(332 46 52 1 1)
(332 74 68 1/4 1)
(1329/4 75 69 1/4 1)
(665/2 74 68 1/4 1)
(1331/4 72 67 1/4 1)
(333 70 66 1/4 1)
(1333/4 72 67 1/4 1)
(667/2 74 68 1/4 1)
(1335/4 75 69 1/4 1)
(334 77 70 1 1)
(334 46 52 1 1)
(335 74 68 1/2 1)
(671/2 70 66 1/2 1)
(336 65 63 1/2 1)
(336 58 59 1 1)
(673/2 70 66 1/2 1)
(337 70 66 1/2 1)
(675/2 70 66 1/2 1)
(338 72 67 1/2 1)
(338 53 56 1 1)
(677/2 72 67 1/2 1)
(339 72 67 1/4 1)
(1357/4 75 69 1/4 1)
(679/2 74 68 1/4 1)
(1359/4 72 67 1/4 1)
(340 70 66 1 1)
(340 46 52 1 1)
(685/2 46 52 1/2 1)
(343 50 54 1/2 1)
(687/2 53 56 1/2 1)
(344 58 59 1 1)
(689/2 82 73 1/2 1)
(345 82 73 1/2 1)
(345 55 57 1 1)
(691/2 82 73 1/2 1)
(346 82 73 1/4 1)
(346 53 56 2 1)
(1385/4 84 74 1/4 1)
(693/2 82 73 1/4 1)
(1387/4 84 74 1/4 1)
(347 81 72 1/2 1)
(695/2 77 70 1/2 1)
(348 86 75 1 1)
(348 46 52 1 1)
(701/2 46 52 1/2 1)
(351 50 54 1/2 1)
(703/2 53 56 1/2 1)
(352 58 59 1 1)
(705/2 82 73 1/2 1)
(353 82 73 1/2 1)
(353 55 57 1 1)
(707/2 82 73 1/2 1)
(354 82 73 1/4 1)
(354 53 56 2 1)
(1417/4 84 74 1/4 1)
(709/2 82 73 1/4 1)
(1419/4 84 74 1/4 1)
(355 81 72 1/2 1)
(711/2 77 70 1/2 1)
(356 82 73 1 1)
(356 46 52 1 1)
(358 72 67 1/2 1)
(717/2 72 67 1/2 1)
(359 72 67 1/4 1)
(1437/4 75 69 1/4 1)
(719/2 74 68 1/4 1)
(1439/4 72 67 1/4 1)
(360 70 66 1 1)
(360 65 63 1 1)
(361 62 61 1/2 1)
(723/2 58 59 1/2 1)
(362 76 69 1/2 1)
(362 55 57 2 1)
(725/2 76 69 1/2 1)
(363 76 69 1/4 1)
(1453/4 79 71 1/4 1)
(727/2 77 70 1/4 1)
(1455/4 76 69 1/4 1)
(364 53 56 1 1)
(364 77 70 1 1)
(365 48 53 1/2 1)
(731/2 45 51 1/2 1)
(366 42 49 2 1)
(366 75 69 1 1)
(367 77 70 1/2 1)
(735/2 78 70 1/2 1)
(368 41 49 2 1)
(368 70 66 1 1)
(369 69 65 1 1)
(370 75 69 1/2 1)
(370 42 49 2 1)
(741/2 75 69 1/2 1)
(371 77 70 1/2 1)
(743/2 78 70 1/2 1)
(372 41 49 2 1)
(372 70 66 1 1)
(373 69 65 1 1)
(374 75 69 1/4 1)
(374 42 49 2 1)
(1497/4 77 70 1/4 1)
(749/2 78 70 1/4 1)
(1499/4 77 70 1/4 1)
(375 75 69 1/4 1)
(1501/4 73 68 1/4 1)
(751/2 72 67 1/4 1)
(1503/4 70 66 1/4 1)
(376 70 66 2 1)
(376 41 49 2 1)
(378 69 65 1/4 1)
(378 41 49 5/2 1)
(1513/4 70 66 1/4 1)
(757/2 69 65 1/4 1)
(1515/4 70 66 1/4 1)
(379 72 67 1/4 1)
(1517/4 74 68 1/4 1)
(759/2 72 67 1/4 1)
(1519/4 74 68 1/4 1)
(380 75 69 1/2 1)
(761/2 75 69 1/4 1)
(761/2 41 49 1 1)
(1523/4 74 68 1/4 1)
(381 72 67 1/2 1)
(763/2 41 49 1 1)
(763/2 72 67 1/4 1)
(1527/4 70 66 1/4 1)
(382 69 65 1/2 1)
(765/2 72 67 1/4 1)
(765/2 41 49 1 1)
(1531/4 70 66 1/4 1)
(383 69 65 1/4 1)
(1533/4 67 64 1/4 1)
(767/2 41 49 1/2 1)
(767/2 65 63 1/4 1)
(1535/4 63 62 1/4 1)
(384 62 61 1 1)
(384 46 52 1/2 1)
(769/2 50 54 1/2 1)
(385 58 59 1/2 1)
(771/2 50 54 1/2 1)
(386 79 71 1 1)
(773/2 51 55 1/2 1)
(387 60 60 1/2 1)
(387 75 69 1/2 1)
(775/2 72 67 1/2 1)
(775/2 51 55 1/2 1)
(388 69 65 1 1)
(777/2 53 56 1/2 1)
(389 62 61 1/2 1)
(779/2 53 56 1/2 1)
(390 82 73 1 1)
(781/2 55 57 1/2 1)
(391 79 71 1/2 1)
(391 63 62 1/2 1)
(783/2 55 57 1/2 1)
(783/2 75 69 1/2 1)
(392 84 74 1 1)
(785/2 57 58 1/2 1)
(393 81 72 1/2 1)
(393 65 63 1/2 1)
(787/2 57 58 1/2 1)
(787/2 75 69 1/2 1)
(394 74 68 1/4 1)
(394 58 59 1 1)
(1577/4 77 70 1/4 1)
(789/2 76 69 1/4 1)
(1579/4 77 70 1/4 1)
(395 82 73 1/4 1)
(1581/4 77 70 1/4 1)
(791/2 76 69 1/4 1)
(1583/4 77 70 1/4 1)
(396 77 70 1/4 1)
(396 58 59 1 1)
(1585/4 82 73 1/4 1)
(793/2 81 72 1/4 1)
(1587/4 82 73 1/4 1)
(397 86 75 1/4 1)
(1589/4 82 73 1/4 1)
(795/2 81 72 1/4 1)
(1591/4 82 73 1/4 1)
(398 58 59 1 1)
(398 82 73 1/4 1)
(1593/4 86 75 1/4 1)
(797/2 85 75 1/4 1)
(1595/4 86 75 1/4 1)
(399 89 77 1/4 1)
(1597/4 86 75 1/4 1)
(799/2 85 75 1/4 1)
(1599/4 86 75 1/4 1)
(400 58 59 1 1)
(400 89 77 1/4 1)
(1601/4 86 75 1/4 1)
(801/2 85 75 1/4 1)
(1603/4 86 75 1/4 1)
(401 89 77 1/4 1)
(1605/4 86 75 1/4 1)
(803/2 85 75 1/4 1)
(1607/4 86 75 1/4 1)
(402 58 59 1 1)
(402 89 77 1 1)
(807/2 86 75 1/4 1)
(1615/4 87 76 1/4 1)
(404 89 77 1/2 1)
(809/2 86 75 1/4 1)
(1619/4 87 76 1/4 1)
(405 89 77 1/2 1)
(811/2 86 75 1/4 1)
(1623/4 87 76 1/4 1)
(406 89 77 1 1)
(408 56 58 2 1)
(408 38 47 2 1)
(410 39 48 1/2 1)
(410 55 57 1/2 1)
(821/2 58 59 1/2 1)
(821/2 39 48 1/2 1)
(411 63 62 1/2 1)
(411 39 48 1/2 1)
(823/2 39 48 1/2 1)
(823/2 67 64 1/2 1)
(412 70 66 1/2 1)
(412 39 48 1/2 1)
(825/2 75 69 1/2 1)
(825/2 39 48 1/2 1)
(413 39 48 1/2 1)
(413 79 71 1/2 1)
(827/2 82 73 1/2 1)
(827/2 39 48 1/2 1)
(414 61 61 1/2 1)
(414 40 48 1/2 1)
(829/2 40 48 1/2 1)
(829/2 64 62 1/2 1)
(415 40 48 1/2 1)
(415 67 64 1/2 1)
(831/2 40 48 1/2 1)
(831/2 70 66 1/2 1)
(416 73 68 1/2 1)
(416 40 48 1/2 1)
(833/2 76 69 1/2 1)
(833/2 40 48 1/2 1)
(417 40 48 1/2 1)
(417 79 71 1/2 1)
(835/2 82 73 1/2 1)
(835/2 40 48 1/2 1)
(418 65 63 1/2 1)
(418 41 49 1/2 1)
(837/2 41 49 1/2 1)
(837/2 70 66 1/2 1)
(419 74 68 1/2 1)
(419 41 49 1/2 1)
(839/2 77 70 1/2 1)
(839/2 41 49 1/2 1)
(420 82 73 1/2 1)
(420 41 49 1/2 1)
(841/2 41 49 1/2 1)
(841/2 86 75 1/2 1)
(421 89 77 1/2 1)
(421 41 49 1/2 1)
(843/2 41 49 1/2 1)
(843/2 82 73 1/2 1)
(422 84 74 4 1)
(422 41 49 1/2 1)
(845/2 41 49 1/2 1)
(423 41 49 1/2 1)
(847/2 41 49 1/2 1)
(424 41 49 1/2 1)
(849/2 41 49 1/2 1)
(425 41 49 1/2 1)
(851/2 41 49 1/2 1)
(426 82 73 1 1)
(426 43 50 1/2 1)
(853/2 43 50 1/2 1)
(427 43 50 1/2 1)
(427 79 71 1/2 1)
(855/2 76 69 1/2 1)
(855/2 43 50 1/2 1)
(428 84 74 1 1)
(428 45 51 1/2 1)
(857/2 45 51 1/2 1)
(429 81 72 1/2 1)
(429 45 51 1/2 1)
(859/2 75 69 1/2 1)
(859/2 45 51 1/2 1)
(430 82 73 1/2 1)
(430 46 52 1 1)
(861/2 77 70 1/4 1)
(1723/4 74 68 1/4 1)
(431 51 55 1 1)
(431 79 71 1/2 1)
(863/2 75 69 1/4 1)
(1727/4 72 67 1/4 1)
(432 77 70 1/2 1)
(432 53 56 1 1)
(865/2 74 68 1/4 1)
(1731/4 70 66 1/4 1)
(433 75 69 1/2 1)
(433 41 49 1 1)
(867/2 72 67 1/4 1)
(1735/4 69 65 1/4 1)
(434 70 66 1 1)
(434 46 52 1 1)
(436 46 52 1 1)
(436 75 69 1 1)
(437 72 67 1/2 1)
(875/2 69 65 1/2 1)
(438 70 66 1 1)
(438 46 52 1 1)
(440 75 69 1 1)
(440 46 52 1 1)
(441 72 67 1/2 1)
(883/2 69 65 1/2 1)
(442 70 66 1 1)
(442 46 52 1 1)
(897/2 65 63 1/2 1)
(449 70 66 1/2 1)
(899/2 74 68 1/2 1)
(450 46 52 1 1)
(450 77 70 1 1)
(451 74 68 1/2 1)
(903/2 70 66 1/2 1)
(452 46 52 1 1)
(452 65 63 1/2 1)
(905/2 70 66 1/2 1)
(453 70 66 1/2 1)
(907/2 70 66 1/2 1)
(454 53 56 1 1)
(454 72 67 1/2 1)
(909/2 72 67 1/2 1)
(455 72 67 1/2 1)
(911/2 72 67 1/2 1)
(456 74 68 1/4 1)
(456 46 52 1 1)
(1825/4 75 69 1/4 1)
(913/2 74 68 1/4 1)
(1827/4 72 67 1/4 1)
(457 70 66 1/4 1)
(1829/4 72 67 1/4 1)
(915/2 74 68 1/4 1)
(1831/4 75 69 1/4 1)
(458 46 52 1 1)
(458 77 70 1 1)
(459 74 68 1/2 1)
(919/2 70 66 1/2 1)
(460 65 63 1/2 1)
(460 58 59 1 1)
(921/2 70 66 1/2 1)
(461 70 66 1/2 1)
(923/2 70 66 1/2 1)
(462 72 67 1/2 1)
(462 53 56 1 1)
(925/2 72 67 1/2 1)
(463 72 67 1/4 1)
(1853/4 75 69 1/4 1)
(927/2 74 68 1/4 1)
(1855/4 72 67 1/4 1)
(464 70 66 1 1)
(464 46 52 1 1)
(466 87 76 1 1)
(466 53 56 1 1)
(467 84 74 1/2 1)
(935/2 81 72 1/2 1)
(468 46 52 1 1)
(468 89 77 1 1)
(469 86 75 1/2 1)
(939/2 82 73 1/2 1)
(470 53 56 1 1)
(470 87 76 1 1)
(471 84 74 1/2 1)
(943/2 81 72 1/2 1)
(472 46 52 1 1)
(472 82 73 1 1)
(474 53 56 1 1)
(474 72 67 1/2 1)
(949/2 72 67 1/2 1)
(475 72 67 1/4 1)
(1901/4 75 69 1/4 1)
(951/2 74 68 1/4 1)
(1903/4 72 67 1/4 1)
(476 46 52 1 1)
(476 70 66 1/2 1)
(953/2 62 61 1/2 1)
(477 65 63 1/2 1)
(955/2 70 66 1/2 1)
(478 53 56 1 1)
(478 72 67 1/2 1)
(957/2 72 67 1/2 1)
(479 72 67 1/4 1)
(1917/4 75 69 1/4 1)
(959/2 74 68 1/4 1)
(1919/4 72 67 1/4 1)
(480 70 66 1 1)
(480 46 52 1 1)
(482 53 56 1 1)
(482 75 69 1 1)
(483 72 67 1/2 1)
(967/2 69 65 1/2 1)
(484 46 52 1 1)
(484 70 66 1 1)
(486 81 72 1 1)
(486 72 67 1 1)
(486 65 63 1 1)
(486 41 49 1/4 1)
(1945/4 43 50 1/4 1)
(973/2 45 51 1/4 1)
(1947/4 46 52 1/4 1)
(487 48 53 1/4 1)
(1949/4 50 54 1/4 1)
(975/2 51 55 1/4 1)
(1951/4 53 56 1/4 1)
(488 46 52 1 1)
(488 82 73 1 1)
(488 70 66 1 1)
(488 62 61 1 1)
