(0 53 56 1 1)
(0 72 67 4 1)
(1 53 56 1 1)
(2 53 56 1 1)
(3 55 57 3 1)
(4 70 66 1 1)
(5 67 64 1 1)
(6 56 58 1 1)
(6 65 63 1 1)
(7 53 56 1 1)
(7 77 70 1 1)
(8 49 53 1 1)
(8 77 70 1 1)
(9 77 70 2 1)
(9 48 53 3 1)
(11 76 69 1 1)
(12 72 67 2 1)
(14 73 67 1/2 1)
(29/2 72 67 1/2 1)
(15 72 67 1 1)
(16 72 67 1 1)
(17 72 67 1 1)
(18 72 67 2 1)
(20 73 67 1/2 1)
(41/2 72 67 1/2 1)
(21 77 70 1 1)
(22 70 66 1 1)
(23 68 65 2 1)
(25 67 64 1 1)
(26 65 63 1 1)
(27 63 62 2 1)
(27 39 48 1 1)
(28 39 48 1 1)
(29 39 48 1 1)
(29 62 61 1 1)
(30 39 48 4 1)
(30 63 62 1 1)
(31 62 61 1 1)
(32 63 62 1 1)
(33 61 60 3 1)
(34 40 48 1 1)
(35 39 48 1 1)
(36 44 51 1 1)
(36 60 60 1 1)
(37 75 69 1 1)
(38 48 53 1 1)
(38 75 69 1 1)
(39 49 53 1 1)
(40 73 67 1 1)
(41 51 55 1 1)
(41 70 66 1/2 1)
(83/2 67 64 1/2 1)
(42 44 51 1 1)
(42 68 65 1 1)
(43 75 69 1 1)
(44 75 69 1 1)
(44 48 53 1 1)
(45 49 53 1 1)
(46 73 67 1 1)
(47 51 55 1 1)
(47 70 66 1/2 1)
(95/2 67 64 1/2 1)
(48 56 58 1 1)
(48 68 65 1 1)
(49 72 67 1 1)
(50 72 67 1 1)
(51 55 57 1 1)
(52 72 67 1 1)
(53 72 67 1 1)
(54 72 67 4 1)
(54 53 56 1 1)
(55 53 56 1 1)
(56 53 56 1 1)
(57 58 59 2 1)
(58 73 67 1 1)
(59 70 66 1 1)
(61 69 65 1 1)
(62 72 67 1/2 1)
(125/2 70 66 1/2 1)
(63 70 66 2 1)
(65 77 70 1/2 1)
(131/2 73 67 1/2 1)
(66 72 67 2 1)
(68 71 66 1/2 1)
(137/2 72 67 1/2 1)
(69 72 67 5 1)
(69 36 46 1 1)
(70 40 48 1 1)
(71 43 50 1 1)
(72 44 51 1 1)
(73 41 49 1 1)
(74 77 70 1 1)
(74 37 46 1 1)
(75 36 46 1 1)
(75 76 69 1 1)
(76 72 67 1 1)
(76 40 48 1 1)
(77 72 67 1 1)
(77 43 50 1 1)
(78 44 51 1 1)
(78 72 67 2 1)
(79 41 49 1 1)
(80 37 46 1 1)
(80 77 70 1 1)
(81 76 69 1 1)
(81 36 46 1 1)
(82 72 67 1 1)
(83 72 67 1 1)
(84 55 57 1 1)
(85 72 67 1 1)
(86 72 67 1 1)
(87 72 67 4 1)
(87 53 56 1 1)
(88 53 56 1 1)
(89 53 56 1 1)
(90 55 57 3 1)
(91 70 66 1 1)
(92 67 64 1 1)
(93 65 63 1 1)
(93 56 58 1 1)
(94 77 70 1 1)
(94 53 56 1 1)
(95 77 70 1 1)
(95 49 53 1 1)
(96 77 70 2 1)
(96 48 53 3 1)
(98 76 69 1 1)
(99 56 58 1 1)
(99 65 63 1 1)
(100 53 56 1 1)
(100 80 72 1 1)
(101 80 72 1 1)
(101 49 53 1 1)
(102 80 72 2 1)
(102 48 53 3 1)
(104 79 71 1 1)
(105 72 67 2 1)
(107 73 67 1/2 1)
(215/2 72 67 1/2 1)
(108 72 67 1 1)
(109 72 67 1 1)
(110 72 67 1 1)
(111 72 67 2 1)
(111 55 57 3 1)
(113 73 67 1/2 1)
(227/2 72 67 1/2 1)
(114 72 67 1 1)
(114 56 58 9 1)
(115 72 67 1 1)
(116 72 67 1 1)
(117 72 67 2 1)
(119 82 73 1/2 1)
(239/2 80 72 1/2 1)
(120 80 72 1 1)
(121 77 70 1 1)
(122 73 67 1 1)
(123 57 58 3 1)
(123 72 67 2 1)
(125 75 69 1/2 1)
(251/2 73 67 1/2 1)
(126 58 59 2 1)
(126 73 67 2 1)
(128 77 70 1/2 1)
(128 59 59 1 1)
(257/2 76 69 1/2 1)
(129 60 60 6 1)
(129 76 69 1 1)
(130 72 67 1 1)
(131 71 66 1 1)
(132 72 67 1 1)
(133 71 66 1 1)
(134 72 67 1 1)
(135 70 66 3 1)
(135 60 60 1 1)
(136 61 60 1 1)
(137 60 60 1 1)
(138 76 69 3 1)
(138 58 59 1 1)
(139 56 58 1 1)
(140 55 57 1 1)
(141 77 70 1 1)
(141 53 56 1 1)
(142 80 72 1 1)
(143 44 51 1 1)
(143 80 72 1 1)
(144 46 52 1 1)
(145 79 71 1 1)
(146 48 53 1 1)
(146 82 73 1/2 1)
(293/2 76 69 1/2 1)
(147 77 70 1 1)
(147 53 56 1 1)
(148 80 72 1 1)
(149 44 51 1 1)
(149 80 72 1 1)
(150 46 52 1 1)
(151 79 71 1 1)
(152 82 73 1/2 1)
(152 48 53 1 1)
(305/2 76 69 1/2 1)
(153 41 49 1 1)
(153 77 70 1 1)
(154 72 67 1 1)
(155 72 67 1 1)
(156 48 53 1 1)
(157 64 62 1 1)
(158 64 62 1 1)
(159 65 63 1 1)
(159 41 49 1 1)
(162 65 63 3 1)
(162 41 49 1 1)
(163 41 49 1 1)
(164 41 49 1 1)
(165 41 49 1 1)
(165 64 62 2 1)
(166 41 49 1 1)
(167 62 61 1 1)
(167 41 49 1 1)
(168 60 60 2 1)
(168 41 49 1 1)
(169 41 49 1 1)
(170 62 61 1 1)
(170 41 49 1 1)
(171 60 60 2 1)
(171 41 49 4 1)
(173 58 59 1 1)
(174 57 58 1 1)
(176 69 65 1/2 1)
(353/2 70 66 1/2 1)
(177 71 66 1/2 1)
(355/2 72 67 1/2 1)
(178 74 68 1/2 1)
(357/2 72 67 1/2 1)
(179 71 66 1/2 1)
(359/2 72 67 1/2 1)
(180 67 64 1 1)
(180 52 55 1 1)
(181 67 64 1 1)
(181 52 55 1 1)
(182 69 65 1/2 1)
(365/2 70 66 1/2 1)
(183 71 66 1/2 1)
(367/2 72 67 1/2 1)
(184 74 68 1/2 1)
(369/2 72 67 1/2 1)
(185 71 66 1/2 1)
(371/2 72 67 1/2 1)
(186 50 54 1 1)
(186 65 63 1 1)
(187 65 63 1 1)
(187 50 54 1 1)
(188 74 68 1/2 1)
(377/2 72 67 1/2 1)
(189 64 62 1 1)
(189 48 53 1 1)
(190 48 53 1 1)
(190 64 62 1 1)
(191 76 69 1/2 1)
(383/2 77 70 1/2 1)
(192 78 70 1/2 1)
(385/2 79 71 1/2 1)
(193 81 72 1/2 1)
(387/2 79 71 1/2 1)
(194 78 70 1/2 1)
(389/2 79 71 1/2 1)
(195 86 75 1 1)
(196 59 59 1 1)
(196 77 70 1 1)
(197 60 60 1 1)
(197 76 69 1 1)
(198 74 68 1 1)
(198 53 56 1 1)
(200 73 67 1/2 1)
(401/2 74 68 1/2 1)
(201 73 67 1/2 1)
(403/2 74 68 1/2 1)
(202 76 69 1/2 1)
(405/2 74 68 1/2 1)
(203 77 70 1/2 1)
(407/2 74 68 1/2 1)
(204 69 65 1 1)
(206 55 57 1 1)
(206 65 63 1 1)
(207 64 62 1 1)
(207 48 53 1 1)
(210 36 46 1 1)
(210 72 67 3 1)
(211 48 53 1 1)
(212 48 53 1 1)
(213 74 68 2 1)
(213 36 46 1 1)
(214 48 53 1 1)
(215 76 69 1 1)
(215 48 53 1 1)
(216 36 46 1 1)
(216 77 70 1 1)
(217 48 53 1 1)
(217 72 67 1 1)
(218 69 65 1/2 1)
(218 48 53 1 1)
(437/2 65 63 1/2 1)
(219 60 60 1 1)
(219 36 46 1 1)
(220 72 67 1 1)
(220 48 53 1 1)
(221 48 53 1 1)
(221 76 69 1 1)
(222 36 46 1 1)
(222 77 70 1 1)
(223 48 53 1 1)
(223 72 67 1 1)
(224 48 53 1 1)
(224 69 65 1/2 1)
(449/2 65 63 1/2 1)
(225 60 60 1 1)
(225 36 46 1 1)
(226 48 53 1 1)
(226 72 67 1 1)
(227 76 69 1 1)
(227 48 53 1 1)
(228 77 70 1 1)
(228 36 46 1 1)
(229 48 53 1 1)
(229 72 67 1 1)
(230 69 65 1/2 1)
(230 48 53 1 1)
(461/2 65 63 1/2 1)
(231 60 60 1 1)
(231 48 53 1 1)
(234 41 49 1 1)
(234 65 63 3 1)
(235 41 49 1 1)
(236 41 49 1 1)
(237 41 49 1 1)
(237 64 62 2 1)
(238 41 49 1 1)
(239 41 49 1 1)
(239 62 61 1 1)
(240 60 60 2 1)
(240 41 49 1 1)
(241 41 49 1 1)
(242 41 49 1 1)
(242 62 61 1 1)
(243 41 49 4 1)
(243 60 60 2 1)
(245 58 59 1 1)
(246 57 58 1 1)
(248 74 68 1/2 1)
(497/2 75 69 1/2 1)
(249 76 69 1/2 1)
(499/2 77 70 1/2 1)
(250 79 71 1/2 1)
(501/2 77 70 1/2 1)
(251 76 69 1/2 1)
(503/2 77 70 1/2 1)
(252 74 68 1 1)
(252 58 59 1 1)
(253 74 68 1 1)
(253 58 59 1 1)
(254 74 68 1/2 1)
(509/2 75 69 1/2 1)
(255 76 69 1/2 1)
(511/2 77 70 1/2 1)
(256 79 71 1/2 1)
(513/2 77 70 1/2 1)
(257 76 69 1/2 1)
(515/2 77 70 1/2 1)
(258 57 58 1 1)
(258 72 67 1 1)
(259 57 58 1 1)
(259 72 67 1 1)
(260 79 71 1/2 1)
(521/2 77 70 1/2 1)
(261 70 66 1 1)
(261 55 57 1 1)
(262 70 66 1 1)
(262 55 57 1 1)
(263 79 71 1/2 1)
(527/2 77 70 1/2 1)
(264 53 56 1 1)
(264 69 65 1 1)
(265 69 65 1 1)
(265 53 56 1 1)
(266 81 72 1/2 1)
(533/2 82 73 1/2 1)
(267 83 73 1/2 1)
(535/2 84 74 1/2 1)
(268 86 75 1/2 1)
(537/2 84 74 1/2 1)
(269 83 73 1/2 1)
(539/2 84 74 1/2 1)
(270 52 55 2 1)
(270 82 73 1 1)
(271 82 73 3/4 1)
(1087/4 79 71 1/4 1)
(272 81 72 3/4 1)
(272 53 56 1 1)
(1091/4 77 70 1/4 1)
(273 79 71 1 1)
(273 46 52 1 1)
(275 78 70 1/2 1)
(551/2 79 71 1/2 1)
(276 78 70 1/2 1)
(553/2 79 71 1/2 1)
(277 82 73 1/2 1)
(555/2 79 71 1/2 1)
(278 76 69 1/2 1)
(278 48 53 1 1)
(557/2 79 71 1/2 1)
(279 53 56 1 1)
(279 77 70 1 1)
(284 57 58 1/2 1)
(569/2 58 59 1/2 1)
(285 77 70 3 1)
(285 57 58 1/2 1)
(571/2 58 59 1/2 1)
(286 62 61 1/2 1)
(573/2 58 59 1/2 1)
(287 62 61 1/2 1)
(575/2 58 59 1/2 1)
(288 82 73 3 1)
(288 54 56 1/2 1)
(577/2 55 57 1/2 1)
(289 57 58 1/2 1)
(579/2 55 57 1/2 1)
(290 58 59 1/2 1)
(581/2 55 57 1/2 1)
(291 82 73 1/2 1)
(291 52 55 2 1)
(583/2 79 71 1/2 1)
(292 76 69 1/2 1)
(585/2 72 67 1/2 1)
(293 53 56 1 1)
(293 70 66 1/2 1)
(587/2 69 65 1/2 1)
(294 46 52 1 1)
(294 73 67 1/2 1)
(589/2 74 68 1/2 1)
(295 70 66 1/2 1)
(591/2 67 64 1/2 1)
(296 48 53 1 1)
(296 64 62 1/2 1)
(593/2 60 60 1/2 1)
(297 41 49 1 1)
(297 65 63 1 1)
