(2 72 67 1 1)
(3 71 66 1 1)
(4 72 67 1 1)
(5 76 69 1 1)
(6 60 60 1 1)
(6 67 64 2 1)
(7 60 60 1 1)
(8 72 67 1 1)
(9 53 56 1 1)
(9 62 61 2 1)
(10 53 56 1 1)
(11 69 65 1 1)
(12 47 52 1 1)
(12 55 57 3/2 1)
(13 47 52 1 1)
(27/2 69 65 1/2 1)
(14 47 52 1 1)
(14 67 64 1/2 1)
(29/2 65 63 1/2 1)
(15 65 63 1 1)
(15 48 53 2 1)
(16 64 62 1 1)
(17 72 67 1 1)
(18 71 66 1 1)
(19 72 67 1 1)
(20 76 69 1 1)
(20 57 58 1 1)
(21 56 57 1 1)
(21 65 63 1 1)
(22 57 58 1 1)
(22 64 62 1 1)
(23 69 65 1/2 1)
(23 60 60 1 1)
(47/2 72 67 1/2 1)
(24 76 69 1 1)
(24 54 56 1 1)
(25 74 68 1 1)
(25 55 57 1 1)
(26 59 59 1 1)
(26 79 71 1 1)
(27 78 70 1 1)
(27 60 60 1 1)
(28 59 59 1 1)
(28 79 71 1 1)
(29 60 60 1 1)
(29 81 72 1 1)
(30 80 71 1 1)
(30 62 61 1 1)
(31 81 72 1 1)
(31 60 60 1 1)
(32 57 58 1 1)
(32 84 74 1/2 1)
(65/2 81 72 1/2 1)
(33 79 71 2 1)
(33 62 61 2 1)
(35 81 72 1/2 1)
(35 50 54 1 1)
(71/2 78 70 1/2 1)
(36 55 57 1 1)
(36 79 71 1 1)
(37 55 57 1 1)
(38 55 57 1 1)
(38 78 70 1/4 1)
(153/4 79 71 3/4 1)
(39 73 67 1/4 1)
(39 55 57 1 1)
(157/4 74 68 3/4 1)
(40 70 66 1/4 1)
(40 55 57 1 1)
(161/4 71 66 3/4 1)
(41 55 57 1 1)
(41 66 63 1/4 1)
(165/4 67 64 3/4 1)
(42 55 57 1 1)
(42 62 61 2 1)
(43 55 57 1 1)
(44 55 57 1 1)
(44 67 64 1 1)
(45 55 57 1 1)
(45 69 65 1 1)
(46 55 57 1 1)
(46 69 65 1/2 1)
(93/2 71 66 1/2 1)
(47 55 57 1 1)
(47 72 67 1/2 1)
(95/2 74 68 1/2 1)
(48 55 57 2 1)
(48 72 67 1 1)
(49 71 66 1 1)
(50 83 73 1 1)
(50 42 49 1/4 1)
(201/4 43 50 3/4 1)
(51 79 71 1 1)
(51 46 52 1/4 1)
(205/4 47 52 3/4 1)
(52 74 68 1 1)
(52 49 53 1/4 1)
(209/4 50 54 3/4 1)
(53 71 66 1 1)
(53 54 56 1/4 1)
(213/4 55 57 3/4 1)
(54 67 64 2 1)
(54 59 59 2 1)
(56 74 68 1/2 1)
(113/2 71 66 1/2 1)
(57 50 54 3 1)
(57 69 65 1 1)
(58 69 65 1/2 1)
(117/2 67 64 1/2 1)
(59 69 65 1/2 1)
(119/2 71 66 1/2 1)
(60 55 57 1 1)
(60 67 64 1 1)
(62 74 68 1 1)
(63 73 67 1 1)
(64 74 68 1 1)
(65 55 57 1 1)
(65 77 70 1 1)
(66 72 67 1 1)
(66 56 57 1 1)
(67 71 66 1 1)
(67 55 57 1 1)
(68 79 71 2 1)
(68 51 54 1 1)
(69 60 60 2 1)
(70 75 68 1 1)
(71 77 70 2 1)
(71 50 54 1 1)
(72 59 59 2 1)
(73 74 68 1 1)
(74 48 53 1 1)
(74 75 68 2 1)
(75 56 57 3 1)
(76 74 68 1 1)
(77 72 67 2 1)
(78 55 57 2 1)
(79 71 66 1 1)
(80 67 64 1 1)
(81 66 63 1 1)
(82 67 64 1 1)
(83 43 50 1 1)
(83 62 61 1 1)
(84 42 49 1 1)
(84 63 61 1 1)
(85 62 61 1 1)
(85 43 50 1 1)
(86 67 64 1 1)
(87 66 63 1 1)
(88 67 64 1 1)
(89 62 61 1 1)
(89 43 50 1 1)
(90 42 49 1 1)
(90 63 61 1 1)
(91 43 50 1 1)
(91 62 61 1 1)
(92 65 63 1 1)
(93 64 62 1 1)
(94 65 63 1 1)
(95 43 50 1 1)
(96 44 50 1 1)
(97 43 50 1 1)
(98 72 67 1 1)
(99 71 66 1 1)
(100 72 67 1 1)
(101 76 69 1 1)
(102 67 64 2 1)
(102 60 60 1 1)
(103 60 60 1 1)
(104 72 67 1 1)
(105 62 61 2 1)
(105 53 56 1 1)
(106 53 56 1 1)
(107 69 65 1 1)
(108 55 57 3/2 1)
(108 47 52 1 1)
(109 47 52 1 1)
(219/2 69 65 1/2 1)
(110 67 64 1/2 1)
(110 47 52 1 1)
(221/2 65 63 1/2 1)
(111 48 53 2 1)
(111 65 63 1 1)
(112 64 62 1 1)
(113 60 60 1 1)
(114 59 59 1 1)
(115 60 60 1 1)
(116 72 67 2 1)
(116 64 62 1 1)
(117 55 57 2 1)
(118 71 66 1 1)
(119 62 61 1 1)
(120 61 60 1 1)
(121 62 61 1 1)
(122 74 68 2 1)
(122 65 63 1 1)
(123 57 58 2 1)
(124 73 67 1 1)
(125 77 70 1 1)
(126 76 69 1 1)
(127 77 70 1 1)
(128 62 61 1 1)
(128 81 72 1 1)
(129 82 73 1 1)
(129 61 60 1 1)
(130 81 72 1 1)
(130 62 61 1 1)
(131 65 63 1 1)
(131 77 70 1 1)
(132 81 72 1 1)
(132 59 59 1 1)
(133 79 71 1 1)
(133 60 60 1 1)
(134 84 74 1 1)
(134 52 55 1 1)
(135 53 56 1 1)
(135 83 73 1 1)
(136 52 55 1 1)
(136 84 74 1 1)
(137 86 75 1 1)
(137 53 56 1 1)
(138 55 57 1 1)
(138 85 74 1 1)
(139 86 75 1 1)
(139 53 56 1 1)
(140 89 77 1/2 1)
(140 50 54 1 1)
(281/2 86 75 1/2 1)
(141 84 74 2 1)
(141 55 57 3 1)
(143 86 75 1/2 1)
(287/2 83 73 1/2 1)
(144 48 53 1 1)
(144 84 74 1 1)
(145 48 53 1 1)
(146 83 73 1/4 1)
(146 48 53 1 1)
(585/4 84 74 3/4 1)
(147 48 53 1 1)
(147 78 70 1/4 1)
(589/4 79 71 3/4 1)
(148 75 68 1/4 1)
(148 48 53 1 1)
(593/4 76 69 3/4 1)
(149 71 66 1/4 1)
(149 48 53 1 1)
(597/4 72 67 3/4 1)
(150 67 64 2 1)
(150 48 53 1 1)
(151 48 53 1 1)
(152 72 67 1 1)
(152 48 53 1 1)
(153 74 68 1 1)
(153 48 53 1 1)
(154 74 68 1/2 1)
(154 48 53 1 1)
(309/2 76 69 1/2 1)
(155 48 53 1 1)
(155 77 70 1/2 1)
(311/2 79 71 1/2 1)
(156 48 53 2 1)
(156 77 70 1 1)
(157 76 69 1 1)
(158 47 52 1/4 1)
(158 88 76 1 1)
(633/4 48 53 3/4 1)
(159 84 74 1 1)
(159 51 54 1/4 1)
(637/4 52 55 3/4 1)
(160 79 71 1 1)
(160 54 56 1/4 1)
(641/4 55 57 3/4 1)
(161 76 69 1 1)
(161 59 59 1/4 1)
(645/4 60 60 3/4 1)
(162 64 62 2 1)
(162 72 67 2 1)
(164 79 71 1/2 1)
(329/2 76 69 1/2 1)
(165 74 68 1 1)
(165 43 50 3 1)
(166 74 68 1/2 1)
(333/2 72 67 1/2 1)
(167 74 68 1/2 1)
(335/2 76 69 1/2 1)
(168 48 53 1 1)
(168 72 67 1 1)
(170 64 62 1 1)
(171 72 67 2 1)
(173 69 65 1 1)
(174 65 63 2 1)
(176 62 61 1 1)
(177 52 55 3 1)
(177 59 59 1 1)
(178 59 59 1/2 1)
(357/2 60 60 1/2 1)
(179 62 61 1/2 1)
(359/2 64 62 1/2 1)
(180 45 51 1 1)
(180 60 60 1 1)
(181 57 58 1 1)
(182 64 62 1 1)
(183 72 67 2 1)
(185 69 65 1 1)
(186 65 63 2 1)
(188 64 62 1 1)
(189 63 61 1 1)
(189 47 52 3 1)
(190 63 61 1/2 1)
(381/2 64 62 1/2 1)
(191 66 63 1/2 1)
(383/2 63 61 1/2 1)
(192 64 62 1 1)
(192 40 48 1 1)
(194 64 62 1 1)
(195 72 67 2 1)
(197 69 65 1 1)
(198 65 63 2 1)
(200 62 61 1 1)
(201 58 59 1 1)
(201 49 53 3 1)
(202 57 58 1/2 1)
(405/2 61 60 1/2 1)
(203 64 62 1/2 1)
(407/2 67 64 1/2 1)
(204 65 63 1 1)
(204 50 54 2 1)
(205 62 61 1 1)
(206 62 61 1 1)
(207 74 68 2 1)
(209 38 47 1 1)
(209 71 66 1 1)
(210 50 54 3 1)
(210 68 64 2 1)
(212 64 62 1 1)
(213 69 65 2 1)
(213 48 53 3 1)
(215 64 62 1 1)
(216 41 49 3 1)
(216 60 60 1 1)
(217 59 59 1 1)
(218 57 58 1 1)
(219 40 48 11 1)
(219 56 57 1 1)
(220 59 59 1 1)
(221 63 61 1 1)
(222 64 62 1 1)
(223 68 64 1 1)
(224 71 66 1 1)
(225 76 69 5 1)
(230 64 62 1 1)
(231 57 58 3 1)
(231 73 67 2 1)
(233 69 65 1 1)
(234 64 62 1 1)
(236 64 62 1 1)
(237 74 68 2 1)
(237 56 57 3 1)
(239 71 66 1 1)
(240 64 62 1 1)
(242 64 62 1 1)
(243 76 69 1 1)
(243 57 58 3 1)
(244 73 67 1 1)
(245 69 65 1 1)
(246 78 70 1 1)
(246 50 54 3 1)
(247 74 68 1 1)
(248 71 66 1 1)
(249 69 65 3 1)
(249 52 55 4 1)
(252 68 64 1 1)
(253 50 54 1 1)
(254 64 62 1 1)
(254 47 52 1 1)
(255 73 67 2 1)
(255 45 51 1 1)
(257 69 65 1 1)
(258 64 62 1 1)
(260 64 62 1 1)
(261 44 50 1 1)
(261 74 68 2 1)
(263 71 66 1 1)
(264 64 62 1 1)
(266 64 62 1 1)
(267 37 46 3 1)
(267 76 69 1 1)
(268 73 67 1 1)
(269 69 65 1 1)
(270 38 47 3 1)
(270 78 70 1 1)
(271 74 68 1 1)
(272 71 66 1 1)
(273 69 65 2 1)
(273 40 48 3 1)
(275 71 66 1 1)
(276 45 51 1 1)
(276 69 65 1 1)
(278 64 62 1 1)
(279 72 67 2 1)
(281 69 65 1 1)
(282 65 63 2 1)
(284 62 61 1 1)
(285 59 59 1 1)
(285 52 55 3 1)
(286 59 59 1/2 1)
(573/2 60 60 1/2 1)
(287 62 61 1/2 1)
(575/2 64 62 1/2 1)
(288 45 51 1 1)
(288 60 60 1 1)
(289 57 58 1 1)
(290 64 62 1 1)
(291 72 67 2 1)
(293 69 65 1 1)
(294 50 54 2 1)
(294 65 63 2 1)
(296 57 58 1 1)
(296 51 54 1 1)
(297 52 55 3 1)
(297 60 60 1 1)
(298 62 61 1 1)
(299 59 59 1 1)
(300 45 51 1 1)
(300 57 58 1 1)
