(3 61 61 1 1)
(4 54 57 8 1)
(4 66 64 1 1)
(5 70 66 1 1)
(6 73 68 1 1)
(7 70 66 3/4 1)
(31/4 66 64 1/4 1)
(8 78 71 1 1)
(9 75 69 3/4 1)
(39/4 71 67 1/4 1)
(10 73 68 1 1)
(11 70 66 3/4 1)
(47/4 66 64 1/4 1)
(12 49 54 6 1)
(12 65 63 1 1)
(13 66 64 1 1)
(14 71 67 1 1)
(15 70 66 1 1)
(16 68 65 3/2 1)
(35/2 70 66 1/2 1)
(18 68 65 1/2 1)
(19 61 61 1 1)
(20 42 50 8 1)
(20 66 64 1 1)
(21 70 66 1 1)
(22 73 68 1 1)
(23 70 66 3/4 1)
(95/4 66 64 1/4 1)
(24 78 71 1 1)
(25 75 69 3/4 1)
(103/4 71 67 1/4 1)
(26 73 68 1 1)
(27 70 66 3/4 1)
(111/4 66 64 1/4 1)
(28 47 53 2 1)
(28 75 69 2 1)
(30 63 62 1/2 1)
(30 48 53 2 1)
(61/2 65 63 1/2 1)
(31 66 64 1/2 1)
(63/2 68 65 1/2 1)
(32 70 66 2 1)
(32 49 54 4 1)
(34 68 65 3/4 1)
(139/4 66 64 1/4 1)
(35 68 65 3/4 1)
(143/4 70 66 1/4 1)
(36 54 57 1 1)
(36 66 64 1 1)
(37 54 57 1 1)
(38 54 57 1 1)
(39 54 57 1 1)
(159/4 73 68 1/4 1)
(40 68 65 3/4 1)
(40 54 57 1 1)
(163/4 61 61 1/4 1)
(41 71 67 3/4 1)
(41 54 57 1 1)
(167/4 70 66 1/4 1)
(42 68 65 1/2 1)
(42 54 57 1 1)
(43 54 57 1 1)
(175/4 73 68 1/4 1)
(44 66 64 3/4 1)
(44 54 57 1 1)
(179/4 61 61 1/4 1)
(45 70 66 3/4 1)
(45 54 57 1 1)
(183/4 68 65 1/4 1)
(46 66 64 1/2 1)
(46 54 57 1 1)
(47 54 57 1 1)
(191/4 73 68 1/4 1)
(48 54 57 1 1)
(48 68 65 3/4 1)
(195/4 61 61 1/4 1)
(49 71 67 3/4 1)
(49 54 57 1 1)
(199/4 70 66 1/4 1)
(50 68 65 1/2 1)
(50 54 57 1 1)
(51 54 57 1 1)
(207/4 73 68 1/4 1)
(52 70 66 3/4 1)
(52 54 57 2 1)
(211/4 66 64 1/4 1)
(53 73 68 3/4 1)
(215/4 70 66 1/8 1)
(431/8 73 68 1/8 1)
(54 78 71 3/4 1)
(219/4 73 68 1/4 1)
(55 82 73 3/4 1)
(223/4 80 72 1/4 1)
(56 63 62 2 1)
(56 78 71 1 1)
(57 78 71 3/4 1)
(231/4 80 72 1/4 1)
(58 58 59 2 1)
(58 77 70 1 1)
(59 82 73 3/4 1)
(239/4 78 71 1/4 1)
(60 75 69 1 1)
(60 59 60 2 1)
(61 75 69 3/4 1)
(247/4 77 70 1/4 1)
(62 74 68 1 1)
(62 58 59 1 1)
(63 70 66 1 1)
(63 56 58 1 1)
(64 54 57 4 1)
(64 75 69 1 1)
(65 78 71 1 1)
(66 82 73 1 1)
(67 80 72 1/4 1)
(269/4 78 71 1/4 1)
(135/2 77 70 1/4 1)
(271/4 75 69 1/4 1)
(68 73 68 2 1)
(68 56 58 3 1)
(70 72 67 1 1)
(71 44 51 1 1)
(72 77 70 3/4 1)
(72 49 54 1 1)
(291/4 68 65 1/4 1)
(73 80 72 3/4 1)
(73 53 56 1 1)
(295/4 78 71 1/4 1)
(74 56 58 1 1)
(74 77 70 1/2 1)
(75 53 56 3/4 1)
(303/4 49 54 1/4 1)
(303/4 68 65 1/4 1)
(76 75 69 3/4 1)
(76 48 53 1 1)
(307/4 68 65 1/4 1)
(77 51 55 1 1)
(77 78 71 3/4 1)
(311/4 77 70 1/4 1)
(78 56 58 1 1)
(78 75 69 1/2 1)
(79 51 55 3/4 1)
(319/4 48 53 1/4 1)
(319/4 68 65 1/4 1)
(80 80 72 2 1)
(80 49 54 1 1)
(82 37 47 1 1)
(82 80 72 1 1)
(83 41 49 1 1)
(83 80 72 1 1)
(84 44 51 1 1)
(84 80 72 10 1)
(86 36 46 2 1)
(88 37 47 1 1)
(94 78 71 4 1)
(94 51 55 3/4 1)
(379/4 54 57 1/4 1)
(95 58 59 3/4 1)
(383/4 54 57 1/4 1)
(96 63 62 1 1)
(98 77 70 2 1)
(98 49 54 3/4 1)
(395/4 53 56 1/4 1)
(99 56 58 3/4 1)
(399/4 53 56 1/4 1)
(100 54 57 2 1)
(100 75 69 3/4 1)
(403/4 78 71 1/4 1)
(101 82 73 3/4 1)
(407/4 78 71 1/4 1)
(102 75 69 1 1)
(102 55 57 2 1)
(103 75 69 1 1)
(104 75 69 5/2 1)
(104 56 58 4 1)
(213/2 77 70 1/2 1)
(107 78 71 1/2 1)
(215/2 80 72 1/2 1)
(108 58 59 3 1)
(108 78 71 2 1)
(110 77 70 3/4 1)
(443/4 85 75 1/4 1)
(111 80 72 3/4 1)
(447/4 77 70 1/4 1)
(112 73 68 3/4 1)
(112 53 56 2 1)
(451/4 73 68 1/4 1)
(113 68 65 3/4 1)
(455/4 65 63 1/4 1)
(114 61 61 3/4 1)
(114 41 49 2 1)
(459/4 65 63 1/4 1)
(115 68 65 3/4 1)
(463/4 65 63 1/4 1)
(116 63 62 3/4 1)
(116 42 50 4 1)
(467/4 66 64 1/4 1)
(117 70 66 3/4 1)
(471/4 66 64 1/4 1)
(118 63 62 1 1)
(119 63 62 1 1)
(120 64 63 3/4 1)
(120 43 50 4 1)
(483/4 70 66 1/4 1)
(121 73 68 3/4 1)
(487/4 70 66 1/4 1)
(122 64 63 1 1)
(123 64 63 1 1)
(124 65 63 3/4 1)
(124 44 51 8 1)
(499/4 68 65 1/4 1)
(125 73 68 3/4 1)
(503/4 68 65 1/4 1)
(126 77 70 1 1)
(127 75 69 1/4 1)
(509/4 73 68 1/4 1)
(255/2 72 67 1/4 1)
(511/4 70 66 1/4 1)
(128 68 65 5/2 1)
(261/2 66 64 1/2 1)
(131 65 63 1/2 1)
(263/2 63 62 1/2 1)
(132 37 47 1 1)
(132 61 61 1 1)
(133 41 49 1 1)
(134 44 51 1 1)
(135 41 49 3/4 1)
(543/4 37 47 1/4 1)
(136 36 46 1 1)
(137 39 48 1 1)
(138 44 51 1 1)
(139 42 50 3/4 1)
(559/4 68 65 1/4 1)
(559/4 39 48 1/4 1)
(140 76 70 3/4 1)
(140 37 47 1 1)
(563/4 68 65 1/4 1)
(141 80 72 3/4 1)
(567/4 78 71 1/4 1)
(142 76 70 1/2 1)
(142 37 47 1 1)
(143 40 49 1 1)
(575/4 68 65 1/4 1)
(144 44 51 1 1)
(144 75 69 3/4 1)
(579/4 68 65 1/4 1)
(145 78 71 3/4 1)
(583/4 76 70 1/4 1)
(146 36 46 1 1)
(146 75 69 1/2 1)
(147 48 53 1 1)
(591/4 68 65 1/4 1)
(148 49 54 2 1)
(148 76 70 3/4 1)
(595/4 68 65 1/4 1)
(149 80 72 3/4 1)
(599/4 76 70 1/4 1)
(150 47 53 2 1)
(150 75 69 3/4 1)
(603/4 68 65 1/4 1)
(151 80 72 3/4 1)
(607/4 75 69 1/4 1)
(152 73 68 1 1)
(152 45 52 4 1)
(153 75 69 3/4 1)
(615/4 76 70 1/4 1)
(154 78 71 1 1)
(155 79 71 1 1)
(156 44 51 4 1)
(156 80 72 1 1)
(157 80 72 1 1)
(158 78 71 1/2 1)
(317/2 76 70 1/2 1)
(159 75 69 1/2 1)
(319/2 73 68 1/2 1)
(160 72 67 3 1)
(160 44 51 3 1)
(163 71 67 1 1)
(164 76 70 1 1)
(164 64 63 8 1)
(165 80 72 1 1)
(166 83 74 1 1)
(167 80 72 3/4 1)
(671/4 76 70 1/4 1)
(168 88 77 1 1)
(169 85 75 3/4 1)
(679/4 81 73 1/4 1)
(170 83 74 1 1)
(171 80 72 3/4 1)
(687/4 76 70 1/4 1)
(172 75 69 1 1)
(172 59 60 6 1)
(173 76 70 1 1)
(174 81 73 1 1)
(175 80 72 1 1)
(176 78 71 3/2 1)
(355/2 80 72 1/2 1)
(178 78 71 1/2 1)
(179 59 60 1 1)
(180 64 63 1 1)
(180 40 49 4 1)
(181 67 64 1 1)
(182 71 67 1 1)
(183 67 64 3/4 1)
(735/4 64 63 1/4 1)
(184 63 62 1 1)
(184 39 48 1 1)
(185 38 47 3 1)
(185 66 64 1 1)
(186 71 67 1 1)
(187 66 64 3/4 1)
(751/4 62 61 1/4 1)
(188 61 61 1 1)
(188 37 47 1 1)
(189 64 63 1 1)
(189 36 46 2 1)
(190 69 66 1 1)
(191 48 53 1 1)
(191 64 63 3/4 1)
(767/4 60 60 1/4 1)
(192 59 60 1 1)
(192 47 53 2 1)
(193 67 64 1 1)
(194 66 64 1 1)
(194 45 52 1 1)
(195 43 50 1 1)
(195 64 63 1 1)
(196 42 50 2 1)
(196 62 61 3/2 1)
(395/2 64 63 1/2 1)
(198 62 61 1 1)
(198 42 50 1 1)
(199 62 61 1 1)
(199 42 50 1 1)
(200 62 61 3 1)
(200 42 50 3 1)
(204 71 67 1/2 1)
(409/2 71 67 1/2 1)
(205 71 67 1/2 1)
(411/2 71 67 1/2 1)
(206 71 67 1/2 1)
(413/2 71 67 1/2 1)
(207 71 67 1/2 1)
(415/2 71 67 1/2 1)
(208 69 66 1/2 1)
(417/2 69 66 1/2 1)
(209 69 66 1/2 1)
(419/2 69 66 1/2 1)
(210 69 66 1/2 1)
(421/2 69 66 1/2 1)
(211 72 67 1/2 1)
(423/2 72 67 1/2 1)
(212 71 67 1/2 1)
(425/2 71 67 1/2 1)
(213 71 67 1/2 1)
(427/2 71 67 1/2 1)
(214 71 67 1/2 1)
(429/2 71 67 1/2 1)
(215 71 67 1/2 1)
(431/2 71 67 1/2 1)
(216 74 68 1/2 1)
(433/2 74 68 1/2 1)
(217 74 68 1/2 1)
(435/2 74 68 1/2 1)
(218 73 68 1/2 1)
(437/2 73 68 1/2 1)
(219 37 47 1 1)
(219 73 68 1/2 1)
(439/2 73 68 1/2 1)
(220 73 68 1/2 1)
(220 42 50 1 1)
(441/2 73 68 1/2 1)
(221 45 52 1 1)
(221 73 68 1/2 1)
(443/2 73 68 1/2 1)
(222 49 54 1 1)
(222 73 68 1/2 1)
(445/2 73 68 1/2 1)
(223 45 52 3/4 1)
(223 73 68 1/2 1)
(447/2 73 68 1/2 1)
(895/4 42 50 1/4 1)
(224 73 68 1/2 1)
(224 41 49 1 1)
(449/2 73 68 1/2 1)
(225 44 51 1 1)
(225 73 68 1/2 1)
(451/2 73 68 1/2 1)
(226 49 54 1 1)
(226 73 68 1/2 1)
(453/2 73 68 1/2 1)
(227 73 68 1/2 1)
(227 44 51 3/4 1)
(455/2 73 68 1/2 1)
(911/4 42 50 1/4 1)
(228 40 49 1 1)
(228 73 68 1/2 1)
(457/2 73 68 1/2 1)
(229 73 68 1/2 1)
(229 44 51 1 1)
(459/2 73 68 1/2 1)
(230 73 68 1/2 1)
(230 49 54 1 1)
(461/2 73 68 1/2 1)
(231 44 51 3/4 1)
(231 73 68 1/2 1)
(463/2 73 68 1/2 1)
(927/4 40 49 1/4 1)
(232 73 68 1/2 1)
(232 38 47 1 1)
(465/2 73 68 1/2 1)
(233 42 50 1 1)
(233 73 68 1/2 1)
(467/2 73 68 1/2 1)
(234 72 67 1/2 1)
(234 45 52 1 1)
(469/2 72 67 1/2 1)
(235 72 67 1/2 1)
(235 42 50 3/4 1)
(471/2 72 67 1/2 1)
(943/4 38 47 1/4 1)
(236 73 68 1/2 1)
(236 37 47 1 1)
(473/2 73 68 1/2 1)
(237 41 49 1 1)
(237 73 68 1/2 1)
(475/2 73 68 1/2 1)
(238 44 51 1 1)
(238 73 68 1/2 1)
(477/2 73 68 1/2 1)
(239 41 49 3/4 1)
(239 73 68 1/2 1)
(479/2 73 68 1/2 1)
(959/4 37 47 1/4 1)
(240 72 67 1/2 1)
(240 38 47 1 1)
(481/2 72 67 1/2 1)
(241 72 67 1/2 1)
(241 42 50 1 1)
(483/2 72 67 1/2 1)
(242 45 52 1 1)
(242 72 67 1/2 1)
(485/2 72 67 1/2 1)
(243 72 67 1/2 1)
(243 42 50 3/4 1)
(487/2 72 67 1/2 1)
(975/4 38 47 1/4 1)
(244 73 68 2 1)
(244 37 47 2 1)
(246 73 68 1 1)
(246 37 47 1 1)
(247 73 68 1 1)
(247 37 47 1 1)
(248 37 47 3 1)
(248 73 68 3 1)
(251 61 61 1 1)
(252 54 57 8 1)
(252 66 64 1 1)
(253 70 66 1 1)
(254 73 68 1 1)
(255 70 66 3/4 1)
(1023/4 66 64 1/4 1)
(256 78 71 1 1)
(257 75 69 3/4 1)
(1031/4 71 67 1/4 1)
(258 73 68 1 1)
(259 70 66 3/4 1)
(1039/4 66 64 1/4 1)
(260 49 54 6 1)
(260 65 63 1 1)
(261 66 64 1 1)
(262 71 67 1 1)
(263 70 66 1 1)
(264 68 65 3/2 1)
(531/2 70 66 1/2 1)
(266 68 65 1/2 1)
(267 61 61 1 1)
(268 42 50 8 1)
(268 66 64 1 1)
(269 70 66 1 1)
(270 73 68 1 1)
(271 70 66 3/4 1)
(1087/4 66 64 1/4 1)
(272 78 71 1 1)
(273 75 69 3/4 1)
(1095/4 71 67 1/4 1)
(274 73 68 1 1)
(275 70 66 3/4 1)
(1103/4 66 64 1/4 1)
(276 47 53 2 1)
(276 75 69 2 1)
(278 63 62 1/2 1)
(278 48 53 2 1)
(557/2 65 63 1/2 1)
(279 66 64 1/2 1)
(559/2 68 65 1/2 1)
(280 49 54 4 1)
(280 70 66 2 1)
(282 68 65 3/4 1)
(1131/4 66 64 1/4 1)
(283 68 65 3/4 1)
(1135/4 70 66 1/4 1)
(284 51 55 1 1)
(284 66 64 1 1)
(571/2 66 64 1/2 1)
(286 65 63 1/2 1)
(573/2 66 64 1/2 1)
(287 68 65 1/2 1)
(575/2 70 66 1/2 1)
(288 53 56 2 1)
(288 71 67 2 1)
(290 70 66 3/4 1)
(290 54 57 2 1)
(1163/4 68 65 1/4 1)
(291 70 66 3/4 1)
(1167/4 71 67 1/4 1)
(292 49 54 1 1)
(292 68 65 1 1)
(587/2 67 64 1/2 1)
(294 68 65 1/2 1)
(589/2 70 66 1/2 1)
(295 71 67 1/2 1)
(591/2 73 68 1/2 1)
(296 75 69 3/4 1)
(1187/4 73 68 1/4 1)
(297 80 72 7/4 1)
(1195/4 80 72 1/4 1)
(299 49 54 1 1)
(299 82 73 3/4 1)
(1199/4 83 74 1/4 1)
(300 54 57 1 1)
(300 82 73 3/4 1)
(1203/4 73 68 1/4 1)
(301 85 75 3/4 1)
(301 58 59 1 1)
(1207/4 83 74 1/4 1)
(302 61 61 1 1)
(302 82 73 1/2 1)
(303 58 59 3/4 1)
(1215/4 54 57 1/4 1)
(1215/4 82 73 1/4 1)
(304 80 72 3/4 1)
(304 53 56 1 1)
(1219/4 73 68 1/4 1)
(305 83 74 3/4 1)
(305 56 58 1 1)
(1223/4 82 73 1/4 1)
(306 80 72 1/2 1)
(306 61 61 1 1)
(307 59 60 3/4 1)
(1231/4 73 68 1/4 1)
(1231/4 56 58 1/4 1)
(308 85 75 2 1)
(308 54 57 1 1)
(310 54 57 1 1)
(310 85 75 1 1)
(311 58 59 1 1)
(311 85 75 1 1)
(312 61 61 1 1)
(312 85 75 10 1)
(314 53 56 2 1)
(316 54 57 1 1)
(322 83 74 4 1)
(322 56 58 3/4 1)
(1291/4 59 60 1/4 1)
(323 63 62 3/4 1)
(1295/4 59 60 1/4 1)
(324 68 65 1 1)
(326 54 57 3/4 1)
(326 82 73 2 1)
(1307/4 58 59 1/4 1)
(327 61 61 3/4 1)
(1311/4 58 59 1/4 1)
(328 80 72 3/4 1)
(328 59 60 2 1)
(1315/4 83 74 1/4 1)
(329 87 76 3/4 1)
(1319/4 83 74 1/4 1)
(330 60 60 2 1)
(330 80 72 1 1)
(331 80 72 1 1)
(332 80 72 5/2 1)
(332 61 61 4 1)
(669/2 82 73 1/2 1)
(335 83 74 1/2 1)
(671/2 85 75 1/2 1)
(336 83 74 2 1)
(336 63 62 3 1)
(338 82 73 3/4 1)
(1355/4 90 78 1/4 1)
(339 85 75 3/4 1)
(1359/4 82 73 1/4 1)
(340 78 71 3/4 1)
(340 58 59 2 1)
(1363/4 78 71 1/4 1)
(341 73 68 3/4 1)
(1367/4 70 66 1/4 1)
(342 66 64 3/4 1)
(342 46 52 2 1)
(1371/4 70 66 1/4 1)
(343 73 68 3/4 1)
(1375/4 70 66 1/4 1)
(344 68 65 3/4 1)
(344 47 53 4 1)
(1379/4 71 67 1/4 1)
(345 75 69 3/4 1)
(1383/4 71 67 1/4 1)
(346 68 65 1 1)
(347 68 65 1 1)
(348 48 53 4 1)
(348 69 66 3/4 1)
(1395/4 75 69 1/4 1)
(349 78 71 3/4 1)
(1399/4 75 69 1/4 1)
(350 69 66 1 1)
(351 69 66 1 1)
(352 70 66 3/4 1)
(352 49 54 8 1)
(1411/4 73 68 1/4 1)
(353 78 71 3/4 1)
(1415/4 73 68 1/4 1)
(354 82 73 1 1)
(355 80 72 1/4 1)
(1421/4 78 71 1/4 1)
(711/2 77 70 1/4 1)
(1423/4 75 69 1/4 1)
(356 73 68 5/2 1)
(717/2 71 67 1/2 1)
(359 70 66 1/2 1)
(719/2 68 65 1/2 1)
(360 54 57 1 1)
(360 66 64 1 1)
(361 54 57 1 1)
(362 54 57 1 1)
(363 54 57 1 1)
(1455/4 73 68 1/4 1)
(364 54 57 1 1)
(364 68 65 3/4 1)
(1459/4 61 61 1/4 1)
(365 54 57 1 1)
(365 71 67 3/4 1)
(1463/4 70 66 1/4 1)
(366 68 65 1/2 1)
(366 54 57 1 1)
(367 54 57 1 1)
(1471/4 73 68 1/4 1)
(368 66 64 3/4 1)
(368 54 57 1 1)
(1475/4 61 61 1/4 1)
(369 54 57 1 1)
(369 70 66 3/4 1)
(1479/4 68 65 1/4 1)
(370 54 57 1 1)
(370 66 64 1/2 1)
(371 54 57 1 1)
(1487/4 73 68 1/4 1)
(372 54 57 1 1)
(372 68 65 3/4 1)
(1491/4 61 61 1/4 1)
(373 54 57 1 1)
(373 71 67 3/4 1)
(1495/4 70 66 1/4 1)
(374 54 57 1 1)
(374 68 65 1/2 1)
(375 54 57 1 1)
(1503/4 73 68 1/4 1)
(376 66 64 1/2 1)
(376 42 50 1/2 1)
(1511/4 73 68 1/4 1)
(378 68 65 1/2 1)
(378 49 54 1/2 1)
(1519/4 73 68 1/4 1)
(380 54 57 1/2 1)
(380 70 66 1/2 1)
(1527/4 73 68 1/4 1)
(382 49 54 1/2 1)
(382 65 63 1/2 1)
(1535/4 73 68 1/4 1)
(384 54 57 1 1)
(384 66 64 1 1)
(386 42 50 1 1)
(386 66 64 1 1)
(387 42 50 1 1)
(387 66 64 1 1)
(388 42 50 4 1)
(388 66 64 4 1)
