(0 52 55 1 1)
(0 71 66 3 1)
(1 56 57 1 1)
(2 54 56 1 1)
(3 75 68 1 1)
(3 47 52 1 1)
(4 52 55 1 1)
(4 76 69 1/2 1)
(9/2 71 66 1/2 1)
(5 56 57 1 1)
(5 71 66 2 1)
(6 54 56 1 1)
(7 75 68 1 1)
(7 47 52 1 1)
(8 52 55 1 1)
(8 76 69 1/4 1)
(33/4 75 68 1/4 1)
(17/2 78 70 1/4 1)
(35/4 76 69 1/4 1)
(9 80 71 1/4 1)
(37/4 78 70 1/4 1)
(19/2 76 69 1/4 1)
(39/4 75 68 1/4 1)
(10 73 67 1/4 1)
(41/4 71 66 1/4 1)
(21/2 69 65 1/4 1)
(43/4 68 64 1/4 1)
(11 66 63 1/4 1)
(45/4 64 62 1/4 1)
(23/2 63 61 1/4 1)
(47/4 64 62 1/4 1)
(12 73 67 1 1)
(12 45 51 1 1)
(13 71 66 1 1)
(13 52 55 1 1)
(16 69 65 5/2 1)
(16 54 56 1 1)
(17 52 55 1 1)
(18 51 54 1 1)
(37/2 69 65 1/2 1)
(19 73 67 1/2 1)
(19 51 54 1 1)
(39/2 69 65 1/2 1)
(20 68 64 5/2 1)
(20 52 55 1 1)
(21 51 54 1 1)
(22 49 53 1 1)
(45/2 68 64 1/2 1)
(23 76 69 1/2 1)
(23 44 50 1 1)
(47/2 68 64 1/2 1)
(24 45 51 1 1)
(24 66 63 3/2 1)
(25 45 51 1 1)
(51/2 68 64 1/4 1)
(103/4 69 65 1/4 1)
(26 45 51 1 1)
(26 61 60 1 1)
(27 63 61 1 1)
(27 47 52 1 1)
(28 52 55 1 1)
(28 64 62 1 1)
(29 45 51 1 1)
(30 44 50 1 1)
(31 42 49 1 1)
(32 40 48 1 1)
(32 71 66 3 1)
(33 56 57 1 1)
(34 54 56 1 1)
(35 75 68 1 1)
(35 47 52 1 1)
(36 40 48 1 1)
(36 76 69 1/2 1)
(73/2 71 66 1/2 1)
(37 71 66 2 1)
(37 56 57 1 1)
(38 54 56 1 1)
(39 75 68 1 1)
(39 47 52 1 1)
(40 52 55 1 1)
(40 76 69 2 1)
(41 52 55 1 1)
(42 52 55 1 1)
(42 75 68 2 1)
(43 52 55 1 1)
(44 52 55 1 1)
(44 73 67 2 1)
(45 52 55 1 1)
(46 69 65 3/2 1)
(46 52 55 1 1)
(47 52 55 1 1)
(95/2 68 64 1/4 1)
(191/4 69 65 1/4 1)
(48 52 55 1 1)
(48 68 64 1/2 1)
(97/2 69 65 1/4 1)
(195/4 71 66 1/4 1)
(49 73 67 1/4 1)
(197/4 75 68 1/4 1)
(99/2 76 69 1/4 1)
(199/4 75 68 1/4 1)
(50 78 70 1/4 1)
(201/4 76 69 1/4 1)
(101/2 80 71 1/4 1)
(203/4 78 70 1/4 1)
(51 76 69 1/4 1)
(205/4 68 64 1/4 1)
(103/2 69 65 1/4 1)
(207/4 70 65 1/4 1)
(52 47 52 2 1)
(52 71 66 3/4 1)
(211/4 69 65 1/8 1)
(423/8 68 64 1/8 1)
(53 66 63 1/2 1)
(54 47 52 1 1)
(55 49 53 1 1)
(56 78 70 3 1)
(56 51 54 1 1)
(57 39 47 1 1)
(59 79 71 1 1)
(59 51 54 1 1)
(60 52 55 1 1)
(60 80 71 3 1)
(61 40 48 1 1)
(63 52 55 1 1)
(63 71 66 1 1)
(64 70 65 1 1)
(64 54 56 1 1)
(65 78 70 1 1)
(65 54 56 1 1)
(66 77 69 1 1)
(66 54 56 1 1)
(67 54 56 1 1)
(67 71 66 1 1)
(68 54 56 1 1)
(68 70 65 1 1)
(69 54 56 1 1)
(69 78 70 1 1)
(70 54 56 1 1)
(70 77 69 1 1)
(71 54 56 1 1)
(71 71 66 1 1)
(72 54 56 1 1)
(72 70 65 1 1)
(73 54 56 1 1)
(73 73 67 1 1)
(74 54 56 1 1)
(74 76 69 1 1)
(75 76 69 1 1)
(75 54 56 1 1)
(76 76 69 5833333/5000000 1)
(76 54 56 1 1)
(9645833/125000 82 72 16666667/100000000 1)
(9666667/125000 85 74 16666667/100000000 1)
(155/2 88 76 16666667/100000000 1)
(9708333/125000 85 74 16666667/100000000 1)
(9729167/125000 82 72 16666667/100000000 1)
(78 76 69 1/2 1)
(80 90 77 2 1)
(80 51 54 1 1)
(81 51 54 1 1)
(82 57 58 3/2 1)
(82 51 54 1 1)
(83 51 54 1 1)
(167/2 59 59 1/4 1)
(335/4 57 58 1/4 1)
(84 56 57 1 1)
(84 52 55 1 1)
(85 52 55 1 1)
(85 80 71 5/4 1)
(86 52 55 1 1)
(345/4 79 71 1/4 1)
(173/2 80 71 1/4 1)
(347/4 79 71 1/4 1)
(87 80 71 1/4 1)
(349/4 79 71 1/4 1)
(175/2 80 71 1/4 1)
(351/4 82 72 1/4 1)
(88 83 73 1/4 1)
(353/4 79 71 1/4 1)
(177/2 80 71 1/4 1)
(355/4 82 72 1/4 1)
(89 83 73 1/4 1)
(357/4 75 68 1/4 1)
(179/2 76 69 1/4 1)
(359/4 78 70 1/4 1)
(90 80 71 1/4 1)
(361/4 72 66 1/4 1)
(181/2 73 67 1/4 1)
(363/4 75 68 1/4 1)
(91 76 69 1/4 1)
(365/4 72 66 1/4 1)
(183/2 73 67 1/4 1)
(367/4 65 62 1/4 1)
(92 66 63 2 1)
(92 54 56 1 1)
(93 54 56 1 1)
(94 73 67 2 1)
(94 54 56 1 1)
(95 54 56 1 1)
(96 71 66 9/4 1)
(96 47 52 1 1)
(97 51 54 1 1)
(98 52 55 1 1)
(393/4 79 71 1/4 1)
(197/2 80 71 1/4 1)
(395/4 76 69 1/4 1)
(99 54 56 1 1)
(99 75 68 1/4 1)
(397/4 73 67 1/4 1)
(199/2 71 66 1/4 1)
(399/4 70 65 1/4 1)
(100 71 66 9/4 1)
(100 47 52 1 1)
(101 51 54 1 1)
(102 52 55 1 1)
(409/4 67 64 1/4 1)
(205/2 68 64 1/4 1)
(411/4 64 62 1/4 1)
(103 63 61 1/4 1)
(103 54 56 1 1)
(413/4 61 60 1/4 1)
(207/2 59 59 1/4 1)
(415/4 58 58 1/4 1)
(104 58 58 2 1)
(104 47 52 3 1)
(106 59 59 1 1)
(108 52 55 1 1)
(108 71 66 3 1)
(109 56 57 1 1)
(110 54 56 1 1)
(111 47 52 1 1)
(111 75 68 1 1)
(112 76 69 1/2 1)
(112 52 55 1 1)
(225/2 71 66 1/2 1)
(113 71 66 3/2 1)
(113 56 57 1 1)
(114 54 56 1 1)
(229/2 81 72 1/4 1)
(459/4 80 71 1/4 1)
(115 81 72 1/4 1)
(115 47 52 1 1)
(461/4 78 70 1/4 1)
(231/2 76 69 1/4 1)
(463/4 75 68 1/4 1)
(116 76 69 1/4 1)
(116 52 55 1 1)
(465/4 56 57 1/4 1)
(233/2 59 59 1/4 1)
(467/4 64 62 1/4 1)
(117 68 64 1/4 1)
(469/4 71 66 1/4 1)
(235/2 76 69 1/4 1)
(471/4 80 71 1/4 1)
(118 83 73 1/4 1)
(473/4 80 71 1/4 1)
(237/2 78 70 1/4 1)
(475/4 76 69 1/4 1)
(119 75 68 1/8 1)
(953/8 76 69 1/8 1)
(477/4 75 68 1/8 1)
(955/8 76 69 1/8 1)
(239/2 75 68 1/8 1)
(957/8 76 69 1/8 1)
(479/4 75 68 1/8 1)
(959/8 76 69 1/8 1)
(120 45 51 1 1)
(120 73 67 1 1)
(121 52 55 1 1)
(121 71 66 1 1)
(124 69 65 5/2 1)
(124 54 56 1 1)
(125 52 55 1 1)
(126 51 54 1 1)
(253/2 78 70 1/4 1)
(507/4 75 68 1/4 1)
(127 51 54 1 1)
(127 81 72 1/4 1)
(509/4 78 70 1/4 1)
(255/2 75 68 1/4 1)
(511/4 69 65 1/4 1)
(128 52 55 1 1)
(128 69 65 1/2 1)
(257/2 68 64 1/2 1)
(129 51 54 1 1)
(129 68 64 5/4 1)
(130 49 53 1 1)
(521/4 69 65 1/8 1)
(1043/8 71 66 1/8 1)
(261/2 73 67 1/8 1)
(1045/8 75 68 1/8 1)
(523/4 76 69 1/8 1)
(1047/8 78 70 1/8 1)
(131 44 50 1 1)
(131 80 71 1/4 1)
(525/4 76 69 1/4 1)
(263/2 71 66 1/4 1)
(527/4 68 64 1/4 1)
(132 45 51 1 1)
(132 66 63 1/2 1)
(265/2 68 64 1/4 1)
(531/4 69 65 1/4 1)
(133 69 65 1/2 1)
(133 45 51 1 1)
(267/2 71 66 1/4 1)
(535/4 73 67 1/4 1)
(134 73 67 1/2 1)
(134 45 51 1 1)
(269/2 61 60 1/4 1)
(539/4 69 65 1/4 1)
(135 69 65 1/2 1)
(135 47 52 1 1)
(271/2 66 63 3/8 1)
(1087/8 63 61 1/8 1)
(136 40 48 3/2 1)
(136 63 61 1 1)
(137 64 62 1/2 1)
(275/2 57 58 1/2 1)
(138 56 57 1 1)
(139 54 56 1 1)
(140 71 66 3 1)
(140 52 55 1 1)
(141 56 57 1 1)
(142 54 56 1 1)
(143 75 68 1 1)
(143 47 52 1 1)
(144 76 69 1/2 1)
(144 52 55 1 1)
(289/2 71 66 1/2 1)
(145 71 66 5833333/5000000 1)
(145 56 57 1 1)
(146 54 56 1 1)
(14616667/100000 75 68 16666667/100000000 1)
(14633333/100000 78 70 16666667/100000000 1)
(293/2 81 72 16666667/100000000 1)
(14666667/100000 80 71 16666667/100000000 1)
(14683333/100000 78 70 16666667/100000000 1)
(147 47 52 1 1)
(147 85 74 16666667/100000000 1)
(14716667/100000 83 73 16666667/100000000 1)
(14733333/100000 81 72 16666667/100000000 1)
(295/2 78 70 16666667/100000000 1)
(14766667/100000 76 69 16666667/100000000 1)
(14783333/100000 75 68 16666667/100000000 1)
(148 76 69 2 1)
(148 52 55 1 1)
(149 52 55 1 1)
(150 86 75 2 1)
(150 52 55 1 1)
(151 52 55 1 1)
(152 52 55 1 1)
(152 85 74 2 1)
(153 52 55 1 1)
(154 81 72 2 1)
(154 52 55 1 1)
(155 52 55 1 1)
(156 52 55 1 1)
(156 80 71 1/4 1)
(625/4 83 73 1/4 1)
(313/2 81 72 1/4 1)
(627/4 80 71 1/4 1)
(157 81 72 1/4 1)
(629/4 83 73 1/4 1)
(315/2 85 74 1/4 1)
(631/4 87 75 1/4 1)
(158 76 69 1/4 1)
(633/4 71 66 1/4 1)
(317/2 80 71 1/4 1)
(635/4 76 69 1/4 1)
(159 83 73 3/4 1)
(159 52 55 1 1)
(639/4 68 64 1/4 1)
(160 68 64 1 1)
(160 47 52 1 1)
(161 59 59 1 1)
(161 66 63 1 1)
(162 47 52 1 1)
(163 49 53 1 1)
(164 78 70 9/4 1)
(164 51 54 1 1)
(165 39 47 1 1)
(665/4 75 68 1/4 1)
(333/2 76 69 1/4 1)
(667/4 73 67 1/4 1)
(167 51 54 1 1)
(167 71 66 1/4 1)
(669/4 83 73 1/4 1)
(335/2 71 66 1/4 1)
(671/4 81 72 1/4 1)
(168 52 55 1 1)
(168 79 71 1/2 1)
(337/2 80 71 1/2 1)
(169 40 48 1 1)
(169 80 71 5/4 1)
(681/4 76 69 1/4 1)
(341/2 88 76 1/4 1)
(683/4 88 76 1/4 1)
(171 88 76 1/4 1)
(171 52 55 1 1)
(685/4 87 75 1/4 1)
(343/2 85 74 1/4 1)
(687/4 83 73 1/4 1)
(172 54 56 1 1)
(172 82 72 1 1)
(173 54 56 1 1)
(173 78 70 1 1)
(174 54 56 1 1)
(174 77 69 1 1)
(175 54 56 1 1)
(175 71 66 1 1)
(176 54 56 1 1)
(176 70 65 1 1)
(177 78 70 1 1)
(177 54 56 1 1)
(178 54 56 1 1)
(178 77 69 1/2 1)
(357/2 86 75 1/2 1)
(179 54 56 1 1)
(179 85 74 1/2 1)
(359/2 83 73 1/2 1)
(180 54 56 1 1)
(180 82 72 1/4 1)
(721/4 83 73 1/4 1)
(361/2 85 74 1/4 1)
(723/4 82 72 1/4 1)
(181 54 56 1 1)
(181 76 69 1/2 1)
(363/2 76 69 1/2 1)
(182 76 69 5/8 1)
(182 54 56 1 1)
(1461/8 78 70 1/8 1)
(731/4 80 71 1/8 1)
(1463/8 78 70 1/8 1)
(183 76 69 1/2 1)
(183 54 56 1 1)
(367/2 76 69 1/2 1)
(184 88 76 3 1)
(184 54 56 1 1)
(187 76 69 1 1)
(188 90 77 2 1)
(188 51 54 1 1)
(189 51 54 1 1)
(190 57 58 3/2 1)
(190 51 54 1 1)
(191 51 54 1 1)
(383/2 59 59 1/4 1)
(767/4 57 58 1/4 1)
(192 52 55 1 1)
(192 56 57 1 1)
(193 52 55 1 1)
(193 80 71 5833333/5000000 1)
(194 52 55 1 1)
(19416667/100000 82 72 16666667/100000000 1)
(19433333/100000 79 71 16666667/100000000 1)
(389/2 80 71 16666667/100000000 1)
(19466667/100000 82 72 16666667/100000000 1)
(19483333/100000 79 71 16666667/100000000 1)
(195 80 71 16666667/100000000 1)
(19516667/100000 82 72 16666667/100000000 1)
(19533333/100000 79 71 16666667/100000000 1)
(391/2 80 71 16666667/100000000 1)
(19566667/100000 83 73 16666667/100000000 1)
(19583333/100000 82 72 16666667/100000000 1)
(196 83 73 16666667/100000000 1)
(19616667/100000 75 68 16666667/100000000 1)
(19633333/100000 76 69 16666667/100000000 1)
(393/2 78 70 16666667/100000000 1)
(19666667/100000 80 71 16666667/100000000 1)
(19683333/100000 82 72 16666667/100000000 1)
(197 83 73 16666667/100000000 1)
(19716667/100000 71 66 16666667/100000000 1)
(19733333/100000 73 67 16666667/100000000 1)
(395/2 75 68 16666667/100000000 1)
(19766667/100000 76 69 16666667/100000000 1)
(19783333/100000 78 70 16666667/100000000 1)
(198 80 71 16666667/100000000 1)
(19816667/100000 68 64 16666667/100000000 1)
(19833333/100000 70 65 16666667/100000000 1)
(397/2 71 66 16666667/100000000 1)
(19866667/100000 73 67 16666667/100000000 1)
(19883333/100000 75 68 16666667/100000000 1)
(199 76 69 16666667/100000000 1)
(19916667/100000 75 68 16666667/100000000 1)
(19933333/100000 73 67 16666667/100000000 1)
(399/2 71 66 16666667/100000000 1)
(19966667/100000 70 65 16666667/100000000 1)
(19983333/100000 68 64 16666667/100000000 1)
(200 66 63 1/4 1)
(200 54 56 1 1)
(801/4 71 66 1/4 1)
(401/2 75 68 1/4 1)
(803/4 78 70 1/4 1)
(201 54 56 1 1)
(201 83 73 1/4 1)
(805/4 87 75 1/4 1)
(403/2 90 77 1/4 1)
(202 73 67 2 1)
(202 54 56 1 1)
(203 54 56 1 1)
(204 47 52 1 1)
(204 78 70 3 1)
(205 51 54 1 1)
(206 49 53 1 1)
(207 42 49 1 1)
(207 82 72 1 1)
(208 47 52 1 1)
(208 83 73 1/2 1)
(417/2 78 70 1/2 1)
(209 51 54 1 1)
(209 78 70 2 1)
(210 49 53 1 1)
(211 54 56 1 1)
(211 82 72 1 1)
(212 83 73 5/2 1)
(212 59 59 1 1)
(213 59 59 1 1)
(214 59 59 1 1)
(429/2 81 72 1/2 1)
(215 80 71 1/2 1)
(215 59 59 1 1)
(431/2 78 70 1/2 1)
(216 77 69 4 1)
(216 59 59 1 1)
(217 59 59 1 1)
(218 59 59 1 1)
(219 59 59 1 1)
(220 78 70 4 1)
(220 57 58 1 1)
(221 57 58 1 1)
(222 57 58 1 1)
(223 57 58 1 1)
(224 79 71 4 1)
(224 57 58 1 1)
(225 57 58 1 1)
(226 57 58 1 1)
(227 57 58 1 1)
(228 80 71 3 1)
(228 56 57 1 1)
(229 56 57 1 1)
(230 56 57 1 1)
(231 56 57 1 1)
(231 78 70 1/4 1)
(925/4 76 69 1/4 1)
(463/2 75 68 1/4 1)
(927/4 73 67 1/4 1)
(232 56 57 1 1)
(232 73 67 1/4 1)
(929/4 72 66 1/4 1)
(465/2 76 69 1/4 1)
(931/4 75 68 1/4 1)
(233 56 57 1 1)
(233 75 68 3 1)
(234 56 57 1 1)
(235 54 56 1 1)
(236 80 71 3 1)
(236 52 55 1 1)
(237 52 55 1 1)
(238 53 55 1 1)
(239 53 55 1 1)
(239 73 67 1/2 1)
(479/2 83 73 1/2 1)
(240 81 72 1/2 1)
(240 54 56 1 1)
(481/2 80 71 1/4 1)
(963/4 78 70 1/4 1)
(241 78 70 2 1)
(241 54 56 1 1)
(242 51 54 1 1)
(243 51 54 1 1)
(243 71 66 1/2 1)
(487/2 81 72 1/2 1)
(244 80 71 1/2 1)
(244 52 55 1 1)
(489/2 78 70 1/4 1)
(979/4 76 69 1/4 1)
(245 76 69 2 1)
(245 52 55 1 1)
(246 56 57 1 1)
(247 56 57 1 1)
(247 74 68 1 1)
(248 73 67 1 1)
(248 57 58 1 1)
(249 57 58 1 1)
(249 85 74 2 1)
(250 58 58 1 1)
(251 58 58 1 1)
(251 76 69 1 1)
(252 59 59 1 1)
(252 75 68 1/2 1)
(505/2 73 67 1/4 1)
(1011/4 71 66 1/4 1)
(253 71 66 1 1)
(253 59 59 1 1)
(254 57 58 1 1)
(255 57 58 1 1)
(256 56 57 1 1)
(256 71 66 3 1)
(257 44 50 1 1)
(258 44 50 1 1)
(259 72 66 1 1)
(259 44 50 1 1)
(260 73 67 3 1)
(260 45 51 2 1)
(263 46 51 1 1)
(263 74 68 1 1)
(264 47 52 2 1)
(264 75 68 4 1)
(267 48 52 1 1)
(268 49 53 1 1)
(268 76 69 4 1)
(269 49 53 1 1)
(270 49 53 1 1)
(271 49 53 1 1)
(272 47 52 1 1)
(272 75 68 1 1)
(273 83 73 1 1)
(273 47 52 1 1)
(274 82 72 1 1)
(274 47 52 1 1)
(275 47 52 1 1)
(275 76 69 1 1)
(276 47 52 1 1)
(276 75 68 1 1)
(277 47 52 1 1)
(277 83 73 1 1)
(278 82 72 1 1)
(278 47 52 1 1)
(279 76 69 1 1)
(279 47 52 1 1)
(280 47 52 1 1)
(280 75 68 1 1)
(281 78 70 1 1)
(281 47 52 1 1)
(282 47 52 1 1)
(282 81 72 1 1)
(283 81 72 1 1)
(283 47 52 1 1)
(284 81 72 3/2 1)
(284 47 52 1 1)
(571/2 83 73 1/4 1)
(1143/4 85 74 1/4 1)
(286 83 73 1 1)
(287 81 72 1 1)
(288 79 71 6 1)
(288 52 55 1 1)
(289 52 55 1 1)
(290 50 54 1 1)
(291 50 54 1 1)
(292 48 52 1 1)
(293 48 52 1 1)
(294 78 70 1 1)
(294 48 52 1 1)
(295 76 69 1 1)
(295 48 52 1 1)
(296 83 73 5/2 1)
(296 47 52 1 1)
(297 47 52 1 1)
(298 47 52 1 1)
(597/2 85 74 1/2 1)
(299 87 75 1/2 1)
(299 47 52 1 1)
(599/2 88 76 1/2 1)
(300 47 52 1 1)
(300 71 66 2 1)
(301 47 52 1 1)
(302 47 52 1 1)
(302 78 70 2 1)
(303 47 52 1 1)
(304 76 69 9/4 1)
(304 52 55 1 1)
(305 56 57 1 1)
(306 57 58 1 1)
(1225/4 84 73 1/4 1)
(613/2 85 74 1/4 1)
(1227/4 81 72 1/4 1)
(307 59 59 1 1)
(307 80 71 1/4 1)
(1229/4 78 70 1/4 1)
(615/2 76 69 1/4 1)
(1231/4 75 68 1/4 1)
(308 52 55 1 1)
(308 76 69 9/4 1)
(309 44 50 1 1)
(310 45 51 1 1)
(1241/4 72 66 1/4 1)
(621/2 73 67 1/4 1)
(1243/4 69 65 1/4 1)
(311 47 52 1 1)
(311 68 64 1/4 1)
(1245/4 66 63 1/4 1)
(623/2 64 62 1/4 1)
(1247/4 63 61 1/4 1)
(312 40 48 3 1)
(312 63 61 2 1)
(314 64 62 1 1)
