(5/2 74 68 1/2 1)
(3 55 57 1 1)
(3 74 68 3/4 1)
(15/4 73 67 1/4 1)
(4 55 57 1/2 1)
(4 74 68 1/2 1)
(9/2 74 68 3/4 1)
(9/2 55 57 1 1)
(21/4 73 67 1/4 1)
(11/2 55 57 1/2 1)
(11/2 74 68 1/2 1)
(6 76 69 3/4 1)
(6 48 53 1 1)
(27/4 75 68 1/4 1)
(7 76 69 1/2 1)
(7 48 53 1/2 1)
(15/2 69 65 1 1)
(15/2 50 54 1 1)
(17/2 72 67 1/2 1)
(17/2 50 54 1/2 1)
(9 71 66 3/4 1)
(9 55 57 1 1)
(39/4 72 67 1/4 1)
(10 55 57 1/2 1)
(10 74 68 1/2 1)
(21/2 48 53 1 1)
(21/2 69 65 3/4 1)
(45/4 71 66 1/4 1)
(23/2 48 53 1/2 1)
(23/2 72 67 1/2 1)
(12 50 54 5/2 1)
(12 67 64 3/2 1)
(27/2 66 63 1 1)
(29/2 62 61 1/2 1)
(15 62 61 3/4 1)
(15 54 56 1 1)
(63/4 64 62 1/4 1)
(16 62 61 1/2 1)
(16 54 56 1/2 1)
(33/2 62 61 3/4 1)
(33/2 54 56 1 1)
(69/4 64 62 1/4 1)
(35/2 62 61 1/2 1)
(35/2 54 56 1/2 1)
(18 72 67 3/4 1)
(18 54 56 1 1)
(75/4 74 68 1/4 1)
(19 54 56 1/2 1)
(19 72 67 1/2 1)
(39/2 55 57 1 1)
(39/2 71 66 1 1)
(41/2 55 57 1/2 1)
(41/2 71 66 1/2 1)
(21 48 53 1 1)
(21 76 69 3/4 1)
(87/4 75 68 1/4 1)
(22 76 69 1/2 1)
(22 48 53 1/2 1)
(45/2 79 71 3/4 1)
(45/2 48 53 1 1)
(93/4 78 70 1/4 1)
(47/2 48 53 1/2 1)
(47/2 76 69 1/2 1)
(24 47 52 5/2 1)
(24 76 69 3/2 1)
(51/2 75 68 1 1)
(53/2 74 68 1/2 1)
(27 59 59 1 1)
(27 74 68 3/4 1)
(111/4 73 67 1/4 1)
(28 59 59 1/2 1)
(28 74 68 1/2 1)
(57/2 52 55 1 1)
(57/2 76 69 3/4 1)
(117/4 74 68 1/4 1)
(59/2 52 55 1/2 1)
(59/2 76 69 1/2 1)
(30 73 67 3/4 1)
(30 57 58 1 1)
(123/4 71 66 1/4 1)
(31 57 58 1/2 1)
(31 73 67 1/2 1)
(63/2 50 54 1 1)
(63/2 74 68 1 1)
(65/2 72 67 1/2 1)
(65/2 54 56 1/2 1)
(33 55 57 1 1)
(33 71 66 3/4 1)
(135/4 72 67 1/4 1)
(34 74 68 1/2 1)
(34 55 57 1/2 1)
(69/2 69 65 3/4 1)
(69/2 48 53 1 1)
(141/4 71 66 1/4 1)
(71/2 48 53 1/2 1)
(71/2 72 67 1/2 1)
(36 67 64 3/2 1)
(36 50 54 5/2 1)
(75/2 66 63 1 1)
(77/2 50 54 1/2 1)
(77/2 62 61 1/2 1)
(39 64 62 3/4 1)
(39 50 54 1 1)
(159/4 66 63 1/4 1)
(40 50 54 1/2 1)
(40 64 62 1/2 1)
(81/2 48 53 1 1)
(81/2 64 62 3/4 1)
(165/4 69 65 1/4 1)
(83/2 72 67 1/2 1)
(83/2 48 53 1/2 1)
(42 48 53 1 1)
(42 62 61 3/4 1)
(171/4 64 62 1/4 1)
(43 48 53 1/2 1)
(43 62 61 1/2 1)
(87/2 62 61 3/4 1)
(87/2 47 52 1 1)
(177/4 67 64 1/4 1)
(89/2 47 52 1/2 1)
(89/2 71 66 1/2 1)
(45 48 53 1 1)
(45 69 65 3/4 1)
(183/4 71 66 1/4 1)
(46 72 67 1/2 1)
(46 48 53 1/2 1)
(93/2 67 64 3/4 1)
(93/2 50 54 1 1)
(189/4 69 65 1/4 1)
(95/2 66 63 1/2 1)
(95/2 50 54 1/2 1)
(48 43 50 5/2 1)
(48 69 65 3/2 1)
(99/2 67 64 1 1)
(101/2 74 68 1/2 1)
(51 73 67 1/4 1)
(51 55 57 1 1)
(205/4 74 68 1/4 1)
(103/2 76 69 1/4 1)
(207/4 74 68 1/4 1)
(52 55 57 1/2 1)
(52 74 68 1/2 1)
(105/2 55 57 1 1)
(105/2 73 67 1/4 1)
(211/4 74 68 1/4 1)
(53 76 69 1/4 1)
(213/4 74 68 1/4 1)
(107/2 55 57 1/2 1)
(107/2 74 68 1/2 1)
(54 75 68 1/4 1)
(54 48 53 1 1)
(217/4 76 69 1/4 1)
(109/2 78 70 1/4 1)
(219/4 76 69 1/4 1)
(55 48 53 1/2 1)
(55 79 71 1/2 1)
(111/2 69 65 1 1)
(111/2 50 54 1 1)
(113/2 84 74 1/2 1)
(113/2 50 54 1/2 1)
(57 84 74 1/4 1)
(57 55 57 1 1)
(229/4 83 73 1/4 1)
(115/2 81 72 1/4 1)
(231/4 79 71 1/4 1)
(58 78 70 1/4 1)
(58 55 57 1/2 1)
(233/4 76 69 1/4 1)
(117/2 74 68 1/4 1)
(117/2 48 53 1 1)
(235/4 72 67 1/4 1)
(59 71 66 1/4 1)
(237/4 69 65 1/4 1)
(119/2 72 67 1/4 1)
(119/2 48 53 1/2 1)
(239/4 69 65 1/4 1)
(60 50 54 5/2 1)
(60 67 64 3/2 1)
(123/2 66 63 1 1)
(125/2 62 61 1/2 1)
(63 54 56 1 1)
(63 61 60 1/4 1)
(253/4 62 61 1/4 1)
(127/2 64 62 1/4 1)
(255/4 62 61 1/4 1)
(64 62 61 1/2 1)
(64 54 56 1/2 1)
(129/2 73 67 1/4 1)
(129/2 54 56 1 1)
(259/4 74 68 1/4 1)
(65 76 69 1/4 1)
(261/4 74 68 1/4 1)
(131/2 54 56 1/2 1)
(131/2 74 68 1/2 1)
(66 54 56 1 1)
(66 83 73 1/4 1)
(265/4 84 74 1/4 1)
(133/2 88 76 1/4 1)
(267/4 84 74 1/4 1)
(67 88 76 1/4 1)
(67 54 56 1/2 1)
(269/4 84 74 1/4 1)
(135/2 55 57 1 1)
(135/2 83 73 1 1)
(137/2 83 73 1/2 1)
(137/2 55 57 1/2 1)
(69 88 76 1/4 1)
(69 48 53 1 1)
(277/4 87 75 1/4 1)
(139/2 88 76 1/4 1)
(279/4 87 75 1/4 1)
(70 48 53 1/2 1)
(70 88 76 1/4 1)
(281/4 87 75 1/4 1)
(141/2 88 76 1/2 1)
(141/2 48 53 1 1)
(71 79 71 1/2 1)
(143/2 76 69 1/2 1)
(143/2 48 53 1/2 1)
(72 47 52 5/2 1)
(72 75 68 1/4 1)
(289/4 76 69 1/4 1)
(145/2 78 70 1/4 1)
(291/4 80 71 1/4 1)
(73 82 73 1/4 1)
(293/4 83 73 1/4 1)
(147/2 71 66 1/2 1)
(149/2 74 68 1/2 1)
(75 73 67 1/4 1)
(75 59 59 1 1)
(301/4 74 68 1/4 1)
(151/2 78 70 1/4 1)
(303/4 74 68 1/4 1)
(76 71 66 1/2 1)
(76 59 59 1/2 1)
(153/2 52 55 1 1)
(153/2 78 70 1/4 1)
(307/4 79 71 1/4 1)
(77 83 73 1/4 1)
(309/4 79 71 1/4 1)
(155/2 76 69 1/2 1)
(155/2 52 55 1/2 1)
(78 57 58 1 1)
(78 72 67 1/4 1)
(313/4 73 67 1/4 1)
(157/2 76 69 1/4 1)
(315/4 73 67 1/4 1)
(79 69 65 1/4 1)
(79 57 58 1/2 1)
(317/4 73 67 1/4 1)
(159/2 50 54 1 1)
(159/2 74 68 1 1)
(161/2 54 56 1/2 1)
(161/2 72 67 1/4 1)
(323/4 84 74 1/4 1)
(81 55 57 1 1)
(81 84 74 1/4 1)
(325/4 83 73 1/4 1)
(163/2 81 72 1/4 1)
(327/4 79 71 1/4 1)
(82 78 70 1/4 1)
(82 55 57 1/2 1)
(329/4 76 69 1/4 1)
(165/2 48 53 1 1)
(165/2 74 68 1/4 1)
(331/4 72 67 1/4 1)
(83 71 66 1/4 1)
(333/4 69 65 1/4 1)
(167/2 72 67 1/4 1)
(167/2 48 53 1/2 1)
(335/4 69 65 1/4 1)
(84 50 54 5/2 1)
(84 67 64 3/2 1)
(171/2 66 63 1 1)
(173/2 50 54 1/2 1)
(173/2 74 68 1/2 1)
(87 50 54 1 1)
(87 65 63 1/4 1)
(349/4 64 62 1/4 1)
(175/2 65 63 1/4 1)
(351/4 64 62 1/4 1)
(88 65 63 1/4 1)
(88 50 54 1/2 1)
(353/4 64 62 1/4 1)
(177/2 48 53 1 1)
(177/2 76 69 1/2 1)
(89 72 67 1/2 1)
(179/2 72 67 1/2 1)
(179/2 48 53 1/2 1)
(90 63 61 1/4 1)
(90 48 53 1 1)
(361/4 62 61 1/4 1)
(181/2 63 61 1/4 1)
(363/4 62 61 1/4 1)
(91 63 61 1/4 1)
(91 48 53 1/2 1)
(365/4 62 61 1/4 1)
(183/2 74 68 1/2 1)
(183/2 47 52 1 1)
(92 71 66 1/2 1)
(185/2 47 52 1/2 1)
(185/2 79 71 1/2 1)
(93 48 53 1 1)
(93 57 58 1/4 1)
(373/4 59 59 1/4 1)
(187/2 60 60 1/4 1)
(375/4 62 61 1/4 1)
(94 48 53 1/2 1)
(94 64 62 1/4 1)
(377/4 66 63 1/4 1)
(189/2 50 54 1 1)
(189/2 67 64 1/4 1)
(379/4 69 65 1/4 1)
(95 71 66 1/4 1)
(381/4 72 67 1/4 1)
(191/2 50 54 1/2 1)
(191/2 69 65 1/4 1)
(383/4 66 63 1/4 1)
(96 43 50 5/2 1)
(96 69 65 3/2 1)
(195/2 67 64 1 1)
(100 67 64 1/2 1)
(201/2 67 64 3/4 1)
(405/4 66 63 1/4 1)
(203/2 67 64 1/2 1)
(102 60 60 3/2 1)
(207/2 62 61 3/4 1)
(417/4 64 62 1/4 1)
(209/2 84 74 1/2 1)
(209/2 66 63 1/2 1)
(105 83 73 1/4 1)
(105 67 64 3/2 1)
(421/4 84 74 1/4 1)
(211/2 86 75 1/4 1)
(423/4 88 76 1/4 1)
(106 90 77 1/4 1)
(425/4 91 78 1/4 1)
(213/2 60 60 3/2 1)
(213/2 90 77 1/4 1)
(427/4 91 78 1/4 1)
(107 90 77 1/4 1)
(429/4 91 78 1/4 1)
(215/2 88 76 1/4 1)
(431/4 84 74 1/4 1)
(108 83 73 3/2 1)
(108 62 61 3 1)
(219/2 81 72 1 1)
(221/2 86 75 1/2 1)
(111 62 61 3/4 1)
(111 86 75 11/2 1)
(447/4 64 62 1/4 1)
(112 66 63 1/2 1)
(225/2 67 64 3/4 1)
(453/4 69 65 1/4 1)
(227/2 71 66 1/2 1)
(114 72 67 3/2 1)
(231/2 71 66 1 1)
(233/2 50 54 1/2 1)
(233/2 84 74 1/2 1)
(117 83 73 3/4 1)
(117 55 57 3/4 1)
(471/4 57 58 1/4 1)
(471/4 81 72 1/4 1)
(118 59 59 1/2 1)
(118 79 71 1/2 1)
(237/2 60 60 3/2 1)
(237/2 79 71 3/4 1)
(477/4 78 70 1/4 1)
(239/2 76 69 1/2 1)
(120 76 69 3/2 1)
(120 59 59 5/2 1)
(243/2 75 68 1 1)
(245/2 78 70 1/2 1)
(123 78 70 3/4 1)
(495/4 79 71 1/4 1)
(124 78 70 1/2 1)
(249/2 79 71 3/4 1)
(501/4 81 72 1/4 1)
(251/2 83 73 1/2 1)
(126 76 69 3/4 1)
(507/4 78 70 1/4 1)
(127 79 71 1/2 1)
(255/2 78 70 1/2 1)
(255/2 62 61 3/4 1)
(513/4 64 62 1/4 1)
(257/2 84 74 1/2 1)
(257/2 66 63 1/2 1)
(129 67 64 3/2 1)
(129 83 73 1/4 1)
(517/4 84 74 1/4 1)
(519/4 88 76 1/4 1)
(130 90 77 1/4 1)
(521/4 91 78 1/4 1)
(261/2 90 77 1/4 1)
(261/2 60 60 3/2 1)
(523/4 91 78 1/4 1)
(131 90 77 1/4 1)
(525/4 91 78 1/4 1)
(263/2 88 76 1/4 1)
(527/4 84 74 1/4 1)
(132 83 73 3/2 1)
(132 62 61 9/4 1)
(267/2 81 72 1 1)
(537/4 64 62 1/4 1)
(269/2 86 75 1/2 1)
(269/2 66 63 1/2 1)
(135 86 75 3/2 1)
(135 68 64 3/4 1)
(543/4 69 65 1/4 1)
(136 71 66 1/2 1)
(273/2 69 65 1 1)
(273/2 85 74 3/2 1)
(138 84 74 3/2 1)
(138 62 61 3/4 1)
(555/4 64 62 1/4 1)
(139 66 63 1/2 1)
(279/2 67 64 1 1)
(279/2 83 73 1 1)
(281/2 59 59 1/2 1)
(141 57 58 3/4 1)
(141 36 46 3/2 1)
(567/4 60 60 1/4 1)
(142 64 62 1/2 1)
(285/2 62 61 3/4 1)
(285/2 38 47 3/2 1)
(573/4 67 64 1/4 1)
(287/2 66 63 1/2 1)
(144 69 65 3/2 1)
(144 43 50 5/2 1)
(291/2 67 64 1 1)
(293/2 74 68 1/2 1)
(147 43 50 1 1)
(147 74 68 3/4 1)
(591/4 73 67 1/4 1)
(148 74 68 1/2 1)
(148 43 50 1/2 1)
(297/2 74 68 3/4 1)
(297/2 43 50 1 1)
(597/4 73 67 1/4 1)
(299/2 74 68 1/2 1)
(299/2 43 50 1/2 1)
(150 76 69 3/4 1)
(150 48 53 1 1)
(603/4 75 68 1/4 1)
(151 76 69 1/2 1)
(151 48 53 1/2 1)
(303/2 50 54 1 1)
(303/2 69 65 1 1)
(305/2 50 54 1/2 1)
(305/2 72 67 1/2 1)
(153 71 66 3/4 1)
(153 43 50 1 1)
(615/4 72 67 1/4 1)
(154 74 68 1/2 1)
(154 43 50 1/2 1)
(309/2 48 53 1 1)
(309/2 69 65 3/4 1)
(621/4 71 66 1/4 1)
(311/2 72 67 1/2 1)
(156 50 54 1 1)
(156 67 64 3/2 1)
(315/2 50 54 1 1)
(315/2 66 63 1 1)
(317/2 62 61 1/2 1)
(159 62 61 3/4 1)
(159 54 56 1 1)
(639/4 64 62 1/4 1)
(160 62 61 1/2 1)
(321/2 54 56 1 1)
(321/2 62 61 3/4 1)
(645/4 64 62 1/4 1)
(323/2 62 61 1/2 1)
(162 72 67 3/4 1)
(162 54 56 1 1)
(651/4 74 68 1/4 1)
(163 72 67 1/2 1)
(327/2 55 57 1 1)
(327/2 71 66 1 1)
(329/2 71 66 1/2 1)
(165 76 69 3/4 1)
(165 48 53 1 1)
(663/4 75 68 1/4 1)
(166 76 69 1/2 1)
(333/2 48 53 1 1)
(333/2 79 71 3/4 1)
(669/4 78 70 1/4 1)
(335/2 76 69 1/2 1)
(168 47 52 5/2 1)
(168 76 69 3/2 1)
(339/2 75 68 1 1)
(341/2 74 68 1/2 1)
(171 74 68 3/4 1)
(171 43 50 1/4 1)
(685/4 55 57 1/4 1)
(343/2 54 56 1/4 1)
(687/4 55 57 1/4 1)
(687/4 73 67 1/4 1)
(172 50 54 1/4 1)
(172 74 68 1/2 1)
(689/4 47 52 1/4 1)
(345/2 43 50 1/4 1)
(345/2 74 68 3/4 1)
(691/4 59 59 1/4 1)
(173 55 57 1/4 1)
(693/4 73 67 1/4 1)
(693/4 54 56 1/4 1)
(347/2 74 68 1/2 1)
(347/2 52 55 1/4 1)
(695/4 50 54 1/4 1)
(174 48 53 1/4 1)
(174 76 69 3/4 1)
(697/4 60 60 1/4 1)
(349/2 59 59 1/4 1)
(699/4 60 60 1/4 1)
(699/4 75 68 1/4 1)
(175 57 58 1/4 1)
(175 76 69 1/2 1)
(701/4 55 57 1/4 1)
(351/2 69 65 1 1)
(351/2 54 56 1/4 1)
(703/4 55 57 1/4 1)
(176 57 58 1/4 1)
(705/4 50 54 1/4 1)
(353/2 52 55 1/4 1)
(353/2 72 67 1/2 1)
(707/4 54 56 1/4 1)
(177 71 66 3/4 1)
(177 55 57 1/4 1)
(709/4 54 56 1/4 1)
(355/2 52 55 1/4 1)
(711/4 50 54 1/4 1)
(711/4 72 67 1/4 1)
(178 48 53 1/4 1)
(178 74 68 1/2 1)
(713/4 47 52 1/4 1)
(357/2 69 65 3/4 1)
(357/2 48 53 1/4 1)
(715/4 50 54 1/4 1)
(179 48 53 1/4 1)
(717/4 47 52 1/4 1)
(717/4 71 66 1/4 1)
(359/2 45 51 1/4 1)
(359/2 72 67 1/2 1)
(719/4 48 53 1/4 1)
(180 67 64 3/2 1)
(180 50 54 1/4 1)
(721/4 62 61 1/4 1)
(361/2 61 60 1/4 1)
(723/4 62 61 1/4 1)
(181 61 60 1/4 1)
(725/4 62 61 1/4 1)
(363/2 50 54 1/4 1)
(363/2 66 63 1 1)
(727/4 54 56 1/4 1)
(182 57 58 1/4 1)
(729/4 62 61 1/4 1)
(365/2 62 61 1/2 1)
(365/2 57 58 1/4 1)
(731/4 54 56 1/4 1)
(183 50 54 1/4 1)
(183 62 61 3/4 1)
(733/4 60 60 1/4 1)
(367/2 59 59 1/4 1)
(735/4 64 62 1/4 1)
(735/4 60 60 1/4 1)
(184 62 61 1/2 1)
(184 57 58 1/4 1)
(737/4 54 56 1/4 1)
(369/2 62 61 3/4 1)
(369/2 50 54 1/4 1)
(739/4 48 53 1/4 1)
(185 45 51 1/4 1)
(741/4 43 50 1/4 1)
(741/4 64 62 1/4 1)
(371/2 62 61 1/2 1)
(371/2 42 49 1/4 1)
(743/4 40 48 1/4 1)
(186 72 67 3/4 1)
(186 38 47 1/4 1)
(745/4 42 49 1/4 1)
(373/2 45 51 1/4 1)
(747/4 74 68 1/4 1)
(747/4 48 53 1/4 1)
(187 50 54 1/4 1)
(187 72 67 1/2 1)
(749/4 54 56 1/4 1)
(375/2 55 57 1/4 1)
(375/2 71 66 1 1)
(751/4 59 59 1/4 1)
(188 55 57 1/4 1)
(753/4 54 56 1/4 1)
(377/2 71 66 1/2 1)
(377/2 52 55 1/4 1)
(755/4 50 54 1/4 1)
(189 76 69 3/4 1)
(189 48 53 1/4 1)
(757/4 52 55 1/4 1)
(379/2 54 56 1/4 1)
(759/4 75 68 1/4 1)
(759/4 55 57 1/4 1)
(190 57 58 1/4 1)
(190 76 69 1/2 1)
(761/4 59 59 1/4 1)
(381/2 60 60 1/4 1)
(381/2 79 71 3/4 1)
(763/4 59 59 1/4 1)
(191 60 60 1/4 1)
(765/4 78 70 1/4 1)
(765/4 62 61 1/4 1)
(383/2 60 60 1/2 1)
(383/2 76 69 1/2 1)
(192 59 59 1/2 1)
(192 76 69 3/2 1)
(385/2 47 52 1/2 1)
(193 47 52 1/2 1)
(387/2 75 68 1 1)
(387/2 47 52 1 1)
(389/2 74 68 1/2 1)
(195 59 59 1 1)
(195 74 68 3/4 1)
(783/4 73 67 1/4 1)
(196 74 68 1/2 1)
(393/2 52 55 1 1)
(393/2 76 69 3/4 1)
(789/4 74 68 1/4 1)
(395/2 76 69 1/2 1)
(198 73 67 3/4 1)
(198 57 58 1 1)
(795/4 71 66 1/4 1)
(199 73 67 1/2 1)
(399/2 74 68 1 1)
(399/2 50 54 1 1)
(401/2 72 67 1/2 1)
(201 71 66 3/4 1)
(201 55 57 1 1)
(807/4 72 67 1/4 1)
(202 74 68 1/2 1)
(405/2 69 65 3/4 1)
(405/2 48 53 1 1)
(813/4 71 66 1/4 1)
(407/2 72 67 1/2 1)
(204 50 54 5/2 1)
(204 67 64 3/2 1)
(411/2 66 63 1 1)
(413/2 62 61 1/2 1)
(207 56 57 1 1)
(207 64 62 3/4 1)
(831/4 66 63 1/4 1)
(208 64 62 1/2 1)
(417/2 64 62 3/4 1)
(417/2 57 58 1 1)
(837/4 69 65 1/4 1)
(419/2 72 67 1/2 1)
(210 62 61 3/4 1)
(210 54 56 1 1)
(843/4 64 62 1/4 1)
(211 62 61 1/2 1)
(423/2 62 61 3/4 1)
(423/2 55 57 1 1)
(849/4 67 64 1/4 1)
(425/2 71 66 1/2 1)
(213 48 53 1 1)
(213 69 65 3/4 1)
(855/4 71 66 1/4 1)
(214 72 67 1/2 1)
(429/2 67 64 3/4 1)
(429/2 50 54 1 1)
(861/4 69 65 1/4 1)
(431/2 66 63 1/2 1)
(216 69 65 3/2 1)
(216 43 50 5/2 1)
(435/2 67 64 1 1)
(437/2 74 68 1/2 1)
(219 74 68 3/4 1)
(219 59 59 1/4 1)
(877/4 62 61 1/4 1)
(439/2 59 59 1/4 1)
(879/4 73 67 1/4 1)
(879/4 57 58 1/4 1)
(220 74 68 1/2 1)
(220 55 57 1/4 1)
(881/4 54 56 1/4 1)
(441/2 52 55 1/4 1)
(441/2 76 69 3/4 1)
(883/4 54 56 1/4 1)
(221 55 57 1/4 1)
(885/4 52 55 1/4 1)
(885/4 74 68 1/4 1)
(443/2 76 69 1/2 1)
(443/2 54 56 1/4 1)
(887/4 55 57 1/4 1)
(222 73 67 3/4 1)
(222 57 58 1/4 1)
(889/4 59 59 1/4 1)
(445/2 57 58 1/4 1)
(891/4 71 66 1/4 1)
(891/4 55 57 1/4 1)
(223 54 56 1/4 1)
(223 73 67 1/2 1)
(893/4 52 55 1/4 1)
(447/2 74 68 1 1)
(447/2 50 54 1/4 1)
(895/4 52 55 1/4 1)
(224 54 56 1/4 1)
(897/4 50 54 1/4 1)
(449/2 72 67 1/2 1)
(449/2 52 55 1/4 1)
(899/4 54 56 1/4 1)
(225 71 66 3/4 1)
(225 55 57 1/4 1)
(901/4 54 56 1/4 1)
(451/2 52 55 1/4 1)
(903/4 50 54 1/4 1)
(903/4 72 67 1/4 1)
(226 48 53 1/4 1)
(226 74 68 1/2 1)
(905/4 47 52 1/4 1)
(453/2 48 53 1/4 1)
(453/2 69 65 3/4 1)
(907/4 50 54 1/4 1)
(227 48 53 1/4 1)
(909/4 71 66 1/4 1)
(909/4 47 52 1/4 1)
(455/2 72 67 1/2 1)
(455/2 45 51 1/4 1)
(911/4 48 53 1/4 1)
(228 67 64 3/2 1)
(228 50 54 1/4 1)
(913/4 62 61 1/4 1)
(457/2 61 60 1/4 1)
(915/4 62 61 1/4 1)
(229 61 60 1/4 1)
(917/4 62 61 1/4 1)
(459/2 66 63 1 1)
(459/2 50 54 1/4 1)
(919/4 52 55 1/4 1)
(230 50 54 1/4 1)
(921/4 48 53 1/4 1)
(461/2 62 61 1/2 1)
(461/2 47 52 1/4 1)
(923/4 45 51 1/4 1)
(231 64 62 3/4 1)
(231 44 50 1/4 1)
(925/4 47 52 1/4 1)
(463/2 52 55 1/4 1)
(927/4 56 57 1/4 1)
(927/4 66 63 1/4 1)
(232 64 62 1/2 1)
(232 59 59 1/4 1)
(929/4 62 61 1/4 1)
(465/2 64 62 3/4 1)
(465/2 60 60 1/4 1)
(931/4 62 61 1/4 1)
(233 60 60 1/4 1)
(933/4 59 59 1/4 1)
(933/4 69 65 1/4 1)
(467/2 57 58 1/4 1)
(467/2 72 67 1/2 1)
(935/4 55 57 1/4 1)
(234 54 56 1/4 1)
(234 62 61 3/4 1)
(937/4 55 57 1/4 1)
(469/2 57 58 1/4 1)
(939/4 64 62 1/4 1)
(939/4 50 54 1/4 1)
(235 62 61 1/2 1)
(235 52 55 1/4 1)
(941/4 54 56 1/4 1)
(471/2 55 57 1/4 1)
(471/2 62 61 3/4 1)
(943/4 54 56 1/4 1)
(236 52 55 1/4 1)
(945/4 67 64 1/4 1)
(945/4 50 54 1/4 1)
(473/2 71 66 1/2 1)
(473/2 48 53 1/4 1)
(947/4 47 52 1/4 1)
(237 69 65 3/4 1)
(237 48 53 1/4 1)
(949/4 36 46 1/4 1)
(475/2 48 53 1/4 1)
(951/4 47 52 1/4 1)
(951/4 71 66 1/4 1)
(238 72 67 1/2 1)
(238 45 51 1/4 1)
(953/4 48 53 1/4 1)
(477/2 67 64 3/4 1)
(477/2 50 54 1/4 1)
(955/4 62 61 1/4 1)
(239 61 60 1/4 1)
(957/4 69 65 1/4 1)
(957/4 62 61 1/4 1)
(479/2 66 63 1/2 1)
(479/2 60 60 1/4 1)
(959/4 57 58 1/4 1)
(240 43 50 1/4 1)
(240 69 65 3/2 1)
(961/4 55 57 1/4 1)
(481/2 54 56 1/4 1)
(963/4 55 57 1/4 1)
(241 54 56 1/4 1)
(965/4 55 57 1/4 1)
(483/2 43 50 1 1)
(483/2 67 64 1 1)
(485/2 74 68 1/2 1)
(243 74 68 1/2 1)
(243 55 57 1 1)
(487/2 71 66 1/4 1)
(975/4 72 67 1/4 1)
(244 74 68 1/2 1)
(244 55 57 1/2 1)
(489/2 74 68 1/2 1)
(489/2 55 57 1 1)
(245 71 66 1/4 1)
(981/4 72 67 1/4 1)
(491/2 55 57 1/2 1)
(491/2 74 68 1/2 1)
(246 48 53 1 1)
(246 76 69 1/2 1)
(493/2 76 69 1/4 1)
(987/4 74 68 1/4 1)
(247 48 53 1/2 1)
(247 76 69 1/2 1)
(495/2 50 54 1 1)
(495/2 69 65 1 1)
(497/2 72 67 1/2 1)
(497/2 50 54 1/2 1)
(249 71 66 1/2 1)
(249 55 57 1 1)
(499/2 71 66 1/4 1)
(999/4 72 67 1/4 1)
(250 43 50 1/2 1)
(250 74 68 1/2 1)
(501/2 69 65 1/2 1)
(501/2 48 53 1 1)
(251 69 65 1/4 1)
(1005/4 71 66 1/4 1)
(503/2 48 53 1/2 1)
(503/2 72 67 1/2 1)
(252 50 54 5/2 1)
(252 67 64 3/2 1)
(507/2 66 63 1 1)
(509/2 62 61 1/2 1)
(255 62 61 1/2 1)
(255 54 56 1 1)
(511/2 62 61 1/4 1)
(1023/4 64 62 1/4 1)
(256 62 61 1/2 1)
(256 54 56 1/2 1)
(513/2 62 61 1/2 1)
(513/2 54 56 1 1)
(257 62 61 1/4 1)
(1029/4 64 62 1/4 1)
(515/2 62 61 1/2 1)
(515/2 54 56 1/2 1)
(258 62 61 1/2 1)
(258 54 56 1 1)
(258 81 72 1/2 1)
(258 72 67 1/2 1)
(517/2 72 67 1/2 1)
(259 72 67 1/2 1)
(259 54 56 1/2 1)
(519/2 71 66 1 1)
(519/2 55 57 1 1)
(521/2 47 52 1/2 1)
(521/2 79 71 1/2 1)
(261 48 53 1 1)
(261 69 65 1/2 1)
(523/2 69 65 1/4 1)
(1047/4 71 66 1/4 1)
(262 72 67 1/2 1)
(525/2 62 61 1/2 1)
(525/2 50 54 1 1)
(263 62 61 1/4 1)
(1053/4 64 62 1/4 1)
(527/2 66 63 1/2 1)
(264 67 64 1 1)
(264 55 57 1 1)
(533/2 79 71 1/2 1)
(533/2 64 62 1/2 1)
(267 78 70 1/2 1)
(267 62 61 1 1)
(535/2 78 70 1/4 1)
(1071/4 79 71 1/4 1)
(268 60 60 1/2 1)
(268 76 69 1/2 1)
(537/2 74 68 1/2 1)
(537/2 59 59 1 1)
(269 74 68 1/4 1)
(1077/4 76 69 1/4 1)
(539/2 72 67 1/2 1)
(539/2 57 58 1/2 1)
(270 71 66 1/2 1)
(270 55 57 1 1)
(541/2 71 66 1/4 1)
(1083/4 74 68 1/4 1)
(271 57 58 1/2 1)
(271 73 67 1/2 1)
(543/2 59 59 1 1)
(543/2 74 68 1 1)
(545/2 64 62 1/2 1)
(545/2 79 71 1/2 1)
(273 62 61 1/2 1)
(273 78 70 1/2 1)
(547/2 62 61 1/4 1)
(547/2 78 70 1/4 1)
(1095/4 64 62 1/4 1)
(1095/4 79 71 1/4 1)
(274 76 69 1/2 1)
(274 60 60 1/2 1)
(549/2 59 59 1/2 1)
(549/2 74 68 1/2 1)
(275 74 68 1/4 1)
(275 59 59 1/4 1)
(1101/4 60 60 1/4 1)
(1101/4 76 69 1/4 1)
(551/2 57 58 1/2 1)
(551/2 72 67 1/2 1)
(276 71 66 1/2 1)
(276 55 57 1 1)
(553/2 71 66 1/4 1)
(1107/4 74 68 1/4 1)
(277 57 58 1/2 1)
(277 73 67 1/2 1)
(555/2 74 68 1 1)
(555/2 59 59 1 1)
(557/2 79 71 1/2 1)
(557/2 47 52 1/2 1)
(279 69 65 1/2 1)
(279 48 53 1 1)
(559/2 69 65 1/4 1)
(1119/4 71 66 1/4 1)
(280 72 67 1/2 1)
(561/2 50 54 1 1)
(561/2 62 61 1/2 1)
(281 62 61 1/4 1)
(1125/4 64 62 1/4 1)
(563/2 66 63 1/2 1)
(282 67 64 1 1)
(282 55 57 1/2 1)
(565/2 55 57 1/4 1)
(1131/4 54 56 1/4 1)
(283 55 57 1/2 1)
(567/2 55 57 1/2 1)
(284 55 57 1/4 1)
(1137/4 54 56 1/4 1)
(569/2 67 64 1/2 1)
(569/2 55 57 1/2 1)
(285 55 57 1/2 1)
(285 71 66 1 1)
(571/2 55 57 1/4 1)
(1143/4 54 56 1/4 1)
(286 55 57 1/2 1)
(286 72 67 1/2 1)
(573/2 77 70 1 1)
(573/2 55 57 1/2 1)
(287 55 57 1/4 1)
(1149/4 54 56 1/4 1)
(575/2 76 69 1/2 1)
(575/2 55 57 1/2 1)
(288 55 57 1/2 1)
(288 71 66 1 1)
(577/2 55 57 1/4 1)
(1155/4 54 56 1/4 1)
(289 72 67 1/2 1)
(289 55 57 1/2 1)
(579/2 74 68 1 1)
(579/2 55 57 1/2 1)
(290 55 57 1/4 1)
(1161/4 54 56 1/4 1)
(581/2 55 57 1/2 1)
(581/2 67 64 1/2 1)
(291 71 66 1 1)
(291 55 57 1/2 1)
(583/2 55 57 1/4 1)
(1167/4 54 56 1/4 1)
(292 55 57 1/2 1)
(292 72 67 1/2 1)
(585/2 77 70 1 1)
(585/2 55 57 1/2 1)
(293 55 57 1/4 1)
(1173/4 54 56 1/4 1)
(587/2 76 69 1/2 1)
(587/2 55 57 1/2 1)
(294 71 66 1 1)
(294 55 57 1/2 1)
(589/2 55 57 1/4 1)
(1179/4 54 56 1/4 1)
(295 55 57 1/2 1)
(295 72 67 1/2 1)
(591/2 55 57 1/2 1)
(591/2 74 68 1 1)
(296 55 57 1/4 1)
(1185/4 54 56 1/4 1)
(593/2 55 57 1/2 1)
(593/2 79 71 1/2 1)
(297 48 53 1 1)
(297 69 65 1/2 1)
(595/2 69 65 1/4 1)
(1191/4 71 66 1/4 1)
(298 72 67 1/2 1)
(597/2 62 61 1/2 1)
(597/2 50 54 1 1)
(299 62 61 1/4 1)
(1197/4 64 62 1/4 1)
(599/2 66 63 1/2 1)
(300 55 57 1/2 1)
(300 79 71 1/2 1)
(601/2 55 57 1/4 1)
(601/2 79 71 1/4 1)
(1203/4 54 56 1/4 1)
(1203/4 78 70 1/4 1)
(301 79 71 1/2 1)
(301 55 57 1/2 1)
(603/2 52 55 1/2 1)
(603/2 76 69 1/2 1)
(302 52 55 1/4 1)
(302 76 69 1/4 1)
(1209/4 50 54 1/4 1)
(1209/4 74 68 1/4 1)
(605/2 52 55 1/2 1)
(605/2 76 69 1/2 1)
(303 48 53 1 1)
(303 72 67 1/2 1)
(607/2 84 74 1/2 1)
(304 84 74 1/2 1)
(609/2 50 54 1 1)
(305 78 70 1/2 1)
(611/2 78 70 1/2 1)
(306 79 71 1/2 1)
(306 55 57 1/2 1)
(613/2 55 57 1/4 1)
(613/2 79 71 1/4 1)
(1227/4 54 56 1/4 1)
(1227/4 78 70 1/4 1)
(307 55 57 1/2 1)
(307 79 71 1/2 1)
(615/2 52 55 1/2 1)
(615/2 76 69 1/2 1)
(308 76 69 1/4 1)
(308 52 55 1/4 1)
(1233/4 74 68 1/4 1)
(1233/4 50 54 1/4 1)
(617/2 76 69 1/2 1)
(617/2 52 55 1/2 1)
(309 48 53 1 1)
(309 72 67 1/2 1)
(619/2 88 76 1/2 1)
(310 88 76 1/2 1)
(621/2 50 54 1 1)
(311 78 70 1/2 1)
(623/2 78 70 1/2 1)
(312 55 57 1 1)
(312 79 71 1 1)
(627/2 72 67 1 1)
(315 71 66 1 1)
(633/2 50 54 1 1)
(633/2 62 61 1 1)
(633/2 69 65 1 1)
(633/2 78 70 1 1)
(318 43 50 1 1)
(318 62 61 1 1)
(318 71 66 1 1)
(318 79 71 1 1)
