pattern1
occurrence1
197.50000, 79.00000
199.50000, 81.00000
occurrence2
205.50000, 79.00000
207.50000, 81.00000
occurrence3
221.50000, 79.00000
222.50000, 81.00000
223.50000, 81.00000
occurrence4
0.00000, 71.00000
74.66699, 78.00000
76.66699, 78.00000
84.66699, 76.00000
75.33301, 78.00000
0.50000, 71.00000
1.50000, 73.00000
2.00000, 73.00000
occurrence5
1.50000, 73.00000
2.00000, 73.00000
3.00000, 73.00000
3.50000, 75.00000
occurrence6
32.00000, 76.00000
33.50000, 76.00000
34.00000, 78.00000
occurrence7
43.00000, 75.00000
44.00000, 75.00000
45.00000, 76.00000
occurrence8
50.00000, 73.00000
51.00000, 73.00000
52.00000, 75.00000
occurrence9
58.50000, 76.00000
59.00000, 76.00000
59.50000, 78.00000
60.00000, 80.00000
60.50000, 78.00000
occurrence10
64.00000, 80.00000
65.50000, 80.00000
66.00000, 81.00000
occurrence11
91.00000, 76.00000
91.50000, 76.00000
92.00000, 79.00000
93.00000, 78.00000
occurrence12
165.00000, 79.00000
165.50000, 81.00000
167.00000, 81.00000
occurrence13
165.50000, 81.00000
167.00000, 81.00000
167.50000, 83.00000
occurrence14
196.00000, 78.00000
198.00000, 79.00000
occurrence15
204.00000, 78.00000
206.00000, 79.00000
occurrence16
212.00000, 79.00000
214.00000, 81.00000
occurrence17
222.00000, 79.00000
224.00000, 82.00000
pattern2
occurrence1
197.50000, 79.00000
199.50000, 81.00000
200.50000, 81.00000
occurrence2
0.00000, 71.00000
74.66699, 78.00000
76.66699, 78.00000
84.66699, 76.00000
75.33301, 78.00000
0.50000, 71.00000
1.50000, 73.00000
2.00000, 73.00000
3.00000, 73.00000
occurrence3
1.50000, 73.00000
2.00000, 73.00000
3.00000, 73.00000
3.50000, 75.00000
4.50000, 75.00000
occurrence4
8.00000, 70.00000
8.50000, 70.00000
9.50000, 70.00000
10.50000, 70.00000
11.00000, 71.00000
occurrence5
32.00000, 76.00000
33.50000, 76.00000
34.00000, 78.00000
35.00000, 78.00000
occurrence6
42.00000, 75.00000
43.00000, 75.00000
44.00000, 75.00000
45.00000, 76.00000
occurrence7
49.50000, 73.00000
50.00000, 73.00000
51.00000, 73.00000
52.00000, 75.00000
52.50000, 75.00000
occurrence8
64.00000, 80.00000
65.50000, 80.00000
66.00000, 81.00000
67.00000, 81.00000
occurrence9
93.00000, 78.00000
94.00000, 79.00000
96.00000, 79.00000
occurrence10
164.00000, 79.00000
165.00000, 79.00000
165.50000, 81.00000
167.00000, 81.00000
occurrence11
172.00000, 78.00000
175.00000, 79.00000
occurrence12
196.00000, 78.00000
198.00000, 79.00000
199.00000, 79.00000
occurrence13
204.00000, 78.00000
206.00000, 79.00000
207.00000, 79.00000
occurrence14
212.00000, 79.00000
214.00000, 81.00000
215.00000, 81.00000
occurrence15
221.00000, 79.00000
222.00000, 79.00000
224.00000, 82.00000
occurrence16
222.00000, 79.00000
224.00000, 82.00000
225.00000, 82.00000
pattern3
occurrence1
172.50000, 78.00000
173.50000, 78.00000
174.50000, 78.00000
175.50000, 81.00000
occurrence2
196.50000, 78.00000
197.50000, 79.00000
199.50000, 81.00000
occurrence3
204.50000, 78.00000
205.50000, 79.00000
207.50000, 81.00000
occurrence4
212.50000, 79.00000
213.50000, 79.00000
215.50000, 83.00000
occurrence5
213.50000, 79.00000
215.50000, 83.00000
216.50000, 83.00000
occurrence6
0.50000, 71.00000
1.50000, 73.00000
2.00000, 73.00000
3.00000, 73.00000
3.50000, 75.00000
occurrence7
8.50000, 70.00000
9.50000, 70.00000
10.50000, 70.00000
11.00000, 71.00000
11.50000, 73.00000
occurrence8
17.00000, 68.00000
19.00000, 68.00000
19.50000, 70.00000
20.00000, 71.00000
occurrence9
29.00000, 73.00000
31.50000, 71.00000
32.00000, 76.00000
occurrence10
33.50000, 76.00000
34.00000, 78.00000
35.00000, 78.00000
35.50000, 80.00000
36.50000, 80.00000
occurrence11
50.00000, 73.00000
51.00000, 73.00000
52.00000, 75.00000
52.50000, 75.00000
53.00000, 76.00000
occurrence12
65.50000, 80.00000
66.00000, 81.00000
67.00000, 81.00000
67.50000, 83.00000
68.50000, 83.00000
occurrence13
83.00000, 76.00000
83.50000, 76.00000
84.00000, 76.00000
86.00000, 80.00000
occurrence14
84.00000, 76.00000
86.00000, 80.00000
87.00000, 80.00000
occurrence15
91.00000, 76.00000
91.50000, 76.00000
92.00000, 79.00000
93.00000, 78.00000
94.00000, 79.00000
occurrence16
181.00000, 76.00000
183.00000, 76.00000
184.00000, 79.00000
pattern4
occurrence1
1.50000, 73.00000
2.00000, 73.00000
3.00000, 73.00000
3.50000, 75.00000
4.50000, 75.00000
8.00000, 70.00000
8.50000, 70.00000
9.50000, 70.00000
10.50000, 70.00000
11.00000, 71.00000
11.50000, 73.00000
16.00000, 68.00000
17.00000, 68.00000
19.00000, 68.00000
19.50000, 70.00000
20.00000, 71.00000
21.00000, 71.00000
25.00000, 76.00000
27.00000, 75.00000
28.00000, 73.00000
28.50000, 75.00000
29.00000, 73.00000
31.50000, 71.00000
32.00000, 76.00000
33.50000, 76.00000
occurrence2
11.00000, 71.00000
11.50000, 73.00000
16.00000, 68.00000
17.00000, 68.00000
19.00000, 68.00000
19.50000, 70.00000
20.00000, 71.00000
21.00000, 71.00000
25.00000, 76.00000
27.00000, 75.00000
28.00000, 73.00000
28.50000, 75.00000
29.00000, 73.00000
31.50000, 71.00000
32.00000, 76.00000
33.50000, 76.00000
34.00000, 78.00000
35.00000, 78.00000
35.50000, 80.00000
36.50000, 80.00000
41.50000, 75.00000
42.00000, 75.00000
43.00000, 75.00000
occurrence3
20.00000, 71.00000
21.00000, 71.00000
25.00000, 76.00000
27.00000, 75.00000
28.00000, 73.00000
28.50000, 75.00000
29.00000, 73.00000
31.50000, 71.00000
32.00000, 76.00000
33.50000, 76.00000
34.00000, 78.00000
35.00000, 78.00000
35.50000, 80.00000
36.50000, 80.00000
41.50000, 75.00000
42.00000, 75.00000
43.00000, 75.00000
44.00000, 75.00000
45.00000, 76.00000
45.50000, 78.00000
49.50000, 73.00000
50.00000, 73.00000
51.00000, 73.00000
52.00000, 75.00000
occurrence4
28.50000, 75.00000
29.00000, 73.00000
31.50000, 71.00000
32.00000, 76.00000
33.50000, 76.00000
34.00000, 78.00000
35.00000, 78.00000
35.50000, 80.00000
36.50000, 80.00000
41.50000, 75.00000
42.00000, 75.00000
43.00000, 75.00000
44.00000, 75.00000
45.00000, 76.00000
45.50000, 78.00000
49.50000, 73.00000
50.00000, 73.00000
51.00000, 73.00000
52.00000, 75.00000
52.50000, 75.00000
53.00000, 76.00000
58.00000, 76.00000
58.50000, 76.00000
59.00000, 76.00000
59.50000, 78.00000
60.00000, 80.00000
60.50000, 78.00000
occurrence5
32.00000, 76.00000
33.50000, 76.00000
34.00000, 78.00000
35.00000, 78.00000
35.50000, 80.00000
36.50000, 80.00000
41.50000, 75.00000
42.00000, 75.00000
43.00000, 75.00000
44.00000, 75.00000
45.00000, 76.00000
45.50000, 78.00000
49.50000, 73.00000
50.00000, 73.00000
51.00000, 73.00000
52.00000, 75.00000
52.50000, 75.00000
53.00000, 76.00000
58.00000, 76.00000
58.50000, 76.00000
59.00000, 76.00000
59.50000, 78.00000
60.00000, 80.00000
60.50000, 78.00000
63.50000, 71.00000
64.00000, 80.00000
occurrence6
33.50000, 76.00000
34.00000, 78.00000
35.00000, 78.00000
35.50000, 80.00000
36.50000, 80.00000
41.50000, 75.00000
42.00000, 75.00000
43.00000, 75.00000
44.00000, 75.00000
45.00000, 76.00000
45.50000, 78.00000
49.50000, 73.00000
50.00000, 73.00000
51.00000, 73.00000
52.00000, 75.00000
52.50000, 75.00000
53.00000, 76.00000
58.00000, 76.00000
58.50000, 76.00000
59.00000, 76.00000
59.50000, 78.00000
60.00000, 80.00000
60.50000, 78.00000
63.50000, 71.00000
64.00000, 80.00000
65.50000, 80.00000
occurrence7
34.00000, 78.00000
35.00000, 78.00000
35.50000, 80.00000
36.50000, 80.00000
41.50000, 75.00000
42.00000, 75.00000
43.00000, 75.00000
44.00000, 75.00000
45.00000, 76.00000
45.50000, 78.00000
49.50000, 73.00000
50.00000, 73.00000
51.00000, 73.00000
52.00000, 75.00000
52.50000, 75.00000
53.00000, 76.00000
58.00000, 76.00000
58.50000, 76.00000
59.00000, 76.00000
59.50000, 78.00000
60.00000, 80.00000
60.50000, 78.00000
63.50000, 71.00000
64.00000, 80.00000
65.50000, 80.00000
66.00000, 81.00000
occurrence8
35.00000, 78.00000
35.50000, 80.00000
36.50000, 80.00000
41.50000, 75.00000
42.00000, 75.00000
43.00000, 75.00000
44.00000, 75.00000
45.00000, 76.00000
45.50000, 78.00000
49.50000, 73.00000
50.00000, 73.00000
51.00000, 73.00000
52.00000, 75.00000
52.50000, 75.00000
53.00000, 76.00000
58.00000, 76.00000
58.50000, 76.00000
59.00000, 76.00000
59.50000, 78.00000
60.00000, 80.00000
60.50000, 78.00000
63.50000, 71.00000
64.00000, 80.00000
65.50000, 80.00000
66.00000, 81.00000
67.00000, 81.00000
occurrence9
35.50000, 80.00000
36.50000, 80.00000
41.50000, 75.00000
42.00000, 75.00000
43.00000, 75.00000
44.00000, 75.00000
45.00000, 76.00000
45.50000, 78.00000
49.50000, 73.00000
50.00000, 73.00000
51.00000, 73.00000
52.00000, 75.00000
52.50000, 75.00000
53.00000, 76.00000
58.00000, 76.00000
58.50000, 76.00000
59.00000, 76.00000
59.50000, 78.00000
60.00000, 80.00000
60.50000, 78.00000
63.50000, 71.00000
64.00000, 80.00000
65.50000, 80.00000
66.00000, 81.00000
67.00000, 81.00000
67.50000, 83.00000
occurrence10
36.50000, 80.00000
41.50000, 75.00000
42.00000, 75.00000
43.00000, 75.00000
44.00000, 75.00000
45.00000, 76.00000
45.50000, 78.00000
49.50000, 73.00000
50.00000, 73.00000
51.00000, 73.00000
52.00000, 75.00000
52.50000, 75.00000
53.00000, 76.00000
58.00000, 76.00000
58.50000, 76.00000
59.00000, 76.00000
59.50000, 78.00000
60.00000, 80.00000
60.50000, 78.00000
63.50000, 71.00000
64.00000, 80.00000
65.50000, 80.00000
66.00000, 81.00000
67.00000, 81.00000
67.50000, 83.00000
68.50000, 83.00000
occurrence11
44.00000, 75.00000
45.00000, 76.00000
45.50000, 78.00000
49.50000, 73.00000
50.00000, 73.00000
51.00000, 73.00000
52.00000, 75.00000
52.50000, 75.00000
53.00000, 76.00000
58.00000, 76.00000
58.50000, 76.00000
59.00000, 76.00000
59.50000, 78.00000
60.00000, 80.00000
60.50000, 78.00000
63.50000, 71.00000
64.00000, 80.00000
65.50000, 80.00000
66.00000, 81.00000
67.00000, 81.00000
67.50000, 83.00000
68.50000, 83.00000
76.00000, 78.00000
occurrence12
51.00000, 73.00000
52.00000, 75.00000
52.50000, 75.00000
53.00000, 76.00000
58.00000, 76.00000
58.50000, 76.00000
59.00000, 76.00000
59.50000, 78.00000
60.00000, 80.00000
60.50000, 78.00000
63.50000, 71.00000
64.00000, 80.00000
65.50000, 80.00000
66.00000, 81.00000
67.00000, 81.00000
67.50000, 83.00000
68.50000, 83.00000
76.00000, 78.00000
78.00000, 81.00000
83.00000, 76.00000
occurrence13
97.00000, 79.00000
98.00000, 78.00000
99.00000, 71.00000
100.00000, 76.00000
102.00000, 76.00000
105.00000, 76.00000
106.00000, 75.00000
107.00000, 68.00000
108.00000, 73.00000
113.00000, 81.00000
114.00000, 80.00000
115.00000, 73.00000
115.50000, 78.00000
117.50000, 66.00000
118.00000, 78.00000
119.00000, 76.00000
119.50000, 75.00000
121.50000, 67.00000
122.00000, 75.00000
123.50000, 73.00000
124.00000, 71.00000
129.00000, 83.00000
occurrence14
98.00000, 78.00000
99.00000, 71.00000
100.00000, 76.00000
102.00000, 76.00000
105.00000, 76.00000
106.00000, 75.00000
107.00000, 68.00000
108.00000, 73.00000
113.00000, 81.00000
114.00000, 80.00000
115.00000, 73.00000
115.50000, 78.00000
117.50000, 66.00000
118.00000, 78.00000
119.00000, 76.00000
119.50000, 75.00000
121.50000, 67.00000
122.00000, 75.00000
123.50000, 73.00000
124.00000, 71.00000
129.00000, 83.00000
130.00000, 82.00000
occurrence15
99.00000, 71.00000
100.00000, 76.00000
102.00000, 76.00000
105.00000, 76.00000
106.00000, 75.00000
107.00000, 68.00000
108.00000, 73.00000
113.00000, 81.00000
114.00000, 80.00000
115.00000, 73.00000
115.50000, 78.00000
117.50000, 66.00000
118.00000, 78.00000
119.00000, 76.00000
119.50000, 75.00000
121.50000, 67.00000
122.00000, 75.00000
123.50000, 73.00000
124.00000, 71.00000
129.00000, 83.00000
130.00000, 82.00000
131.00000, 75.00000
occurrence16
106.00000, 75.00000
107.00000, 68.00000
108.00000, 73.00000
113.00000, 81.00000
114.00000, 80.00000
115.00000, 73.00000
115.50000, 78.00000
117.50000, 66.00000
118.00000, 78.00000
119.00000, 76.00000
119.50000, 75.00000
121.50000, 67.00000
122.00000, 75.00000
123.50000, 73.00000
124.00000, 71.00000
129.00000, 83.00000
130.00000, 82.00000
131.00000, 75.00000
131.50000, 80.00000
135.00000, 80.00000
138.00000, 78.00000
occurrence17
113.00000, 81.00000
114.00000, 80.00000
115.00000, 73.00000
115.50000, 78.00000
117.50000, 66.00000
118.00000, 78.00000
119.00000, 76.00000
119.50000, 75.00000
121.50000, 67.00000
122.00000, 75.00000
123.50000, 73.00000
124.00000, 71.00000
129.00000, 83.00000
130.00000, 82.00000
131.00000, 75.00000
131.50000, 80.00000
135.00000, 80.00000
138.00000, 78.00000
139.00000, 68.00000
139.50000, 76.00000
145.00000, 85.00000
occurrence18
114.00000, 80.00000
115.00000, 73.00000
115.50000, 78.00000
117.50000, 66.00000
118.00000, 78.00000
119.00000, 76.00000
119.50000, 75.00000
121.50000, 67.00000
122.00000, 75.00000
123.50000, 73.00000
124.00000, 71.00000
129.00000, 83.00000
130.00000, 82.00000
131.00000, 75.00000
131.50000, 80.00000
135.00000, 80.00000
138.00000, 78.00000
139.00000, 68.00000
139.50000, 76.00000
145.00000, 85.00000
146.00000, 83.00000
occurrence19
115.50000, 78.00000
117.50000, 66.00000
118.00000, 78.00000
119.00000, 76.00000
119.50000, 75.00000
121.50000, 67.00000
122.00000, 75.00000
123.50000, 73.00000
124.00000, 71.00000
129.00000, 83.00000
130.00000, 82.00000
131.00000, 75.00000
131.50000, 80.00000
135.00000, 80.00000
138.00000, 78.00000
139.00000, 68.00000
139.50000, 76.00000
145.00000, 85.00000
146.00000, 83.00000
147.00000, 73.00000
147.50000, 81.00000
occurrence20
118.00000, 78.00000
119.00000, 76.00000
119.50000, 75.00000
121.50000, 67.00000
122.00000, 75.00000
123.50000, 73.00000
124.00000, 71.00000
129.00000, 83.00000
130.00000, 82.00000
131.00000, 75.00000
131.50000, 80.00000
135.00000, 80.00000
138.00000, 78.00000
139.00000, 68.00000
139.50000, 76.00000
145.00000, 85.00000
146.00000, 83.00000
147.00000, 73.00000
147.50000, 81.00000
149.50000, 73.00000
150.00000, 81.00000
occurrence21
119.00000, 76.00000
119.50000, 75.00000
121.50000, 67.00000
122.00000, 75.00000
123.50000, 73.00000
124.00000, 71.00000
129.00000, 83.00000
130.00000, 82.00000
131.00000, 75.00000
131.50000, 80.00000
135.00000, 80.00000
138.00000, 78.00000
139.00000, 68.00000
139.50000, 76.00000
145.00000, 85.00000
146.00000, 83.00000
147.00000, 73.00000
147.50000, 81.00000
149.50000, 73.00000
150.00000, 81.00000
151.00000, 80.00000
occurrence22
121.50000, 67.00000
122.00000, 75.00000
123.50000, 73.00000
124.00000, 71.00000
129.00000, 83.00000
130.00000, 82.00000
131.00000, 75.00000
131.50000, 80.00000
135.00000, 80.00000
138.00000, 78.00000
139.00000, 68.00000
139.50000, 76.00000
145.00000, 85.00000
146.00000, 83.00000
147.00000, 73.00000
147.50000, 81.00000
149.50000, 73.00000
150.00000, 81.00000
151.00000, 80.00000
151.50000, 79.00000
153.50000, 71.00000
occurrence23
123.50000, 73.00000
124.00000, 71.00000
129.00000, 83.00000
130.00000, 82.00000
131.00000, 75.00000
131.50000, 80.00000
135.00000, 80.00000
138.00000, 78.00000
139.00000, 68.00000
139.50000, 76.00000
145.00000, 85.00000
146.00000, 83.00000
147.00000, 73.00000
147.50000, 81.00000
149.50000, 73.00000
150.00000, 81.00000
151.00000, 80.00000
151.50000, 79.00000
153.50000, 71.00000
154.00000, 79.00000
155.00000, 78.00000
155.50000, 76.00000
occurrence24
180.00000, 76.00000
181.00000, 76.00000
183.00000, 76.00000
184.00000, 79.00000
185.00000, 79.00000
189.00000, 84.00000
191.00000, 83.00000
192.00000, 81.00000
193.00000, 81.00000
196.00000, 78.00000
198.00000, 79.00000
199.00000, 79.00000
204.00000, 78.00000
206.00000, 79.00000
207.00000, 79.00000
212.00000, 79.00000
pattern5
occurrence1
168.50000, 83.00000
172.50000, 78.00000
173.50000, 78.00000
174.50000, 78.00000
175.50000, 81.00000
183.50000, 78.00000
192.50000, 83.00000
196.50000, 78.00000
197.50000, 79.00000
199.50000, 81.00000
200.50000, 81.00000
204.50000, 78.00000
205.50000, 79.00000
207.50000, 81.00000
212.50000, 79.00000
213.50000, 79.00000
215.50000, 83.00000
216.50000, 83.00000
221.50000, 79.00000
222.50000, 81.00000
223.50000, 81.00000
77.33301, 80.00000
85.33301, 78.00000
0.00000, 71.00000
74.66699, 78.00000
76.66699, 78.00000
84.66699, 76.00000
75.33301, 78.00000
0.50000, 71.00000
1.50000, 73.00000
2.00000, 73.00000
3.00000, 73.00000
3.50000, 75.00000
4.50000, 75.00000
8.00000, 70.00000
8.50000, 70.00000
9.50000, 70.00000
10.50000, 70.00000
11.00000, 71.00000
11.50000, 73.00000
16.00000, 68.00000
17.00000, 68.00000
19.00000, 68.00000
19.50000, 70.00000
20.00000, 71.00000
21.00000, 71.00000
25.00000, 76.00000
27.00000, 75.00000
28.00000, 73.00000
28.50000, 75.00000
29.00000, 73.00000
31.50000, 71.00000
32.00000, 76.00000
33.50000, 76.00000
34.00000, 78.00000
35.00000, 78.00000
35.50000, 80.00000
36.50000, 80.00000
41.50000, 75.00000
42.00000, 75.00000
43.00000, 75.00000
44.00000, 75.00000
45.00000, 76.00000
45.50000, 78.00000
49.50000, 73.00000
50.00000, 73.00000
51.00000, 73.00000
52.00000, 75.00000
52.50000, 75.00000
53.00000, 76.00000
58.00000, 76.00000
58.50000, 76.00000
59.00000, 76.00000
59.50000, 78.00000
60.00000, 80.00000
60.50000, 78.00000
63.50000, 71.00000
64.00000, 80.00000
65.50000, 80.00000
66.00000, 81.00000
67.00000, 81.00000
67.50000, 83.00000
68.50000, 83.00000
76.00000, 78.00000
78.00000, 81.00000
83.00000, 76.00000
83.50000, 76.00000
84.00000, 76.00000
86.00000, 80.00000
87.00000, 80.00000
90.50000, 76.00000
91.00000, 76.00000
91.50000, 76.00000
92.00000, 79.00000
93.00000, 78.00000
94.00000, 79.00000
96.00000, 79.00000
97.00000, 79.00000
98.00000, 78.00000
99.00000, 71.00000
100.00000, 76.00000
102.00000, 76.00000
105.00000, 76.00000
106.00000, 75.00000
107.00000, 68.00000
108.00000, 73.00000
113.00000, 81.00000
114.00000, 80.00000
115.00000, 73.00000
115.50000, 78.00000
117.50000, 66.00000
118.00000, 78.00000
119.00000, 76.00000
119.50000, 75.00000
121.50000, 67.00000
122.00000, 75.00000
123.50000, 73.00000
124.00000, 71.00000
129.00000, 83.00000
130.00000, 82.00000
131.00000, 75.00000
131.50000, 80.00000
135.00000, 80.00000
138.00000, 78.00000
139.00000, 68.00000
139.50000, 76.00000
145.00000, 85.00000
146.00000, 83.00000
147.00000, 73.00000
147.50000, 81.00000
149.50000, 73.00000
150.00000, 81.00000
151.00000, 80.00000
151.50000, 79.00000
153.50000, 71.00000
154.00000, 79.00000
155.00000, 78.00000
155.50000, 76.00000
163.00000, 79.00000
164.00000, 79.00000
165.00000, 79.00000
165.50000, 81.00000
167.00000, 81.00000
167.50000, 83.00000
172.00000, 78.00000
175.00000, 79.00000
180.00000, 76.00000
181.00000, 76.00000
183.00000, 76.00000
184.00000, 79.00000
185.00000, 79.00000
189.00000, 84.00000
191.00000, 83.00000
192.00000, 81.00000
193.00000, 81.00000
