pattern1
occurrence1
4.25000, 69.00000
4.50000, 69.00000
4.75000, 69.00000
5.00000, 69.00000
5.25000, 69.00000
5.50000, 69.00000
5.75000, 69.00000
6.00000, 69.00000
6.25000, 62.00000
6.75000, 62.00000
7.00000, 69.00000
7.25000, 70.00000
7.50000, 69.00000
7.75000, 65.00000
8.00000, 67.00000
8.25000, 67.00000
8.50000, 67.00000
8.75000, 67.00000
9.00000, 67.00000
9.25000, 69.00000
9.50000, 70.00000
9.75000, 69.00000
11.25000, 62.00000
11.50000, 62.00000
11.75000, 62.00000
12.00000, 69.00000
12.25000, 69.00000
12.50000, 69.00000
12.75000, 69.00000
13.00000, 69.00000
13.25000, 69.00000
13.50000, 69.00000
13.75000, 69.00000
14.00000, 69.00000
14.25000, 62.00000
14.75000, 62.00000
15.00000, 69.00000
15.25000, 70.00000
15.50000, 69.00000
15.75000, 65.00000
16.00000, 64.00000
16.25000, 65.00000
16.50000, 67.00000
16.75000, 70.00000
17.00000, 69.00000
17.25000, 67.00000
occurrence2
64.50000, 67.00000
64.75000, 67.00000
65.25000, 65.00000
65.50000, 69.00000
67.00000, 69.00000
67.25000, 72.00000
67.50000, 72.00000
67.75000, 69.00000
68.00000, 69.00000
68.50000, 67.00000
68.75000, 67.00000
69.25000, 65.00000
69.50000, 67.00000
71.00000, 67.00000
71.25000, 70.00000
71.50000, 70.00000
71.75000, 69.00000
72.00000, 69.00000
72.50000, 67.00000
72.75000, 67.00000
73.25000, 65.00000
73.50000, 67.00000
74.50000, 60.00000
74.75000, 60.00000
75.00000, 60.00000
75.50000, 60.00000
75.75000, 60.00000
76.00000, 70.00000
76.50000, 69.00000
77.00000, 67.00000
77.50000, 65.00000
occurrence3
80.50000, 67.00000
80.75000, 67.00000
81.25000, 65.00000
81.50000, 69.00000
83.00000, 69.00000
83.25000, 72.00000
83.50000, 72.00000
83.75000, 69.00000
84.00000, 69.00000
84.50000, 67.00000
84.75000, 67.00000
85.25000, 65.00000
85.50000, 67.00000
87.00000, 62.00000
87.25000, 70.00000
87.50000, 70.00000
87.75000, 69.00000
88.00000, 69.00000
88.50000, 67.00000
88.75000, 67.00000
89.25000, 65.00000
89.50000, 67.00000
90.50000, 60.00000
90.75000, 60.00000
91.00000, 60.00000
91.50000, 60.00000
91.75000, 60.00000
92.00000, 70.00000
92.50000, 69.00000
93.00000, 67.00000
93.50000, 65.00000
pattern2
occurrence1
4.75000, 69.00000
5.00000, 69.00000
5.25000, 69.00000
5.50000, 69.00000
5.75000, 69.00000
6.00000, 69.00000
6.25000, 62.00000
6.75000, 62.00000
7.00000, 69.00000
7.25000, 70.00000
7.50000, 69.00000
7.75000, 65.00000
8.00000, 67.00000
8.25000, 67.00000
8.50000, 67.00000
8.75000, 67.00000
9.00000, 67.00000
9.25000, 69.00000
9.50000, 70.00000
9.75000, 69.00000
11.25000, 62.00000
11.50000, 62.00000
11.75000, 62.00000
12.00000, 69.00000
12.25000, 69.00000
12.50000, 69.00000
12.75000, 69.00000
13.00000, 69.00000
13.25000, 69.00000
13.50000, 69.00000
13.75000, 69.00000
14.00000, 69.00000
14.25000, 62.00000
14.75000, 62.00000
15.00000, 69.00000
15.25000, 70.00000
15.50000, 69.00000
15.75000, 65.00000
16.00000, 64.00000
16.25000, 65.00000
16.50000, 67.00000
16.75000, 70.00000
occurrence2
64.50000, 67.00000
64.75000, 67.00000
65.25000, 65.00000
65.50000, 69.00000
67.00000, 69.00000
67.25000, 72.00000
67.50000, 72.00000
67.75000, 69.00000
68.00000, 69.00000
68.50000, 67.00000
68.75000, 67.00000
69.25000, 65.00000
69.50000, 67.00000
71.00000, 67.00000
71.25000, 70.00000
71.50000, 70.00000
71.75000, 69.00000
72.00000, 69.00000
72.50000, 67.00000
72.75000, 67.00000
73.25000, 65.00000
73.50000, 67.00000
74.50000, 60.00000
74.75000, 60.00000
75.00000, 60.00000
75.50000, 60.00000
75.75000, 60.00000
76.00000, 70.00000
76.50000, 69.00000
occurrence3
80.50000, 67.00000
80.75000, 67.00000
81.25000, 65.00000
81.50000, 69.00000
83.00000, 69.00000
83.25000, 72.00000
83.50000, 72.00000
83.75000, 69.00000
84.00000, 69.00000
84.50000, 67.00000
84.75000, 67.00000
85.25000, 65.00000
85.50000, 67.00000
87.00000, 62.00000
87.25000, 70.00000
87.50000, 70.00000
87.75000, 69.00000
88.00000, 69.00000
88.50000, 67.00000
88.75000, 67.00000
89.25000, 65.00000
89.50000, 67.00000
90.50000, 60.00000
90.75000, 60.00000
91.00000, 60.00000
91.50000, 60.00000
91.75000, 60.00000
92.00000, 70.00000
92.50000, 69.00000
pattern3
occurrence1
4.25000, 69.00000
4.50000, 69.00000
4.75000, 69.00000
5.00000, 69.00000
5.25000, 69.00000
5.50000, 69.00000
5.75000, 69.00000
6.00000, 69.00000
6.25000, 62.00000
6.75000, 62.00000
7.00000, 69.00000
7.25000, 70.00000
7.50000, 69.00000
7.75000, 65.00000
8.00000, 67.00000
8.25000, 67.00000
8.50000, 67.00000
8.75000, 67.00000
9.00000, 67.00000
9.25000, 69.00000
9.50000, 70.00000
9.75000, 69.00000
11.25000, 62.00000
11.50000, 62.00000
11.75000, 62.00000
12.00000, 69.00000
12.25000, 69.00000
12.50000, 69.00000
12.75000, 69.00000
occurrence2
68.50000, 67.00000
68.75000, 67.00000
69.25000, 65.00000
69.50000, 67.00000
71.00000, 67.00000
71.25000, 70.00000
71.50000, 70.00000
71.75000, 69.00000
72.00000, 69.00000
72.50000, 67.00000
72.75000, 67.00000
73.25000, 65.00000
73.50000, 67.00000
74.50000, 60.00000
74.75000, 60.00000
75.00000, 60.00000
75.50000, 60.00000
75.75000, 60.00000
76.00000, 70.00000
76.50000, 69.00000
77.00000, 67.00000
occurrence3
84.50000, 67.00000
84.75000, 67.00000
85.25000, 65.00000
85.50000, 67.00000
87.00000, 62.00000
87.25000, 70.00000
87.50000, 70.00000
87.75000, 69.00000
88.00000, 69.00000
88.50000, 67.00000
88.75000, 67.00000
89.25000, 65.00000
89.50000, 67.00000
90.50000, 60.00000
90.75000, 60.00000
91.00000, 60.00000
91.50000, 60.00000
91.75000, 60.00000
92.00000, 70.00000
92.50000, 69.00000
93.00000, 67.00000
pattern4
occurrence1
4.00000, 69.00000
4.25000, 69.00000
4.50000, 69.00000
4.75000, 69.00000
5.00000, 69.00000
5.25000, 69.00000
5.50000, 69.00000
5.75000, 69.00000
6.00000, 69.00000
6.25000, 62.00000
6.75000, 62.00000
7.00000, 69.00000
7.25000, 70.00000
7.50000, 69.00000
7.75000, 65.00000
8.00000, 67.00000
8.25000, 67.00000
8.50000, 67.00000
8.75000, 67.00000
9.00000, 67.00000
9.25000, 69.00000
9.50000, 70.00000
9.75000, 69.00000
11.25000, 62.00000
11.50000, 62.00000
11.75000, 62.00000
12.00000, 69.00000
12.25000, 69.00000
12.50000, 69.00000
12.75000, 69.00000
13.00000, 69.00000
13.25000, 69.00000
13.50000, 69.00000
13.75000, 69.00000
14.00000, 69.00000
14.25000, 62.00000
14.75000, 62.00000
15.00000, 69.00000
15.25000, 70.00000
15.50000, 69.00000
15.75000, 65.00000
16.00000, 64.00000
16.25000, 65.00000
16.50000, 67.00000
16.75000, 70.00000
17.00000, 69.00000
17.25000, 67.00000
17.50000, 65.00000
17.75000, 62.00000
19.25000, 69.00000
19.50000, 69.00000
19.75000, 69.00000
20.00000, 70.00000
20.25000, 69.00000
20.50000, 67.00000
20.75000, 65.00000
21.00000, 64.00000
21.25000, 62.00000
21.50000, 60.00000
21.75000, 59.00000
22.25000, 69.00000
22.50000, 69.00000
22.75000, 69.00000
23.00000, 71.00000
23.50000, 69.00000
24.25000, 69.00000
24.50000, 69.00000
24.75000, 69.00000
25.00000, 71.00000
25.25000, 66.00000
25.75000, 69.00000
26.25000, 67.00000
27.25000, 67.00000
27.50000, 67.00000
27.75000, 67.00000
28.00000, 68.00000
28.25000, 67.00000
28.50000, 65.00000
28.75000, 63.00000
29.00000, 62.00000
29.25000, 60.00000
29.50000, 58.00000
29.75000, 57.00000
30.25000, 67.00000
30.50000, 67.00000
occurrence2
5.00000, 69.00000
5.25000, 69.00000
5.50000, 69.00000
5.75000, 69.00000
6.00000, 69.00000
6.25000, 62.00000
6.75000, 62.00000
7.00000, 69.00000
7.25000, 70.00000
7.50000, 69.00000
7.75000, 65.00000
8.00000, 67.00000
8.25000, 67.00000
8.50000, 67.00000
8.75000, 67.00000
9.00000, 67.00000
9.25000, 69.00000
9.50000, 70.00000
9.75000, 69.00000
11.25000, 62.00000
11.50000, 62.00000
11.75000, 62.00000
12.00000, 69.00000
12.25000, 69.00000
12.50000, 69.00000
12.75000, 69.00000
13.00000, 69.00000
13.25000, 69.00000
13.50000, 69.00000
13.75000, 69.00000
14.00000, 69.00000
14.25000, 62.00000
14.75000, 62.00000
15.00000, 69.00000
15.25000, 70.00000
15.50000, 69.00000
15.75000, 65.00000
16.00000, 64.00000
16.25000, 65.00000
16.50000, 67.00000
16.75000, 70.00000
17.00000, 69.00000
17.25000, 67.00000
17.50000, 65.00000
17.75000, 62.00000
19.25000, 69.00000
19.50000, 69.00000
19.75000, 69.00000
20.00000, 70.00000
20.25000, 69.00000
20.50000, 67.00000
20.75000, 65.00000
21.00000, 64.00000
21.25000, 62.00000
21.50000, 60.00000
21.75000, 59.00000
22.25000, 69.00000
22.50000, 69.00000
22.75000, 69.00000
23.00000, 71.00000
23.50000, 69.00000
24.25000, 69.00000
24.50000, 69.00000
24.75000, 69.00000
25.00000, 71.00000
25.25000, 66.00000
25.75000, 69.00000
26.25000, 67.00000
27.25000, 67.00000
27.50000, 67.00000
27.75000, 67.00000
28.00000, 68.00000
28.25000, 67.00000
28.50000, 65.00000
28.75000, 63.00000
29.00000, 62.00000
29.25000, 60.00000
29.50000, 58.00000
29.75000, 57.00000
30.25000, 67.00000
30.50000, 67.00000
30.75000, 67.00000
31.00000, 69.00000
31.50000, 67.00000
occurrence3
63.00000, 69.00000
63.25000, 72.00000
63.50000, 72.00000
63.75000, 69.00000
64.00000, 69.00000
64.50000, 67.00000
64.75000, 67.00000
65.25000, 65.00000
65.50000, 69.00000
67.00000, 69.00000
67.25000, 72.00000
67.50000, 72.00000
67.75000, 69.00000
68.00000, 69.00000
68.50000, 67.00000
68.75000, 67.00000
69.25000, 65.00000
69.50000, 67.00000
71.00000, 67.00000
71.25000, 70.00000
71.50000, 70.00000
71.75000, 69.00000
72.00000, 69.00000
72.50000, 67.00000
72.75000, 67.00000
73.25000, 65.00000
73.50000, 67.00000
74.50000, 60.00000
74.75000, 60.00000
75.00000, 60.00000
75.50000, 60.00000
75.75000, 60.00000
76.00000, 70.00000
76.50000, 69.00000
77.00000, 67.00000
77.50000, 65.00000
79.00000, 69.00000
79.25000, 72.00000
79.50000, 72.00000
79.75000, 69.00000
80.00000, 69.00000
80.50000, 67.00000
80.75000, 67.00000
81.25000, 65.00000
81.50000, 69.00000
83.00000, 69.00000
83.25000, 72.00000
83.50000, 72.00000
83.75000, 69.00000
84.00000, 69.00000
84.50000, 67.00000
84.75000, 67.00000
85.25000, 65.00000
85.50000, 67.00000
87.00000, 62.00000
87.25000, 70.00000
87.50000, 70.00000
87.75000, 69.00000
88.00000, 69.00000
88.50000, 67.00000
88.75000, 67.00000
89.25000, 65.00000
89.50000, 67.00000
pattern5
occurrence1
4.25000, 69.00000
4.50000, 69.00000
4.75000, 69.00000
5.00000, 69.00000
5.25000, 69.00000
5.50000, 69.00000
5.75000, 69.00000
6.00000, 69.00000
6.25000, 62.00000
6.75000, 62.00000
7.00000, 69.00000
7.25000, 70.00000
7.50000, 69.00000
7.75000, 65.00000
8.00000, 67.00000
8.25000, 67.00000
8.50000, 67.00000
8.75000, 67.00000
9.00000, 67.00000
9.25000, 69.00000
9.50000, 70.00000
9.75000, 69.00000
11.25000, 62.00000
11.50000, 62.00000
11.75000, 62.00000
12.00000, 69.00000
12.25000, 69.00000
12.50000, 69.00000
12.75000, 69.00000
13.00000, 69.00000
13.25000, 69.00000
13.50000, 69.00000
13.75000, 69.00000
14.00000, 69.00000
14.25000, 62.00000
14.75000, 62.00000
15.00000, 69.00000
15.25000, 70.00000
15.50000, 69.00000
15.75000, 65.00000
16.00000, 64.00000
16.25000, 65.00000
16.50000, 67.00000
16.75000, 70.00000
17.00000, 69.00000
17.25000, 67.00000
17.50000, 65.00000
17.75000, 62.00000
19.25000, 69.00000
19.50000, 69.00000
19.75000, 69.00000
20.00000, 70.00000
20.25000, 69.00000
20.50000, 67.00000
20.75000, 65.00000
21.00000, 64.00000
21.25000, 62.00000
21.50000, 60.00000
21.75000, 59.00000
22.25000, 69.00000
22.50000, 69.00000
22.75000, 69.00000
23.00000, 71.00000
23.50000, 69.00000
24.25000, 69.00000
24.50000, 69.00000
24.75000, 69.00000
25.00000, 71.00000
25.25000, 66.00000
25.75000, 69.00000
26.25000, 67.00000
27.25000, 67.00000
27.50000, 67.00000
27.75000, 67.00000
28.00000, 68.00000
28.25000, 67.00000
28.50000, 65.00000
28.75000, 63.00000
29.00000, 62.00000
29.25000, 60.00000
29.50000, 58.00000
29.75000, 57.00000
30.25000, 67.00000
30.50000, 67.00000
30.75000, 67.00000
31.00000, 69.00000
31.50000, 67.00000
32.25000, 67.00000
32.50000, 67.00000
32.75000, 67.00000
33.00000, 69.00000
33.25000, 64.00000
33.75000, 67.00000
34.25000, 65.00000
35.25000, 69.00000
occurrence2
4.50000, 69.00000
4.75000, 69.00000
5.00000, 69.00000
5.25000, 69.00000
5.50000, 69.00000
5.75000, 69.00000
6.00000, 69.00000
6.25000, 62.00000
6.75000, 62.00000
7.00000, 69.00000
7.25000, 70.00000
7.50000, 69.00000
7.75000, 65.00000
8.00000, 67.00000
8.25000, 67.00000
8.50000, 67.00000
8.75000, 67.00000
9.00000, 67.00000
9.25000, 69.00000
9.50000, 70.00000
9.75000, 69.00000
11.25000, 62.00000
11.50000, 62.00000
11.75000, 62.00000
12.00000, 69.00000
12.25000, 69.00000
12.50000, 69.00000
12.75000, 69.00000
13.00000, 69.00000
13.25000, 69.00000
13.50000, 69.00000
13.75000, 69.00000
14.00000, 69.00000
14.25000, 62.00000
14.75000, 62.00000
15.00000, 69.00000
15.25000, 70.00000
15.50000, 69.00000
15.75000, 65.00000
16.00000, 64.00000
16.25000, 65.00000
16.50000, 67.00000
16.75000, 70.00000
17.00000, 69.00000
17.25000, 67.00000
17.50000, 65.00000
17.75000, 62.00000
19.25000, 69.00000
19.50000, 69.00000
19.75000, 69.00000
20.00000, 70.00000
20.25000, 69.00000
20.50000, 67.00000
20.75000, 65.00000
21.00000, 64.00000
21.25000, 62.00000
21.50000, 60.00000
21.75000, 59.00000
22.25000, 69.00000
22.50000, 69.00000
22.75000, 69.00000
23.00000, 71.00000
23.50000, 69.00000
24.25000, 69.00000
24.50000, 69.00000
24.75000, 69.00000
25.00000, 71.00000
25.25000, 66.00000
25.75000, 69.00000
26.25000, 67.00000
27.25000, 67.00000
27.50000, 67.00000
27.75000, 67.00000
28.00000, 68.00000
28.25000, 67.00000
28.50000, 65.00000
28.75000, 63.00000
29.00000, 62.00000
29.25000, 60.00000
29.50000, 58.00000
29.75000, 57.00000
30.25000, 67.00000
30.50000, 67.00000
30.75000, 67.00000
31.00000, 69.00000
31.50000, 67.00000
32.25000, 67.00000
32.50000, 67.00000
32.75000, 67.00000
33.00000, 69.00000
33.25000, 64.00000
33.75000, 67.00000
34.25000, 65.00000
35.25000, 69.00000
35.50000, 69.00000
occurrence3
42.25000, 65.00000
43.25000, 65.00000
43.50000, 65.00000
43.75000, 65.00000
44.00000, 65.00000
44.25000, 64.00000
44.75000, 67.00000
45.25000, 67.00000
45.50000, 67.00000
45.75000, 67.00000
46.00000, 67.00000
46.25000, 65.00000
46.75000, 69.00000
47.75000, 69.00000
48.00000, 70.00000
48.25000, 69.00000
48.50000, 67.00000
48.75000, 65.00000
49.00000, 67.00000
49.50000, 69.00000
49.75000, 67.00000
50.00000, 65.00000
50.25000, 64.00000
50.50000, 65.00000
51.25000, 67.00000
51.50000, 67.00000
51.75000, 65.00000
52.00000, 64.00000
52.50000, 67.00000
52.75000, 70.00000
53.00000, 69.00000
53.25000, 61.00000
53.75000, 62.00000
63.00000, 69.00000
63.25000, 72.00000
63.50000, 72.00000
63.75000, 69.00000
64.00000, 69.00000
64.50000, 67.00000
64.75000, 67.00000
65.25000, 65.00000
65.50000, 69.00000
67.00000, 69.00000
67.25000, 72.00000
67.50000, 72.00000
67.75000, 69.00000
68.00000, 69.00000
68.50000, 67.00000
68.75000, 67.00000
69.25000, 65.00000
69.50000, 67.00000
71.00000, 67.00000
71.25000, 70.00000
71.50000, 70.00000
71.75000, 69.00000
72.00000, 69.00000
72.50000, 67.00000
72.75000, 67.00000
73.25000, 65.00000
pattern6
occurrence1
3.25000, 62.00000
3.50000, 62.00000
3.75000, 62.00000
4.00000, 69.00000
4.25000, 69.00000
4.50000, 69.00000
4.75000, 69.00000
5.00000, 69.00000
5.25000, 69.00000
occurrence2
3.50000, 62.00000
3.75000, 62.00000
4.00000, 69.00000
4.25000, 69.00000
4.50000, 69.00000
4.75000, 69.00000
5.00000, 69.00000
5.25000, 69.00000
5.50000, 69.00000
occurrence3
3.75000, 62.00000
4.00000, 69.00000
4.25000, 69.00000
4.50000, 69.00000
4.75000, 69.00000
5.00000, 69.00000
5.25000, 69.00000
5.50000, 69.00000
5.75000, 69.00000
occurrence4
11.25000, 62.00000
11.50000, 62.00000
11.75000, 62.00000
12.00000, 69.00000
12.25000, 69.00000
12.50000, 69.00000
12.75000, 69.00000
13.00000, 69.00000
13.25000, 69.00000
occurrence5
11.50000, 62.00000
11.75000, 62.00000
12.00000, 69.00000
12.25000, 69.00000
12.50000, 69.00000
12.75000, 69.00000
13.00000, 69.00000
13.25000, 69.00000
13.50000, 69.00000
occurrence6
11.75000, 62.00000
12.00000, 69.00000
12.25000, 69.00000
12.50000, 69.00000
12.75000, 69.00000
13.00000, 69.00000
13.25000, 69.00000
13.50000, 69.00000
13.75000, 69.00000
occurrence7
17.75000, 62.00000
19.25000, 69.00000
19.50000, 69.00000
19.75000, 69.00000
occurrence8
77.50000, 65.00000
79.00000, 69.00000
79.25000, 72.00000
79.50000, 72.00000
pattern7
occurrence1
8.25000, 67.00000
8.50000, 67.00000
8.75000, 67.00000
9.00000, 67.00000
9.25000, 69.00000
9.50000, 70.00000
9.75000, 69.00000
11.25000, 62.00000
11.50000, 62.00000
11.75000, 62.00000
12.00000, 69.00000
12.25000, 69.00000
12.50000, 69.00000
12.75000, 69.00000
13.00000, 69.00000
13.25000, 69.00000
13.50000, 69.00000
13.75000, 69.00000
14.00000, 69.00000
14.25000, 62.00000
14.75000, 62.00000
15.00000, 69.00000
15.25000, 70.00000
15.50000, 69.00000
15.75000, 65.00000
16.00000, 64.00000
16.25000, 65.00000
16.50000, 67.00000
16.75000, 70.00000
17.00000, 69.00000
17.25000, 67.00000
17.50000, 65.00000
17.75000, 62.00000
19.25000, 69.00000
19.50000, 69.00000
19.75000, 69.00000
20.00000, 70.00000
20.25000, 69.00000
20.50000, 67.00000
20.75000, 65.00000
21.00000, 64.00000
21.25000, 62.00000
21.50000, 60.00000
21.75000, 59.00000
22.25000, 69.00000
22.50000, 69.00000
22.75000, 69.00000
23.00000, 71.00000
23.50000, 69.00000
24.25000, 69.00000
24.50000, 69.00000
24.75000, 69.00000
25.00000, 71.00000
25.25000, 66.00000
25.75000, 69.00000
26.25000, 67.00000
27.25000, 67.00000
27.50000, 67.00000
27.75000, 67.00000
28.00000, 68.00000
28.25000, 67.00000
28.50000, 65.00000
28.75000, 63.00000
29.00000, 62.00000
29.25000, 60.00000
29.50000, 58.00000
29.75000, 57.00000
30.25000, 67.00000
30.50000, 67.00000
30.75000, 67.00000
31.00000, 69.00000
31.50000, 67.00000
occurrence2
9.00000, 67.00000
9.25000, 69.00000
9.50000, 70.00000
9.75000, 69.00000
11.25000, 62.00000
11.50000, 62.00000
11.75000, 62.00000
12.00000, 69.00000
12.25000, 69.00000
12.50000, 69.00000
12.75000, 69.00000
13.00000, 69.00000
13.25000, 69.00000
13.50000, 69.00000
13.75000, 69.00000
14.00000, 69.00000
14.25000, 62.00000
14.75000, 62.00000
15.00000, 69.00000
15.25000, 70.00000
15.50000, 69.00000
15.75000, 65.00000
16.00000, 64.00000
16.25000, 65.00000
16.50000, 67.00000
16.75000, 70.00000
17.00000, 69.00000
17.25000, 67.00000
17.50000, 65.00000
17.75000, 62.00000
19.25000, 69.00000
19.50000, 69.00000
19.75000, 69.00000
20.00000, 70.00000
20.25000, 69.00000
20.50000, 67.00000
20.75000, 65.00000
21.00000, 64.00000
21.25000, 62.00000
21.50000, 60.00000
21.75000, 59.00000
22.25000, 69.00000
22.50000, 69.00000
22.75000, 69.00000
23.00000, 71.00000
23.50000, 69.00000
24.25000, 69.00000
24.50000, 69.00000
24.75000, 69.00000
25.00000, 71.00000
25.25000, 66.00000
25.75000, 69.00000
26.25000, 67.00000
27.25000, 67.00000
27.50000, 67.00000
27.75000, 67.00000
28.00000, 68.00000
28.25000, 67.00000
28.50000, 65.00000
28.75000, 63.00000
29.00000, 62.00000
29.25000, 60.00000
29.50000, 58.00000
29.75000, 57.00000
30.25000, 67.00000
30.50000, 67.00000
30.75000, 67.00000
31.00000, 69.00000
31.50000, 67.00000
32.25000, 67.00000
occurrence3
9.75000, 69.00000
11.25000, 62.00000
11.50000, 62.00000
11.75000, 62.00000
12.00000, 69.00000
12.25000, 69.00000
12.50000, 69.00000
12.75000, 69.00000
13.00000, 69.00000
13.25000, 69.00000
13.50000, 69.00000
13.75000, 69.00000
14.00000, 69.00000
14.25000, 62.00000
14.75000, 62.00000
15.00000, 69.00000
15.25000, 70.00000
15.50000, 69.00000
15.75000, 65.00000
16.00000, 64.00000
16.25000, 65.00000
16.50000, 67.00000
16.75000, 70.00000
17.00000, 69.00000
17.25000, 67.00000
17.50000, 65.00000
17.75000, 62.00000
19.25000, 69.00000
19.50000, 69.00000
19.75000, 69.00000
20.00000, 70.00000
20.25000, 69.00000
20.50000, 67.00000
20.75000, 65.00000
21.00000, 64.00000
21.25000, 62.00000
21.50000, 60.00000
21.75000, 59.00000
22.25000, 69.00000
22.50000, 69.00000
22.75000, 69.00000
23.00000, 71.00000
23.50000, 69.00000
24.25000, 69.00000
24.50000, 69.00000
24.75000, 69.00000
25.00000, 71.00000
25.25000, 66.00000
25.75000, 69.00000
26.25000, 67.00000
27.25000, 67.00000
27.50000, 67.00000
27.75000, 67.00000
28.00000, 68.00000
28.25000, 67.00000
28.50000, 65.00000
28.75000, 63.00000
29.00000, 62.00000
29.25000, 60.00000
29.50000, 58.00000
29.75000, 57.00000
30.25000, 67.00000
30.50000, 67.00000
30.75000, 67.00000
31.00000, 69.00000
31.50000, 67.00000
32.25000, 67.00000
32.50000, 67.00000
32.75000, 67.00000
33.00000, 69.00000
occurrence4
12.00000, 69.00000
12.25000, 69.00000
12.50000, 69.00000
12.75000, 69.00000
13.00000, 69.00000
13.25000, 69.00000
13.50000, 69.00000
13.75000, 69.00000
14.00000, 69.00000
14.25000, 62.00000
14.75000, 62.00000
15.00000, 69.00000
15.25000, 70.00000
15.50000, 69.00000
15.75000, 65.00000
16.00000, 64.00000
16.25000, 65.00000
16.50000, 67.00000
16.75000, 70.00000
17.00000, 69.00000
17.25000, 67.00000
17.50000, 65.00000
17.75000, 62.00000
19.25000, 69.00000
19.50000, 69.00000
19.75000, 69.00000
20.00000, 70.00000
20.25000, 69.00000
20.50000, 67.00000
20.75000, 65.00000
21.00000, 64.00000
21.25000, 62.00000
21.50000, 60.00000
21.75000, 59.00000
22.25000, 69.00000
22.50000, 69.00000
22.75000, 69.00000
23.00000, 71.00000
23.50000, 69.00000
24.25000, 69.00000
24.50000, 69.00000
24.75000, 69.00000
25.00000, 71.00000
25.25000, 66.00000
25.75000, 69.00000
26.25000, 67.00000
27.25000, 67.00000
27.50000, 67.00000
27.75000, 67.00000
28.00000, 68.00000
28.25000, 67.00000
28.50000, 65.00000
28.75000, 63.00000
29.00000, 62.00000
29.25000, 60.00000
29.50000, 58.00000
29.75000, 57.00000
30.25000, 67.00000
30.50000, 67.00000
30.75000, 67.00000
31.00000, 69.00000
31.50000, 67.00000
32.25000, 67.00000
32.50000, 67.00000
32.75000, 67.00000
33.00000, 69.00000
33.25000, 64.00000
33.75000, 67.00000
34.25000, 65.00000
35.25000, 69.00000
occurrence5
12.25000, 69.00000
12.50000, 69.00000
12.75000, 69.00000
13.00000, 69.00000
13.25000, 69.00000
13.50000, 69.00000
13.75000, 69.00000
14.00000, 69.00000
14.25000, 62.00000
14.75000, 62.00000
15.00000, 69.00000
15.25000, 70.00000
15.50000, 69.00000
15.75000, 65.00000
16.00000, 64.00000
16.25000, 65.00000
16.50000, 67.00000
16.75000, 70.00000
17.00000, 69.00000
17.25000, 67.00000
17.50000, 65.00000
17.75000, 62.00000
19.25000, 69.00000
19.50000, 69.00000
19.75000, 69.00000
20.00000, 70.00000
20.25000, 69.00000
20.50000, 67.00000
20.75000, 65.00000
21.00000, 64.00000
21.25000, 62.00000
21.50000, 60.00000
21.75000, 59.00000
22.25000, 69.00000
22.50000, 69.00000
22.75000, 69.00000
23.00000, 71.00000
23.50000, 69.00000
24.25000, 69.00000
24.50000, 69.00000
24.75000, 69.00000
25.00000, 71.00000
25.25000, 66.00000
25.75000, 69.00000
26.25000, 67.00000
27.25000, 67.00000
27.50000, 67.00000
27.75000, 67.00000
28.00000, 68.00000
28.25000, 67.00000
28.50000, 65.00000
28.75000, 63.00000
29.00000, 62.00000
29.25000, 60.00000
29.50000, 58.00000
29.75000, 57.00000
30.25000, 67.00000
30.50000, 67.00000
30.75000, 67.00000
31.00000, 69.00000
31.50000, 67.00000
32.25000, 67.00000
32.50000, 67.00000
32.75000, 67.00000
33.00000, 69.00000
33.25000, 64.00000
33.75000, 67.00000
34.25000, 65.00000
35.25000, 69.00000
35.50000, 69.00000
occurrence6
12.50000, 69.00000
12.75000, 69.00000
13.00000, 69.00000
13.25000, 69.00000
13.50000, 69.00000
13.75000, 69.00000
14.00000, 69.00000
14.25000, 62.00000
14.75000, 62.00000
15.00000, 69.00000
15.25000, 70.00000
15.50000, 69.00000
15.75000, 65.00000
16.00000, 64.00000
16.25000, 65.00000
16.50000, 67.00000
16.75000, 70.00000
17.00000, 69.00000
17.25000, 67.00000
17.50000, 65.00000
17.75000, 62.00000
19.25000, 69.00000
19.50000, 69.00000
19.75000, 69.00000
20.00000, 70.00000
20.25000, 69.00000
20.50000, 67.00000
20.75000, 65.00000
21.00000, 64.00000
21.25000, 62.00000
21.50000, 60.00000
21.75000, 59.00000
22.25000, 69.00000
22.50000, 69.00000
22.75000, 69.00000
23.00000, 71.00000
23.50000, 69.00000
24.25000, 69.00000
24.50000, 69.00000
24.75000, 69.00000
25.00000, 71.00000
25.25000, 66.00000
25.75000, 69.00000
26.25000, 67.00000
27.25000, 67.00000
27.50000, 67.00000
27.75000, 67.00000
28.00000, 68.00000
28.25000, 67.00000
28.50000, 65.00000
28.75000, 63.00000
29.00000, 62.00000
29.25000, 60.00000
29.50000, 58.00000
29.75000, 57.00000
30.25000, 67.00000
30.50000, 67.00000
30.75000, 67.00000
31.00000, 69.00000
31.50000, 67.00000
32.25000, 67.00000
32.50000, 67.00000
32.75000, 67.00000
33.00000, 69.00000
33.25000, 64.00000
33.75000, 67.00000
34.25000, 65.00000
35.25000, 69.00000
35.50000, 69.00000
35.75000, 69.00000
occurrence7
12.75000, 69.00000
13.00000, 69.00000
13.25000, 69.00000
13.50000, 69.00000
13.75000, 69.00000
14.00000, 69.00000
14.25000, 62.00000
14.75000, 62.00000
15.00000, 69.00000
15.25000, 70.00000
15.50000, 69.00000
15.75000, 65.00000
16.00000, 64.00000
16.25000, 65.00000
16.50000, 67.00000
16.75000, 70.00000
17.00000, 69.00000
17.25000, 67.00000
17.50000, 65.00000
17.75000, 62.00000
19.25000, 69.00000
19.50000, 69.00000
19.75000, 69.00000
20.00000, 70.00000
20.25000, 69.00000
20.50000, 67.00000
20.75000, 65.00000
21.00000, 64.00000
21.25000, 62.00000
21.50000, 60.00000
21.75000, 59.00000
22.25000, 69.00000
22.50000, 69.00000
22.75000, 69.00000
23.00000, 71.00000
23.50000, 69.00000
24.25000, 69.00000
24.50000, 69.00000
24.75000, 69.00000
25.00000, 71.00000
25.25000, 66.00000
25.75000, 69.00000
26.25000, 67.00000
27.25000, 67.00000
27.50000, 67.00000
27.75000, 67.00000
28.00000, 68.00000
28.25000, 67.00000
28.50000, 65.00000
28.75000, 63.00000
29.00000, 62.00000
29.25000, 60.00000
29.50000, 58.00000
29.75000, 57.00000
30.25000, 67.00000
30.50000, 67.00000
30.75000, 67.00000
31.00000, 69.00000
31.50000, 67.00000
32.25000, 67.00000
32.50000, 67.00000
32.75000, 67.00000
33.00000, 69.00000
33.25000, 64.00000
33.75000, 67.00000
34.25000, 65.00000
35.25000, 69.00000
35.50000, 69.00000
35.75000, 69.00000
36.00000, 69.00000
occurrence8
13.50000, 69.00000
13.75000, 69.00000
14.00000, 69.00000
14.25000, 62.00000
14.75000, 62.00000
15.00000, 69.00000
15.25000, 70.00000
15.50000, 69.00000
15.75000, 65.00000
16.00000, 64.00000
16.25000, 65.00000
16.50000, 67.00000
16.75000, 70.00000
17.00000, 69.00000
17.25000, 67.00000
17.50000, 65.00000
17.75000, 62.00000
19.25000, 69.00000
19.50000, 69.00000
19.75000, 69.00000
20.00000, 70.00000
20.25000, 69.00000
20.50000, 67.00000
20.75000, 65.00000
21.00000, 64.00000
21.25000, 62.00000
21.50000, 60.00000
21.75000, 59.00000
22.25000, 69.00000
22.50000, 69.00000
22.75000, 69.00000
23.00000, 71.00000
23.50000, 69.00000
24.25000, 69.00000
24.50000, 69.00000
24.75000, 69.00000
25.00000, 71.00000
25.25000, 66.00000
25.75000, 69.00000
26.25000, 67.00000
27.25000, 67.00000
27.50000, 67.00000
27.75000, 67.00000
28.00000, 68.00000
28.25000, 67.00000
28.50000, 65.00000
28.75000, 63.00000
29.00000, 62.00000
29.25000, 60.00000
29.50000, 58.00000
29.75000, 57.00000
30.25000, 67.00000
30.50000, 67.00000
30.75000, 67.00000
31.00000, 69.00000
31.50000, 67.00000
32.25000, 67.00000
32.50000, 67.00000
32.75000, 67.00000
33.00000, 69.00000
33.25000, 64.00000
33.75000, 67.00000
34.25000, 65.00000
35.25000, 69.00000
35.50000, 69.00000
35.75000, 69.00000
36.00000, 69.00000
36.50000, 64.00000
36.75000, 69.00000
occurrence9
14.00000, 69.00000
14.25000, 62.00000
14.75000, 62.00000
15.00000, 69.00000
15.25000, 70.00000
15.50000, 69.00000
15.75000, 65.00000
16.00000, 64.00000
16.25000, 65.00000
16.50000, 67.00000
16.75000, 70.00000
17.00000, 69.00000
17.25000, 67.00000
17.50000, 65.00000
17.75000, 62.00000
19.25000, 69.00000
19.50000, 69.00000
19.75000, 69.00000
20.00000, 70.00000
20.25000, 69.00000
20.50000, 67.00000
20.75000, 65.00000
21.00000, 64.00000
21.25000, 62.00000
21.50000, 60.00000
21.75000, 59.00000
22.25000, 69.00000
22.50000, 69.00000
22.75000, 69.00000
23.00000, 71.00000
23.50000, 69.00000
24.25000, 69.00000
24.50000, 69.00000
24.75000, 69.00000
25.00000, 71.00000
25.25000, 66.00000
25.75000, 69.00000
26.25000, 67.00000
27.25000, 67.00000
27.50000, 67.00000
27.75000, 67.00000
28.00000, 68.00000
28.25000, 67.00000
28.50000, 65.00000
28.75000, 63.00000
29.00000, 62.00000
29.25000, 60.00000
29.50000, 58.00000
29.75000, 57.00000
30.25000, 67.00000
30.50000, 67.00000
30.75000, 67.00000
31.00000, 69.00000
31.50000, 67.00000
32.25000, 67.00000
32.50000, 67.00000
32.75000, 67.00000
33.00000, 69.00000
33.25000, 64.00000
33.75000, 67.00000
34.25000, 65.00000
35.25000, 69.00000
35.50000, 69.00000
35.75000, 69.00000
36.00000, 69.00000
36.50000, 64.00000
36.75000, 69.00000
37.25000, 69.00000
occurrence10
16.50000, 67.00000
16.75000, 70.00000
17.00000, 69.00000
17.25000, 67.00000
17.50000, 65.00000
17.75000, 62.00000
19.25000, 69.00000
19.50000, 69.00000
19.75000, 69.00000
20.00000, 70.00000
20.25000, 69.00000
20.50000, 67.00000
20.75000, 65.00000
21.00000, 64.00000
21.25000, 62.00000
21.50000, 60.00000
21.75000, 59.00000
22.25000, 69.00000
22.50000, 69.00000
22.75000, 69.00000
23.00000, 71.00000
23.50000, 69.00000
24.25000, 69.00000
24.50000, 69.00000
24.75000, 69.00000
25.00000, 71.00000
25.25000, 66.00000
25.75000, 69.00000
26.25000, 67.00000
27.25000, 67.00000
27.50000, 67.00000
27.75000, 67.00000
28.00000, 68.00000
28.25000, 67.00000
28.50000, 65.00000
28.75000, 63.00000
29.00000, 62.00000
29.25000, 60.00000
29.50000, 58.00000
29.75000, 57.00000
30.25000, 67.00000
30.50000, 67.00000
30.75000, 67.00000
31.00000, 69.00000
31.50000, 67.00000
32.25000, 67.00000
32.50000, 67.00000
32.75000, 67.00000
33.00000, 69.00000
33.25000, 64.00000
33.75000, 67.00000
34.25000, 65.00000
35.25000, 69.00000
35.50000, 69.00000
35.75000, 69.00000
36.00000, 69.00000
36.50000, 64.00000
36.75000, 69.00000
37.25000, 69.00000
37.75000, 69.00000
38.25000, 67.00000
39.25000, 67.00000
39.50000, 67.00000
39.75000, 67.00000
occurrence11
20.75000, 65.00000
21.00000, 64.00000
21.25000, 62.00000
21.50000, 60.00000
21.75000, 59.00000
22.25000, 69.00000
22.50000, 69.00000
22.75000, 69.00000
23.00000, 71.00000
23.50000, 69.00000
24.25000, 69.00000
24.50000, 69.00000
24.75000, 69.00000
25.00000, 71.00000
25.25000, 66.00000
25.75000, 69.00000
26.25000, 67.00000
27.25000, 67.00000
27.50000, 67.00000
27.75000, 67.00000
28.00000, 68.00000
28.25000, 67.00000
28.50000, 65.00000
28.75000, 63.00000
29.00000, 62.00000
29.25000, 60.00000
29.50000, 58.00000
29.75000, 57.00000
30.25000, 67.00000
30.50000, 67.00000
30.75000, 67.00000
31.00000, 69.00000
31.50000, 67.00000
32.25000, 67.00000
32.50000, 67.00000
32.75000, 67.00000
33.00000, 69.00000
33.25000, 64.00000
33.75000, 67.00000
34.25000, 65.00000
35.25000, 69.00000
35.50000, 69.00000
35.75000, 69.00000
36.00000, 69.00000
36.50000, 64.00000
36.75000, 69.00000
37.25000, 69.00000
37.75000, 69.00000
38.25000, 67.00000
39.25000, 67.00000
39.50000, 67.00000
39.75000, 67.00000
40.00000, 67.00000
40.50000, 62.00000
40.75000, 67.00000
41.25000, 67.00000
41.75000, 67.00000
42.25000, 65.00000
43.25000, 65.00000
43.50000, 65.00000
43.75000, 65.00000
44.00000, 65.00000
occurrence12
21.00000, 64.00000
21.25000, 62.00000
21.50000, 60.00000
21.75000, 59.00000
22.25000, 69.00000
22.50000, 69.00000
22.75000, 69.00000
23.00000, 71.00000
23.50000, 69.00000
24.25000, 69.00000
24.50000, 69.00000
24.75000, 69.00000
25.00000, 71.00000
25.25000, 66.00000
25.75000, 69.00000
26.25000, 67.00000
27.25000, 67.00000
27.50000, 67.00000
27.75000, 67.00000
28.00000, 68.00000
28.25000, 67.00000
28.50000, 65.00000
28.75000, 63.00000
29.00000, 62.00000
29.25000, 60.00000
29.50000, 58.00000
29.75000, 57.00000
30.25000, 67.00000
30.50000, 67.00000
30.75000, 67.00000
31.00000, 69.00000
31.50000, 67.00000
32.25000, 67.00000
32.50000, 67.00000
32.75000, 67.00000
33.00000, 69.00000
33.25000, 64.00000
33.75000, 67.00000
34.25000, 65.00000
35.25000, 69.00000
35.50000, 69.00000
35.75000, 69.00000
36.00000, 69.00000
36.50000, 64.00000
36.75000, 69.00000
37.25000, 69.00000
37.75000, 69.00000
38.25000, 67.00000
39.25000, 67.00000
39.50000, 67.00000
39.75000, 67.00000
40.00000, 67.00000
40.50000, 62.00000
40.75000, 67.00000
41.25000, 67.00000
41.75000, 67.00000
42.25000, 65.00000
43.25000, 65.00000
43.50000, 65.00000
43.75000, 65.00000
44.00000, 65.00000
44.25000, 64.00000
occurrence13
23.50000, 69.00000
24.25000, 69.00000
24.50000, 69.00000
24.75000, 69.00000
25.00000, 71.00000
25.25000, 66.00000
25.75000, 69.00000
26.25000, 67.00000
27.25000, 67.00000
27.50000, 67.00000
27.75000, 67.00000
28.00000, 68.00000
28.25000, 67.00000
28.50000, 65.00000
28.75000, 63.00000
29.00000, 62.00000
29.25000, 60.00000
29.50000, 58.00000
29.75000, 57.00000
30.25000, 67.00000
30.50000, 67.00000
30.75000, 67.00000
31.00000, 69.00000
31.50000, 67.00000
32.25000, 67.00000
32.50000, 67.00000
32.75000, 67.00000
33.00000, 69.00000
33.25000, 64.00000
33.75000, 67.00000
34.25000, 65.00000
35.25000, 69.00000
35.50000, 69.00000
35.75000, 69.00000
36.00000, 69.00000
36.50000, 64.00000
36.75000, 69.00000
37.25000, 69.00000
37.75000, 69.00000
38.25000, 67.00000
39.25000, 67.00000
39.50000, 67.00000
39.75000, 67.00000
40.00000, 67.00000
40.50000, 62.00000
40.75000, 67.00000
41.25000, 67.00000
41.75000, 67.00000
42.25000, 65.00000
43.25000, 65.00000
43.50000, 65.00000
43.75000, 65.00000
44.00000, 65.00000
44.25000, 64.00000
44.75000, 67.00000
45.25000, 67.00000
45.50000, 67.00000
45.75000, 67.00000
46.00000, 67.00000
46.25000, 65.00000
46.75000, 69.00000
occurrence14
24.50000, 69.00000
24.75000, 69.00000
25.00000, 71.00000
25.25000, 66.00000
25.75000, 69.00000
26.25000, 67.00000
27.25000, 67.00000
27.50000, 67.00000
27.75000, 67.00000
28.00000, 68.00000
28.25000, 67.00000
28.50000, 65.00000
28.75000, 63.00000
29.00000, 62.00000
29.25000, 60.00000
29.50000, 58.00000
29.75000, 57.00000
30.25000, 67.00000
30.50000, 67.00000
30.75000, 67.00000
31.00000, 69.00000
31.50000, 67.00000
32.25000, 67.00000
32.50000, 67.00000
32.75000, 67.00000
33.00000, 69.00000
33.25000, 64.00000
33.75000, 67.00000
34.25000, 65.00000
35.25000, 69.00000
35.50000, 69.00000
35.75000, 69.00000
36.00000, 69.00000
36.50000, 64.00000
36.75000, 69.00000
37.25000, 69.00000
37.75000, 69.00000
38.25000, 67.00000
39.25000, 67.00000
39.50000, 67.00000
39.75000, 67.00000
40.00000, 67.00000
40.50000, 62.00000
40.75000, 67.00000
41.25000, 67.00000
41.75000, 67.00000
42.25000, 65.00000
43.25000, 65.00000
43.50000, 65.00000
43.75000, 65.00000
44.00000, 65.00000
44.25000, 64.00000
44.75000, 67.00000
45.25000, 67.00000
45.50000, 67.00000
45.75000, 67.00000
46.00000, 67.00000
46.25000, 65.00000
46.75000, 69.00000
47.75000, 69.00000
occurrence15
28.00000, 68.00000
28.25000, 67.00000
28.50000, 65.00000
28.75000, 63.00000
29.00000, 62.00000
29.25000, 60.00000
29.50000, 58.00000
29.75000, 57.00000
30.25000, 67.00000
30.50000, 67.00000
30.75000, 67.00000
31.00000, 69.00000
31.50000, 67.00000
32.25000, 67.00000
32.50000, 67.00000
32.75000, 67.00000
33.00000, 69.00000
33.25000, 64.00000
33.75000, 67.00000
34.25000, 65.00000
35.25000, 69.00000
35.50000, 69.00000
35.75000, 69.00000
36.00000, 69.00000
36.50000, 64.00000
36.75000, 69.00000
37.25000, 69.00000
37.75000, 69.00000
38.25000, 67.00000
39.25000, 67.00000
39.50000, 67.00000
39.75000, 67.00000
40.00000, 67.00000
40.50000, 62.00000
40.75000, 67.00000
41.25000, 67.00000
41.75000, 67.00000
42.25000, 65.00000
43.25000, 65.00000
43.50000, 65.00000
43.75000, 65.00000
44.00000, 65.00000
44.25000, 64.00000
44.75000, 67.00000
45.25000, 67.00000
45.50000, 67.00000
45.75000, 67.00000
46.00000, 67.00000
46.25000, 65.00000
46.75000, 69.00000
47.75000, 69.00000
48.00000, 70.00000
48.25000, 69.00000
48.50000, 67.00000
48.75000, 65.00000
49.00000, 67.00000
49.50000, 69.00000
49.75000, 67.00000
50.00000, 65.00000
50.25000, 64.00000
50.50000, 65.00000
51.25000, 67.00000
occurrence16
28.25000, 67.00000
28.50000, 65.00000
28.75000, 63.00000
29.00000, 62.00000
29.25000, 60.00000
29.50000, 58.00000
29.75000, 57.00000
30.25000, 67.00000
30.50000, 67.00000
30.75000, 67.00000
31.00000, 69.00000
31.50000, 67.00000
32.25000, 67.00000
32.50000, 67.00000
32.75000, 67.00000
33.00000, 69.00000
33.25000, 64.00000
33.75000, 67.00000
34.25000, 65.00000
35.25000, 69.00000
35.50000, 69.00000
35.75000, 69.00000
36.00000, 69.00000
36.50000, 64.00000
36.75000, 69.00000
37.25000, 69.00000
37.75000, 69.00000
38.25000, 67.00000
39.25000, 67.00000
39.50000, 67.00000
39.75000, 67.00000
40.00000, 67.00000
40.50000, 62.00000
40.75000, 67.00000
41.25000, 67.00000
41.75000, 67.00000
42.25000, 65.00000
43.25000, 65.00000
43.50000, 65.00000
43.75000, 65.00000
44.00000, 65.00000
44.25000, 64.00000
44.75000, 67.00000
45.25000, 67.00000
45.50000, 67.00000
45.75000, 67.00000
46.00000, 67.00000
46.25000, 65.00000
46.75000, 69.00000
47.75000, 69.00000
48.00000, 70.00000
48.25000, 69.00000
48.50000, 67.00000
48.75000, 65.00000
49.00000, 67.00000
49.50000, 69.00000
49.75000, 67.00000
50.00000, 65.00000
50.25000, 64.00000
50.50000, 65.00000
51.25000, 67.00000
51.50000, 67.00000
occurrence17
28.50000, 65.00000
28.75000, 63.00000
29.00000, 62.00000
29.25000, 60.00000
29.50000, 58.00000
29.75000, 57.00000
30.25000, 67.00000
30.50000, 67.00000
30.75000, 67.00000
31.00000, 69.00000
31.50000, 67.00000
32.25000, 67.00000
32.50000, 67.00000
32.75000, 67.00000
33.00000, 69.00000
33.25000, 64.00000
33.75000, 67.00000
34.25000, 65.00000
35.25000, 69.00000
35.50000, 69.00000
35.75000, 69.00000
36.00000, 69.00000
36.50000, 64.00000
36.75000, 69.00000
37.25000, 69.00000
37.75000, 69.00000
38.25000, 67.00000
39.25000, 67.00000
39.50000, 67.00000
39.75000, 67.00000
40.00000, 67.00000
40.50000, 62.00000
40.75000, 67.00000
41.25000, 67.00000
41.75000, 67.00000
42.25000, 65.00000
43.25000, 65.00000
43.50000, 65.00000
43.75000, 65.00000
44.00000, 65.00000
44.25000, 64.00000
44.75000, 67.00000
45.25000, 67.00000
45.50000, 67.00000
45.75000, 67.00000
46.00000, 67.00000
46.25000, 65.00000
46.75000, 69.00000
47.75000, 69.00000
48.00000, 70.00000
48.25000, 69.00000
48.50000, 67.00000
48.75000, 65.00000
49.00000, 67.00000
49.50000, 69.00000
49.75000, 67.00000
50.00000, 65.00000
50.25000, 64.00000
50.50000, 65.00000
51.25000, 67.00000
51.50000, 67.00000
51.75000, 65.00000
occurrence18
28.75000, 63.00000
29.00000, 62.00000
29.25000, 60.00000
29.50000, 58.00000
29.75000, 57.00000
30.25000, 67.00000
30.50000, 67.00000
30.75000, 67.00000
31.00000, 69.00000
31.50000, 67.00000
32.25000, 67.00000
32.50000, 67.00000
32.75000, 67.00000
33.00000, 69.00000
33.25000, 64.00000
33.75000, 67.00000
34.25000, 65.00000
35.25000, 69.00000
35.50000, 69.00000
35.75000, 69.00000
36.00000, 69.00000
36.50000, 64.00000
36.75000, 69.00000
37.25000, 69.00000
37.75000, 69.00000
38.25000, 67.00000
39.25000, 67.00000
39.50000, 67.00000
39.75000, 67.00000
40.00000, 67.00000
40.50000, 62.00000
40.75000, 67.00000
41.25000, 67.00000
41.75000, 67.00000
42.25000, 65.00000
43.25000, 65.00000
43.50000, 65.00000
43.75000, 65.00000
44.00000, 65.00000
44.25000, 64.00000
44.75000, 67.00000
45.25000, 67.00000
45.50000, 67.00000
45.75000, 67.00000
46.00000, 67.00000
46.25000, 65.00000
46.75000, 69.00000
47.75000, 69.00000
48.00000, 70.00000
48.25000, 69.00000
48.50000, 67.00000
48.75000, 65.00000
49.00000, 67.00000
49.50000, 69.00000
49.75000, 67.00000
50.00000, 65.00000
50.25000, 64.00000
50.50000, 65.00000
51.25000, 67.00000
51.50000, 67.00000
51.75000, 65.00000
52.00000, 64.00000
occurrence19
41.25000, 67.00000
41.75000, 67.00000
42.25000, 65.00000
43.25000, 65.00000
43.50000, 65.00000
43.75000, 65.00000
44.00000, 65.00000
44.25000, 64.00000
44.75000, 67.00000
45.25000, 67.00000
45.50000, 67.00000
45.75000, 67.00000
46.00000, 67.00000
46.25000, 65.00000
46.75000, 69.00000
47.75000, 69.00000
48.00000, 70.00000
48.25000, 69.00000
48.50000, 67.00000
48.75000, 65.00000
49.00000, 67.00000
49.50000, 69.00000
49.75000, 67.00000
50.00000, 65.00000
50.25000, 64.00000
50.50000, 65.00000
51.25000, 67.00000
51.50000, 67.00000
51.75000, 65.00000
52.00000, 64.00000
52.50000, 67.00000
52.75000, 70.00000
53.00000, 69.00000
53.25000, 61.00000
53.75000, 62.00000
63.00000, 69.00000
63.25000, 72.00000
63.50000, 72.00000
63.75000, 69.00000
64.00000, 69.00000
64.50000, 67.00000
occurrence20
45.25000, 67.00000
45.50000, 67.00000
45.75000, 67.00000
46.00000, 67.00000
46.25000, 65.00000
46.75000, 69.00000
47.75000, 69.00000
48.00000, 70.00000
48.25000, 69.00000
48.50000, 67.00000
48.75000, 65.00000
49.00000, 67.00000
49.50000, 69.00000
49.75000, 67.00000
50.00000, 65.00000
50.25000, 64.00000
50.50000, 65.00000
51.25000, 67.00000
51.50000, 67.00000
51.75000, 65.00000
52.00000, 64.00000
52.50000, 67.00000
52.75000, 70.00000
53.00000, 69.00000
53.25000, 61.00000
53.75000, 62.00000
63.00000, 69.00000
63.25000, 72.00000
63.50000, 72.00000
63.75000, 69.00000
64.00000, 69.00000
64.50000, 67.00000
64.75000, 67.00000
65.25000, 65.00000
65.50000, 69.00000
67.00000, 69.00000
67.25000, 72.00000
67.50000, 72.00000
67.75000, 69.00000
68.00000, 69.00000
68.50000, 67.00000
occurrence21
45.50000, 67.00000
45.75000, 67.00000
46.00000, 67.00000
46.25000, 65.00000
46.75000, 69.00000
47.75000, 69.00000
48.00000, 70.00000
48.25000, 69.00000
48.50000, 67.00000
48.75000, 65.00000
49.00000, 67.00000
49.50000, 69.00000
49.75000, 67.00000
50.00000, 65.00000
50.25000, 64.00000
50.50000, 65.00000
51.25000, 67.00000
51.50000, 67.00000
51.75000, 65.00000
52.00000, 64.00000
52.50000, 67.00000
52.75000, 70.00000
53.00000, 69.00000
53.25000, 61.00000
53.75000, 62.00000
63.00000, 69.00000
63.25000, 72.00000
63.50000, 72.00000
63.75000, 69.00000
64.00000, 69.00000
64.50000, 67.00000
64.75000, 67.00000
65.25000, 65.00000
65.50000, 69.00000
67.00000, 69.00000
67.25000, 72.00000
67.50000, 72.00000
67.75000, 69.00000
68.00000, 69.00000
68.50000, 67.00000
68.75000, 67.00000
occurrence22
48.00000, 70.00000
48.25000, 69.00000
48.50000, 67.00000
48.75000, 65.00000
49.00000, 67.00000
49.50000, 69.00000
49.75000, 67.00000
50.00000, 65.00000
50.25000, 64.00000
50.50000, 65.00000
51.25000, 67.00000
51.50000, 67.00000
51.75000, 65.00000
52.00000, 64.00000
52.50000, 67.00000
52.75000, 70.00000
53.00000, 69.00000
53.25000, 61.00000
53.75000, 62.00000
63.00000, 69.00000
63.25000, 72.00000
63.50000, 72.00000
63.75000, 69.00000
64.00000, 69.00000
64.50000, 67.00000
64.75000, 67.00000
65.25000, 65.00000
65.50000, 69.00000
67.00000, 69.00000
67.25000, 72.00000
67.50000, 72.00000
67.75000, 69.00000
68.00000, 69.00000
68.50000, 67.00000
68.75000, 67.00000
69.25000, 65.00000
69.50000, 67.00000
71.00000, 67.00000
71.25000, 70.00000
occurrence23
50.00000, 65.00000
50.25000, 64.00000
50.50000, 65.00000
51.25000, 67.00000
51.50000, 67.00000
51.75000, 65.00000
52.00000, 64.00000
52.50000, 67.00000
52.75000, 70.00000
53.00000, 69.00000
53.25000, 61.00000
53.75000, 62.00000
63.00000, 69.00000
63.25000, 72.00000
63.50000, 72.00000
63.75000, 69.00000
64.00000, 69.00000
64.50000, 67.00000
64.75000, 67.00000
65.25000, 65.00000
65.50000, 69.00000
67.00000, 69.00000
67.25000, 72.00000
67.50000, 72.00000
67.75000, 69.00000
68.00000, 69.00000
68.50000, 67.00000
68.75000, 67.00000
69.25000, 65.00000
69.50000, 67.00000
71.00000, 67.00000
71.25000, 70.00000
71.50000, 70.00000
71.75000, 69.00000
72.00000, 69.00000
72.50000, 67.00000
72.75000, 67.00000
73.25000, 65.00000
occurrence24
52.75000, 70.00000
53.00000, 69.00000
53.25000, 61.00000
53.75000, 62.00000
63.00000, 69.00000
63.25000, 72.00000
63.50000, 72.00000
63.75000, 69.00000
64.00000, 69.00000
64.50000, 67.00000
64.75000, 67.00000
65.25000, 65.00000
65.50000, 69.00000
67.00000, 69.00000
67.25000, 72.00000
67.50000, 72.00000
67.75000, 69.00000
68.00000, 69.00000
68.50000, 67.00000
68.75000, 67.00000
69.25000, 65.00000
69.50000, 67.00000
71.00000, 67.00000
71.25000, 70.00000
71.50000, 70.00000
71.75000, 69.00000
72.00000, 69.00000
72.50000, 67.00000
72.75000, 67.00000
73.25000, 65.00000
73.50000, 67.00000
74.50000, 60.00000
74.75000, 60.00000
75.00000, 60.00000
75.50000, 60.00000
75.75000, 60.00000
76.00000, 70.00000
pattern8
occurrence1
6.00000, 69.00000
6.25000, 62.00000
6.75000, 62.00000
7.00000, 69.00000
7.25000, 70.00000
7.50000, 69.00000
7.75000, 65.00000
8.00000, 67.00000
8.25000, 67.00000
8.50000, 67.00000
8.75000, 67.00000
9.00000, 67.00000
9.25000, 69.00000
9.50000, 70.00000
9.75000, 69.00000
11.25000, 62.00000
11.50000, 62.00000
11.75000, 62.00000
12.00000, 69.00000
12.25000, 69.00000
12.50000, 69.00000
12.75000, 69.00000
13.00000, 69.00000
13.25000, 69.00000
13.50000, 69.00000
13.75000, 69.00000
14.00000, 69.00000
14.25000, 62.00000
14.75000, 62.00000
15.00000, 69.00000
15.25000, 70.00000
15.50000, 69.00000
15.75000, 65.00000
16.00000, 64.00000
16.25000, 65.00000
16.50000, 67.00000
16.75000, 70.00000
17.00000, 69.00000
17.25000, 67.00000
17.50000, 65.00000
17.75000, 62.00000
19.25000, 69.00000
19.50000, 69.00000
19.75000, 69.00000
20.00000, 70.00000
20.25000, 69.00000
20.50000, 67.00000
20.75000, 65.00000
21.00000, 64.00000
21.25000, 62.00000
21.50000, 60.00000
21.75000, 59.00000
22.25000, 69.00000
22.50000, 69.00000
22.75000, 69.00000
23.00000, 71.00000
23.50000, 69.00000
24.25000, 69.00000
24.50000, 69.00000
24.75000, 69.00000
25.00000, 71.00000
25.25000, 66.00000
25.75000, 69.00000
26.25000, 67.00000
occurrence2
7.00000, 69.00000
7.25000, 70.00000
7.50000, 69.00000
7.75000, 65.00000
8.00000, 67.00000
8.25000, 67.00000
8.50000, 67.00000
8.75000, 67.00000
9.00000, 67.00000
9.25000, 69.00000
9.50000, 70.00000
9.75000, 69.00000
11.25000, 62.00000
11.50000, 62.00000
11.75000, 62.00000
12.00000, 69.00000
12.25000, 69.00000
12.50000, 69.00000
12.75000, 69.00000
13.00000, 69.00000
13.25000, 69.00000
13.50000, 69.00000
13.75000, 69.00000
14.00000, 69.00000
14.25000, 62.00000
14.75000, 62.00000
15.00000, 69.00000
15.25000, 70.00000
15.50000, 69.00000
15.75000, 65.00000
16.00000, 64.00000
16.25000, 65.00000
16.50000, 67.00000
16.75000, 70.00000
17.00000, 69.00000
17.25000, 67.00000
17.50000, 65.00000
17.75000, 62.00000
19.25000, 69.00000
19.50000, 69.00000
19.75000, 69.00000
20.00000, 70.00000
20.25000, 69.00000
20.50000, 67.00000
20.75000, 65.00000
21.00000, 64.00000
21.25000, 62.00000
21.50000, 60.00000
21.75000, 59.00000
22.25000, 69.00000
22.50000, 69.00000
22.75000, 69.00000
23.00000, 71.00000
23.50000, 69.00000
24.25000, 69.00000
24.50000, 69.00000
24.75000, 69.00000
25.00000, 71.00000
25.25000, 66.00000
25.75000, 69.00000
26.25000, 67.00000
27.25000, 67.00000
occurrence3
7.50000, 69.00000
7.75000, 65.00000
8.00000, 67.00000
8.25000, 67.00000
8.50000, 67.00000
8.75000, 67.00000
9.00000, 67.00000
9.25000, 69.00000
9.50000, 70.00000
9.75000, 69.00000
11.25000, 62.00000
11.50000, 62.00000
11.75000, 62.00000
12.00000, 69.00000
12.25000, 69.00000
12.50000, 69.00000
12.75000, 69.00000
13.00000, 69.00000
13.25000, 69.00000
13.50000, 69.00000
13.75000, 69.00000
14.00000, 69.00000
14.25000, 62.00000
14.75000, 62.00000
15.00000, 69.00000
15.25000, 70.00000
15.50000, 69.00000
15.75000, 65.00000
16.00000, 64.00000
16.25000, 65.00000
16.50000, 67.00000
16.75000, 70.00000
17.00000, 69.00000
17.25000, 67.00000
17.50000, 65.00000
17.75000, 62.00000
19.25000, 69.00000
19.50000, 69.00000
19.75000, 69.00000
20.00000, 70.00000
20.25000, 69.00000
20.50000, 67.00000
20.75000, 65.00000
21.00000, 64.00000
21.25000, 62.00000
21.50000, 60.00000
21.75000, 59.00000
22.25000, 69.00000
22.50000, 69.00000
22.75000, 69.00000
23.00000, 71.00000
23.50000, 69.00000
24.25000, 69.00000
24.50000, 69.00000
24.75000, 69.00000
25.00000, 71.00000
25.25000, 66.00000
25.75000, 69.00000
26.25000, 67.00000
27.25000, 67.00000
27.50000, 67.00000
27.75000, 67.00000
occurrence4
8.25000, 67.00000
8.50000, 67.00000
8.75000, 67.00000
9.00000, 67.00000
9.25000, 69.00000
9.50000, 70.00000
9.75000, 69.00000
11.25000, 62.00000
11.50000, 62.00000
11.75000, 62.00000
12.00000, 69.00000
12.25000, 69.00000
12.50000, 69.00000
12.75000, 69.00000
13.00000, 69.00000
13.25000, 69.00000
13.50000, 69.00000
13.75000, 69.00000
14.00000, 69.00000
14.25000, 62.00000
14.75000, 62.00000
15.00000, 69.00000
15.25000, 70.00000
15.50000, 69.00000
15.75000, 65.00000
16.00000, 64.00000
16.25000, 65.00000
16.50000, 67.00000
16.75000, 70.00000
17.00000, 69.00000
17.25000, 67.00000
17.50000, 65.00000
17.75000, 62.00000
19.25000, 69.00000
19.50000, 69.00000
19.75000, 69.00000
20.00000, 70.00000
20.25000, 69.00000
20.50000, 67.00000
20.75000, 65.00000
21.00000, 64.00000
21.25000, 62.00000
21.50000, 60.00000
21.75000, 59.00000
22.25000, 69.00000
22.50000, 69.00000
22.75000, 69.00000
23.00000, 71.00000
23.50000, 69.00000
24.25000, 69.00000
24.50000, 69.00000
24.75000, 69.00000
25.00000, 71.00000
25.25000, 66.00000
25.75000, 69.00000
26.25000, 67.00000
27.25000, 67.00000
27.50000, 67.00000
27.75000, 67.00000
28.00000, 68.00000
28.25000, 67.00000
28.50000, 65.00000
occurrence5
12.00000, 69.00000
12.25000, 69.00000
12.50000, 69.00000
12.75000, 69.00000
13.00000, 69.00000
13.25000, 69.00000
13.50000, 69.00000
13.75000, 69.00000
14.00000, 69.00000
14.25000, 62.00000
14.75000, 62.00000
15.00000, 69.00000
15.25000, 70.00000
15.50000, 69.00000
15.75000, 65.00000
16.00000, 64.00000
16.25000, 65.00000
16.50000, 67.00000
16.75000, 70.00000
17.00000, 69.00000
17.25000, 67.00000
17.50000, 65.00000
17.75000, 62.00000
19.25000, 69.00000
19.50000, 69.00000
19.75000, 69.00000
20.00000, 70.00000
20.25000, 69.00000
20.50000, 67.00000
20.75000, 65.00000
21.00000, 64.00000
21.25000, 62.00000
21.50000, 60.00000
21.75000, 59.00000
22.25000, 69.00000
22.50000, 69.00000
22.75000, 69.00000
23.00000, 71.00000
23.50000, 69.00000
24.25000, 69.00000
24.50000, 69.00000
24.75000, 69.00000
25.00000, 71.00000
25.25000, 66.00000
25.75000, 69.00000
26.25000, 67.00000
27.25000, 67.00000
27.50000, 67.00000
27.75000, 67.00000
28.00000, 68.00000
28.25000, 67.00000
28.50000, 65.00000
28.75000, 63.00000
29.00000, 62.00000
29.25000, 60.00000
29.50000, 58.00000
29.75000, 57.00000
30.25000, 67.00000
30.50000, 67.00000
30.75000, 67.00000
31.00000, 69.00000
31.50000, 67.00000
32.25000, 67.00000
occurrence6
12.25000, 69.00000
12.50000, 69.00000
12.75000, 69.00000
13.00000, 69.00000
13.25000, 69.00000
13.50000, 69.00000
13.75000, 69.00000
14.00000, 69.00000
14.25000, 62.00000
14.75000, 62.00000
15.00000, 69.00000
15.25000, 70.00000
15.50000, 69.00000
15.75000, 65.00000
16.00000, 64.00000
16.25000, 65.00000
16.50000, 67.00000
16.75000, 70.00000
17.00000, 69.00000
17.25000, 67.00000
17.50000, 65.00000
17.75000, 62.00000
19.25000, 69.00000
19.50000, 69.00000
19.75000, 69.00000
20.00000, 70.00000
20.25000, 69.00000
20.50000, 67.00000
20.75000, 65.00000
21.00000, 64.00000
21.25000, 62.00000
21.50000, 60.00000
21.75000, 59.00000
22.25000, 69.00000
22.50000, 69.00000
22.75000, 69.00000
23.00000, 71.00000
23.50000, 69.00000
24.25000, 69.00000
24.50000, 69.00000
24.75000, 69.00000
25.00000, 71.00000
25.25000, 66.00000
25.75000, 69.00000
26.25000, 67.00000
27.25000, 67.00000
27.50000, 67.00000
27.75000, 67.00000
28.00000, 68.00000
28.25000, 67.00000
28.50000, 65.00000
28.75000, 63.00000
29.00000, 62.00000
29.25000, 60.00000
29.50000, 58.00000
29.75000, 57.00000
30.25000, 67.00000
30.50000, 67.00000
30.75000, 67.00000
31.00000, 69.00000
31.50000, 67.00000
32.25000, 67.00000
32.50000, 67.00000
occurrence7
12.50000, 69.00000
12.75000, 69.00000
13.00000, 69.00000
13.25000, 69.00000
13.50000, 69.00000
13.75000, 69.00000
14.00000, 69.00000
14.25000, 62.00000
14.75000, 62.00000
15.00000, 69.00000
15.25000, 70.00000
15.50000, 69.00000
15.75000, 65.00000
16.00000, 64.00000
16.25000, 65.00000
16.50000, 67.00000
16.75000, 70.00000
17.00000, 69.00000
17.25000, 67.00000
17.50000, 65.00000
17.75000, 62.00000
19.25000, 69.00000
19.50000, 69.00000
19.75000, 69.00000
20.00000, 70.00000
20.25000, 69.00000
20.50000, 67.00000
20.75000, 65.00000
21.00000, 64.00000
21.25000, 62.00000
21.50000, 60.00000
21.75000, 59.00000
22.25000, 69.00000
22.50000, 69.00000
22.75000, 69.00000
23.00000, 71.00000
23.50000, 69.00000
24.25000, 69.00000
24.50000, 69.00000
24.75000, 69.00000
25.00000, 71.00000
25.25000, 66.00000
25.75000, 69.00000
26.25000, 67.00000
27.25000, 67.00000
27.50000, 67.00000
27.75000, 67.00000
28.00000, 68.00000
28.25000, 67.00000
28.50000, 65.00000
28.75000, 63.00000
29.00000, 62.00000
29.25000, 60.00000
29.50000, 58.00000
29.75000, 57.00000
30.25000, 67.00000
30.50000, 67.00000
30.75000, 67.00000
31.00000, 69.00000
31.50000, 67.00000
32.25000, 67.00000
32.50000, 67.00000
32.75000, 67.00000
occurrence8
13.50000, 69.00000
13.75000, 69.00000
14.00000, 69.00000
14.25000, 62.00000
14.75000, 62.00000
15.00000, 69.00000
15.25000, 70.00000
15.50000, 69.00000
15.75000, 65.00000
16.00000, 64.00000
16.25000, 65.00000
16.50000, 67.00000
16.75000, 70.00000
17.00000, 69.00000
17.25000, 67.00000
17.50000, 65.00000
17.75000, 62.00000
19.25000, 69.00000
19.50000, 69.00000
19.75000, 69.00000
20.00000, 70.00000
20.25000, 69.00000
20.50000, 67.00000
20.75000, 65.00000
21.00000, 64.00000
21.25000, 62.00000
21.50000, 60.00000
21.75000, 59.00000
22.25000, 69.00000
22.50000, 69.00000
22.75000, 69.00000
23.00000, 71.00000
23.50000, 69.00000
24.25000, 69.00000
24.50000, 69.00000
24.75000, 69.00000
25.00000, 71.00000
25.25000, 66.00000
25.75000, 69.00000
26.25000, 67.00000
27.25000, 67.00000
27.50000, 67.00000
27.75000, 67.00000
28.00000, 68.00000
28.25000, 67.00000
28.50000, 65.00000
28.75000, 63.00000
29.00000, 62.00000
29.25000, 60.00000
29.50000, 58.00000
29.75000, 57.00000
30.25000, 67.00000
30.50000, 67.00000
30.75000, 67.00000
31.00000, 69.00000
31.50000, 67.00000
32.25000, 67.00000
32.50000, 67.00000
32.75000, 67.00000
33.00000, 69.00000
33.25000, 64.00000
33.75000, 67.00000
occurrence9
15.25000, 70.00000
15.50000, 69.00000
15.75000, 65.00000
16.00000, 64.00000
16.25000, 65.00000
16.50000, 67.00000
16.75000, 70.00000
17.00000, 69.00000
17.25000, 67.00000
17.50000, 65.00000
17.75000, 62.00000
19.25000, 69.00000
19.50000, 69.00000
19.75000, 69.00000
20.00000, 70.00000
20.25000, 69.00000
20.50000, 67.00000
20.75000, 65.00000
21.00000, 64.00000
21.25000, 62.00000
21.50000, 60.00000
21.75000, 59.00000
22.25000, 69.00000
22.50000, 69.00000
22.75000, 69.00000
23.00000, 71.00000
23.50000, 69.00000
24.25000, 69.00000
24.50000, 69.00000
24.75000, 69.00000
25.00000, 71.00000
25.25000, 66.00000
25.75000, 69.00000
26.25000, 67.00000
27.25000, 67.00000
27.50000, 67.00000
27.75000, 67.00000
28.00000, 68.00000
28.25000, 67.00000
28.50000, 65.00000
28.75000, 63.00000
29.00000, 62.00000
29.25000, 60.00000
29.50000, 58.00000
29.75000, 57.00000
30.25000, 67.00000
30.50000, 67.00000
30.75000, 67.00000
31.00000, 69.00000
31.50000, 67.00000
32.25000, 67.00000
32.50000, 67.00000
32.75000, 67.00000
33.00000, 69.00000
33.25000, 64.00000
33.75000, 67.00000
34.25000, 65.00000
35.25000, 69.00000
35.50000, 69.00000
occurrence10
16.25000, 65.00000
16.50000, 67.00000
16.75000, 70.00000
17.00000, 69.00000
17.25000, 67.00000
17.50000, 65.00000
17.75000, 62.00000
19.25000, 69.00000
19.50000, 69.00000
19.75000, 69.00000
20.00000, 70.00000
20.25000, 69.00000
20.50000, 67.00000
20.75000, 65.00000
21.00000, 64.00000
21.25000, 62.00000
21.50000, 60.00000
21.75000, 59.00000
22.25000, 69.00000
22.50000, 69.00000
22.75000, 69.00000
23.00000, 71.00000
23.50000, 69.00000
24.25000, 69.00000
24.50000, 69.00000
24.75000, 69.00000
25.00000, 71.00000
25.25000, 66.00000
25.75000, 69.00000
26.25000, 67.00000
27.25000, 67.00000
27.50000, 67.00000
27.75000, 67.00000
28.00000, 68.00000
28.25000, 67.00000
28.50000, 65.00000
28.75000, 63.00000
29.00000, 62.00000
29.25000, 60.00000
29.50000, 58.00000
29.75000, 57.00000
30.25000, 67.00000
30.50000, 67.00000
30.75000, 67.00000
31.00000, 69.00000
31.50000, 67.00000
32.25000, 67.00000
32.50000, 67.00000
32.75000, 67.00000
33.00000, 69.00000
33.25000, 64.00000
33.75000, 67.00000
34.25000, 65.00000
35.25000, 69.00000
35.50000, 69.00000
35.75000, 69.00000
36.00000, 69.00000
36.50000, 64.00000
occurrence11
19.25000, 69.00000
19.50000, 69.00000
19.75000, 69.00000
20.00000, 70.00000
20.25000, 69.00000
20.50000, 67.00000
20.75000, 65.00000
21.00000, 64.00000
21.25000, 62.00000
21.50000, 60.00000
21.75000, 59.00000
22.25000, 69.00000
22.50000, 69.00000
22.75000, 69.00000
23.00000, 71.00000
23.50000, 69.00000
24.25000, 69.00000
24.50000, 69.00000
24.75000, 69.00000
25.00000, 71.00000
25.25000, 66.00000
25.75000, 69.00000
26.25000, 67.00000
27.25000, 67.00000
27.50000, 67.00000
27.75000, 67.00000
28.00000, 68.00000
28.25000, 67.00000
28.50000, 65.00000
28.75000, 63.00000
29.00000, 62.00000
29.25000, 60.00000
29.50000, 58.00000
29.75000, 57.00000
30.25000, 67.00000
30.50000, 67.00000
30.75000, 67.00000
31.00000, 69.00000
31.50000, 67.00000
32.25000, 67.00000
32.50000, 67.00000
32.75000, 67.00000
33.00000, 69.00000
33.25000, 64.00000
33.75000, 67.00000
34.25000, 65.00000
35.25000, 69.00000
35.50000, 69.00000
35.75000, 69.00000
36.00000, 69.00000
36.50000, 64.00000
36.75000, 69.00000
37.25000, 69.00000
37.75000, 69.00000
38.25000, 67.00000
39.25000, 67.00000
39.50000, 67.00000
occurrence12
19.50000, 69.00000
19.75000, 69.00000
20.00000, 70.00000
20.25000, 69.00000
20.50000, 67.00000
20.75000, 65.00000
21.00000, 64.00000
21.25000, 62.00000
21.50000, 60.00000
21.75000, 59.00000
22.25000, 69.00000
22.50000, 69.00000
22.75000, 69.00000
23.00000, 71.00000
23.50000, 69.00000
24.25000, 69.00000
24.50000, 69.00000
24.75000, 69.00000
25.00000, 71.00000
25.25000, 66.00000
25.75000, 69.00000
26.25000, 67.00000
27.25000, 67.00000
27.50000, 67.00000
27.75000, 67.00000
28.00000, 68.00000
28.25000, 67.00000
28.50000, 65.00000
28.75000, 63.00000
29.00000, 62.00000
29.25000, 60.00000
29.50000, 58.00000
29.75000, 57.00000
30.25000, 67.00000
30.50000, 67.00000
30.75000, 67.00000
31.00000, 69.00000
31.50000, 67.00000
32.25000, 67.00000
32.50000, 67.00000
32.75000, 67.00000
33.00000, 69.00000
33.25000, 64.00000
33.75000, 67.00000
34.25000, 65.00000
35.25000, 69.00000
35.50000, 69.00000
35.75000, 69.00000
36.00000, 69.00000
36.50000, 64.00000
36.75000, 69.00000
37.25000, 69.00000
37.75000, 69.00000
38.25000, 67.00000
39.25000, 67.00000
39.50000, 67.00000
39.75000, 67.00000
occurrence13
19.75000, 69.00000
20.00000, 70.00000
20.25000, 69.00000
20.50000, 67.00000
20.75000, 65.00000
21.00000, 64.00000
21.25000, 62.00000
21.50000, 60.00000
21.75000, 59.00000
22.25000, 69.00000
22.50000, 69.00000
22.75000, 69.00000
23.00000, 71.00000
23.50000, 69.00000
24.25000, 69.00000
24.50000, 69.00000
24.75000, 69.00000
25.00000, 71.00000
25.25000, 66.00000
25.75000, 69.00000
26.25000, 67.00000
27.25000, 67.00000
27.50000, 67.00000
27.75000, 67.00000
28.00000, 68.00000
28.25000, 67.00000
28.50000, 65.00000
28.75000, 63.00000
29.00000, 62.00000
29.25000, 60.00000
29.50000, 58.00000
29.75000, 57.00000
30.25000, 67.00000
30.50000, 67.00000
30.75000, 67.00000
31.00000, 69.00000
31.50000, 67.00000
32.25000, 67.00000
32.50000, 67.00000
32.75000, 67.00000
33.00000, 69.00000
33.25000, 64.00000
33.75000, 67.00000
34.25000, 65.00000
35.25000, 69.00000
35.50000, 69.00000
35.75000, 69.00000
36.00000, 69.00000
36.50000, 64.00000
36.75000, 69.00000
37.25000, 69.00000
37.75000, 69.00000
38.25000, 67.00000
39.25000, 67.00000
39.50000, 67.00000
39.75000, 67.00000
40.00000, 67.00000
occurrence14
24.50000, 69.00000
24.75000, 69.00000
25.00000, 71.00000
25.25000, 66.00000
25.75000, 69.00000
26.25000, 67.00000
27.25000, 67.00000
27.50000, 67.00000
27.75000, 67.00000
28.00000, 68.00000
28.25000, 67.00000
28.50000, 65.00000
28.75000, 63.00000
29.00000, 62.00000
29.25000, 60.00000
29.50000, 58.00000
29.75000, 57.00000
30.25000, 67.00000
30.50000, 67.00000
30.75000, 67.00000
31.00000, 69.00000
31.50000, 67.00000
32.25000, 67.00000
32.50000, 67.00000
32.75000, 67.00000
33.00000, 69.00000
33.25000, 64.00000
33.75000, 67.00000
34.25000, 65.00000
35.25000, 69.00000
35.50000, 69.00000
35.75000, 69.00000
36.00000, 69.00000
36.50000, 64.00000
36.75000, 69.00000
37.25000, 69.00000
37.75000, 69.00000
38.25000, 67.00000
39.25000, 67.00000
39.50000, 67.00000
39.75000, 67.00000
40.00000, 67.00000
40.50000, 62.00000
40.75000, 67.00000
41.25000, 67.00000
41.75000, 67.00000
42.25000, 65.00000
43.25000, 65.00000
43.50000, 65.00000
43.75000, 65.00000
44.00000, 65.00000
44.25000, 64.00000
44.75000, 67.00000
occurrence15
25.75000, 69.00000
26.25000, 67.00000
27.25000, 67.00000
27.50000, 67.00000
27.75000, 67.00000
28.00000, 68.00000
28.25000, 67.00000
28.50000, 65.00000
28.75000, 63.00000
29.00000, 62.00000
29.25000, 60.00000
29.50000, 58.00000
29.75000, 57.00000
30.25000, 67.00000
30.50000, 67.00000
30.75000, 67.00000
31.00000, 69.00000
31.50000, 67.00000
32.25000, 67.00000
32.50000, 67.00000
32.75000, 67.00000
33.00000, 69.00000
33.25000, 64.00000
33.75000, 67.00000
34.25000, 65.00000
35.25000, 69.00000
35.50000, 69.00000
35.75000, 69.00000
36.00000, 69.00000
36.50000, 64.00000
36.75000, 69.00000
37.25000, 69.00000
37.75000, 69.00000
38.25000, 67.00000
39.25000, 67.00000
39.50000, 67.00000
39.75000, 67.00000
40.00000, 67.00000
40.50000, 62.00000
40.75000, 67.00000
41.25000, 67.00000
41.75000, 67.00000
42.25000, 65.00000
43.25000, 65.00000
43.50000, 65.00000
43.75000, 65.00000
44.00000, 65.00000
44.25000, 64.00000
44.75000, 67.00000
45.25000, 67.00000
45.50000, 67.00000
45.75000, 67.00000
46.00000, 67.00000
occurrence16
30.25000, 67.00000
30.50000, 67.00000
30.75000, 67.00000
31.00000, 69.00000
31.50000, 67.00000
32.25000, 67.00000
32.50000, 67.00000
32.75000, 67.00000
33.00000, 69.00000
33.25000, 64.00000
33.75000, 67.00000
34.25000, 65.00000
35.25000, 69.00000
35.50000, 69.00000
35.75000, 69.00000
36.00000, 69.00000
36.50000, 64.00000
36.75000, 69.00000
37.25000, 69.00000
37.75000, 69.00000
38.25000, 67.00000
39.25000, 67.00000
39.50000, 67.00000
39.75000, 67.00000
40.00000, 67.00000
40.50000, 62.00000
40.75000, 67.00000
41.25000, 67.00000
41.75000, 67.00000
42.25000, 65.00000
43.25000, 65.00000
43.50000, 65.00000
43.75000, 65.00000
44.00000, 65.00000
44.25000, 64.00000
44.75000, 67.00000
45.25000, 67.00000
45.50000, 67.00000
45.75000, 67.00000
46.00000, 67.00000
46.25000, 65.00000
46.75000, 69.00000
47.75000, 69.00000
48.00000, 70.00000
48.25000, 69.00000
48.50000, 67.00000
48.75000, 65.00000
49.00000, 67.00000
49.50000, 69.00000
49.75000, 67.00000
50.00000, 65.00000
50.25000, 64.00000
50.50000, 65.00000
occurrence17
31.00000, 69.00000
31.50000, 67.00000
32.25000, 67.00000
32.50000, 67.00000
32.75000, 67.00000
33.00000, 69.00000
33.25000, 64.00000
33.75000, 67.00000
34.25000, 65.00000
35.25000, 69.00000
35.50000, 69.00000
35.75000, 69.00000
36.00000, 69.00000
36.50000, 64.00000
36.75000, 69.00000
37.25000, 69.00000
37.75000, 69.00000
38.25000, 67.00000
39.25000, 67.00000
39.50000, 67.00000
39.75000, 67.00000
40.00000, 67.00000
40.50000, 62.00000
40.75000, 67.00000
41.25000, 67.00000
41.75000, 67.00000
42.25000, 65.00000
43.25000, 65.00000
43.50000, 65.00000
43.75000, 65.00000
44.00000, 65.00000
44.25000, 64.00000
44.75000, 67.00000
45.25000, 67.00000
45.50000, 67.00000
45.75000, 67.00000
46.00000, 67.00000
46.25000, 65.00000
46.75000, 69.00000
47.75000, 69.00000
48.00000, 70.00000
48.25000, 69.00000
48.50000, 67.00000
48.75000, 65.00000
49.00000, 67.00000
49.50000, 69.00000
49.75000, 67.00000
50.00000, 65.00000
50.25000, 64.00000
50.50000, 65.00000
51.25000, 67.00000
occurrence18
31.50000, 67.00000
32.25000, 67.00000
32.50000, 67.00000
32.75000, 67.00000
33.00000, 69.00000
33.25000, 64.00000
33.75000, 67.00000
34.25000, 65.00000
35.25000, 69.00000
35.50000, 69.00000
35.75000, 69.00000
36.00000, 69.00000
36.50000, 64.00000
36.75000, 69.00000
37.25000, 69.00000
37.75000, 69.00000
38.25000, 67.00000
39.25000, 67.00000
39.50000, 67.00000
39.75000, 67.00000
40.00000, 67.00000
40.50000, 62.00000
40.75000, 67.00000
41.25000, 67.00000
41.75000, 67.00000
42.25000, 65.00000
43.25000, 65.00000
43.50000, 65.00000
43.75000, 65.00000
44.00000, 65.00000
44.25000, 64.00000
44.75000, 67.00000
45.25000, 67.00000
45.50000, 67.00000
45.75000, 67.00000
46.00000, 67.00000
46.25000, 65.00000
46.75000, 69.00000
47.75000, 69.00000
48.00000, 70.00000
48.25000, 69.00000
48.50000, 67.00000
48.75000, 65.00000
49.00000, 67.00000
49.50000, 69.00000
49.75000, 67.00000
50.00000, 65.00000
50.25000, 64.00000
50.50000, 65.00000
51.25000, 67.00000
51.50000, 67.00000
51.75000, 65.00000
occurrence19
48.25000, 69.00000
48.50000, 67.00000
48.75000, 65.00000
49.00000, 67.00000
49.50000, 69.00000
49.75000, 67.00000
50.00000, 65.00000
50.25000, 64.00000
50.50000, 65.00000
51.25000, 67.00000
51.50000, 67.00000
51.75000, 65.00000
52.00000, 64.00000
52.50000, 67.00000
52.75000, 70.00000
53.00000, 69.00000
53.25000, 61.00000
53.75000, 62.00000
63.00000, 69.00000
63.25000, 72.00000
63.50000, 72.00000
63.75000, 69.00000
64.00000, 69.00000
64.50000, 67.00000
64.75000, 67.00000
65.25000, 65.00000
65.50000, 69.00000
67.00000, 69.00000
67.25000, 72.00000
67.50000, 72.00000
67.75000, 69.00000
68.00000, 69.00000
68.50000, 67.00000
occurrence20
49.00000, 67.00000
49.50000, 69.00000
49.75000, 67.00000
50.00000, 65.00000
50.25000, 64.00000
50.50000, 65.00000
51.25000, 67.00000
51.50000, 67.00000
51.75000, 65.00000
52.00000, 64.00000
52.50000, 67.00000
52.75000, 70.00000
53.00000, 69.00000
53.25000, 61.00000
53.75000, 62.00000
63.00000, 69.00000
63.25000, 72.00000
63.50000, 72.00000
63.75000, 69.00000
64.00000, 69.00000
64.50000, 67.00000
64.75000, 67.00000
65.25000, 65.00000
65.50000, 69.00000
67.00000, 69.00000
67.25000, 72.00000
67.50000, 72.00000
67.75000, 69.00000
68.00000, 69.00000
68.50000, 67.00000
68.75000, 67.00000
69.25000, 65.00000
occurrence21
67.25000, 72.00000
67.50000, 72.00000
67.75000, 69.00000
68.00000, 69.00000
68.50000, 67.00000
68.75000, 67.00000
69.25000, 65.00000
69.50000, 67.00000
71.00000, 67.00000
71.25000, 70.00000
71.50000, 70.00000
71.75000, 69.00000
72.00000, 69.00000
72.50000, 67.00000
72.75000, 67.00000
73.25000, 65.00000
73.50000, 67.00000
74.50000, 60.00000
74.75000, 60.00000
75.00000, 60.00000
75.50000, 60.00000
75.75000, 60.00000
76.00000, 70.00000
76.50000, 69.00000
77.00000, 67.00000
77.50000, 65.00000
79.00000, 69.00000
79.25000, 72.00000
79.50000, 72.00000
79.75000, 69.00000
80.00000, 69.00000
80.50000, 67.00000
80.75000, 67.00000
81.25000, 65.00000
81.50000, 69.00000
83.00000, 69.00000
83.25000, 72.00000
83.50000, 72.00000
83.75000, 69.00000
84.00000, 69.00000
84.50000, 67.00000
84.75000, 67.00000
85.25000, 65.00000
85.50000, 67.00000
87.00000, 62.00000
87.25000, 70.00000
87.50000, 70.00000
pattern9
occurrence1
13.00000, 69.00000
13.25000, 69.00000
13.50000, 69.00000
13.75000, 69.00000
14.00000, 69.00000
14.25000, 62.00000
14.75000, 62.00000
15.00000, 69.00000
15.25000, 70.00000
15.50000, 69.00000
15.75000, 65.00000
16.00000, 64.00000
16.25000, 65.00000
16.50000, 67.00000
16.75000, 70.00000
17.00000, 69.00000
17.25000, 67.00000
17.50000, 65.00000
occurrence2
16.50000, 67.00000
16.75000, 70.00000
17.00000, 69.00000
17.25000, 67.00000
17.50000, 65.00000
17.75000, 62.00000
19.25000, 69.00000
19.50000, 69.00000
19.75000, 69.00000
20.00000, 70.00000
20.25000, 69.00000
20.50000, 67.00000
20.75000, 65.00000
21.00000, 64.00000
occurrence3
23.00000, 71.00000
23.50000, 69.00000
24.25000, 69.00000
24.50000, 69.00000
24.75000, 69.00000
25.00000, 71.00000
25.25000, 66.00000
25.75000, 69.00000
26.25000, 67.00000
27.25000, 67.00000
27.50000, 67.00000
occurrence4
37.75000, 69.00000
38.25000, 67.00000
39.25000, 67.00000
39.50000, 67.00000
39.75000, 67.00000
40.00000, 67.00000
40.50000, 62.00000
40.75000, 67.00000
41.25000, 67.00000
41.75000, 67.00000
42.25000, 65.00000
occurrence5
39.75000, 67.00000
40.00000, 67.00000
40.50000, 62.00000
40.75000, 67.00000
41.25000, 67.00000
41.75000, 67.00000
42.25000, 65.00000
43.25000, 65.00000
43.50000, 65.00000
43.75000, 65.00000
44.00000, 65.00000
44.25000, 64.00000
occurrence6
45.75000, 67.00000
46.00000, 67.00000
46.25000, 65.00000
46.75000, 69.00000
47.75000, 69.00000
48.00000, 70.00000
48.25000, 69.00000
48.50000, 67.00000
48.75000, 65.00000
49.00000, 67.00000
49.50000, 69.00000
49.75000, 67.00000
50.00000, 65.00000
50.25000, 64.00000
occurrence7
48.00000, 70.00000
48.25000, 69.00000
48.50000, 67.00000
48.75000, 65.00000
49.00000, 67.00000
49.50000, 69.00000
49.75000, 67.00000
50.00000, 65.00000
50.25000, 64.00000
50.50000, 65.00000
51.25000, 67.00000
51.50000, 67.00000
51.75000, 65.00000
52.00000, 64.00000
52.50000, 67.00000
occurrence8
63.25000, 72.00000
63.50000, 72.00000
63.75000, 69.00000
64.00000, 69.00000
64.50000, 67.00000
64.75000, 67.00000
65.25000, 65.00000
65.50000, 69.00000
67.00000, 69.00000
67.25000, 72.00000
67.50000, 72.00000
67.75000, 69.00000
occurrence9
63.50000, 72.00000
63.75000, 69.00000
64.00000, 69.00000
64.50000, 67.00000
64.75000, 67.00000
65.25000, 65.00000
65.50000, 69.00000
67.00000, 69.00000
67.25000, 72.00000
67.50000, 72.00000
67.75000, 69.00000
68.00000, 69.00000
occurrence10
67.25000, 72.00000
67.50000, 72.00000
67.75000, 69.00000
68.00000, 69.00000
68.50000, 67.00000
68.75000, 67.00000
69.25000, 65.00000
69.50000, 67.00000
71.00000, 67.00000
71.25000, 70.00000
71.50000, 70.00000
71.75000, 69.00000
occurrence11
67.50000, 72.00000
67.75000, 69.00000
68.00000, 69.00000
68.50000, 67.00000
68.75000, 67.00000
69.25000, 65.00000
69.50000, 67.00000
71.00000, 67.00000
71.25000, 70.00000
71.50000, 70.00000
71.75000, 69.00000
72.00000, 69.00000
occurrence12
76.00000, 70.00000
76.50000, 69.00000
77.00000, 67.00000
77.50000, 65.00000
79.00000, 69.00000
79.25000, 72.00000
79.50000, 72.00000
79.75000, 69.00000
80.00000, 69.00000
80.50000, 67.00000
occurrence13
79.25000, 72.00000
79.50000, 72.00000
79.75000, 69.00000
80.00000, 69.00000
80.50000, 67.00000
80.75000, 67.00000
81.25000, 65.00000
81.50000, 69.00000
83.00000, 69.00000
83.25000, 72.00000
83.50000, 72.00000
83.75000, 69.00000
occurrence14
79.50000, 72.00000
79.75000, 69.00000
80.00000, 69.00000
80.50000, 67.00000
80.75000, 67.00000
81.25000, 65.00000
81.50000, 69.00000
83.00000, 69.00000
83.25000, 72.00000
83.50000, 72.00000
83.75000, 69.00000
84.00000, 69.00000
occurrence15
83.25000, 72.00000
83.50000, 72.00000
83.75000, 69.00000
84.00000, 69.00000
84.50000, 67.00000
84.75000, 67.00000
85.25000, 65.00000
85.50000, 67.00000
87.00000, 62.00000
87.25000, 70.00000
87.50000, 70.00000
87.75000, 69.00000
occurrence16
83.50000, 72.00000
83.75000, 69.00000
84.00000, 69.00000
84.50000, 67.00000
84.75000, 67.00000
85.25000, 65.00000
85.50000, 67.00000
87.00000, 62.00000
87.25000, 70.00000
87.50000, 70.00000
87.75000, 69.00000
88.00000, 69.00000
pattern10
occurrence1
6.25000, 62.00000
6.75000, 62.00000
7.00000, 69.00000
7.25000, 70.00000
7.50000, 69.00000
7.75000, 65.00000
8.00000, 67.00000
8.25000, 67.00000
8.50000, 67.00000
8.75000, 67.00000
9.00000, 67.00000
9.25000, 69.00000
9.50000, 70.00000
9.75000, 69.00000
11.25000, 62.00000
11.50000, 62.00000
11.75000, 62.00000
12.00000, 69.00000
12.25000, 69.00000
12.50000, 69.00000
12.75000, 69.00000
13.00000, 69.00000
13.25000, 69.00000
13.50000, 69.00000
13.75000, 69.00000
14.00000, 69.00000
14.25000, 62.00000
14.75000, 62.00000
15.00000, 69.00000
15.25000, 70.00000
15.50000, 69.00000
15.75000, 65.00000
16.00000, 64.00000
16.25000, 65.00000
16.50000, 67.00000
16.75000, 70.00000
17.00000, 69.00000
17.25000, 67.00000
17.50000, 65.00000
17.75000, 62.00000
19.25000, 69.00000
19.50000, 69.00000
19.75000, 69.00000
20.00000, 70.00000
20.25000, 69.00000
20.50000, 67.00000
20.75000, 65.00000
21.00000, 64.00000
21.25000, 62.00000
21.50000, 60.00000
21.75000, 59.00000
22.25000, 69.00000
22.50000, 69.00000
22.75000, 69.00000
23.00000, 71.00000
23.50000, 69.00000
24.25000, 69.00000
24.50000, 69.00000
24.75000, 69.00000
25.00000, 71.00000
25.25000, 66.00000
25.75000, 69.00000
26.25000, 67.00000
27.25000, 67.00000
27.50000, 67.00000
27.75000, 67.00000
28.00000, 68.00000
28.25000, 67.00000
28.50000, 65.00000
28.75000, 63.00000
29.00000, 62.00000
29.25000, 60.00000
29.50000, 58.00000
29.75000, 57.00000
30.25000, 67.00000
30.50000, 67.00000
30.75000, 67.00000
31.00000, 69.00000
31.50000, 67.00000
32.25000, 67.00000
32.50000, 67.00000
32.75000, 67.00000
33.00000, 69.00000
33.25000, 64.00000
33.75000, 67.00000
34.25000, 65.00000
35.25000, 69.00000
35.50000, 69.00000
35.75000, 69.00000
36.00000, 69.00000
36.50000, 64.00000
36.75000, 69.00000
37.25000, 69.00000
37.75000, 69.00000
38.25000, 67.00000
39.25000, 67.00000
39.50000, 67.00000
39.75000, 67.00000
40.00000, 67.00000
40.50000, 62.00000
40.75000, 67.00000
41.25000, 67.00000
41.75000, 67.00000
42.25000, 65.00000
43.25000, 65.00000
43.50000, 65.00000
43.75000, 65.00000
44.00000, 65.00000
44.25000, 64.00000
44.75000, 67.00000
45.25000, 67.00000
45.50000, 67.00000
45.75000, 67.00000
46.00000, 67.00000
46.25000, 65.00000
46.75000, 69.00000
47.75000, 69.00000
48.00000, 70.00000
48.25000, 69.00000
48.50000, 67.00000
48.75000, 65.00000
49.00000, 67.00000
49.50000, 69.00000
49.75000, 67.00000
50.00000, 65.00000
50.25000, 64.00000
50.50000, 65.00000
51.25000, 67.00000
51.50000, 67.00000
51.75000, 65.00000
52.00000, 64.00000
52.50000, 67.00000
52.75000, 70.00000
53.00000, 69.00000
53.25000, 61.00000
53.75000, 62.00000
63.00000, 69.00000
63.25000, 72.00000
63.50000, 72.00000
63.75000, 69.00000
64.00000, 69.00000
64.50000, 67.00000
64.75000, 67.00000
65.25000, 65.00000
65.50000, 69.00000
67.00000, 69.00000
67.25000, 72.00000
67.50000, 72.00000
67.75000, 69.00000
68.00000, 69.00000
68.50000, 67.00000
68.75000, 67.00000
69.25000, 65.00000
69.50000, 67.00000
71.00000, 67.00000
71.25000, 70.00000
71.50000, 70.00000
71.75000, 69.00000
72.00000, 69.00000
72.50000, 67.00000
72.75000, 67.00000
73.25000, 65.00000
73.50000, 67.00000
74.50000, 60.00000
74.75000, 60.00000
75.00000, 60.00000
75.50000, 60.00000
75.75000, 60.00000
76.00000, 70.00000
76.50000, 69.00000
77.00000, 67.00000
77.50000, 65.00000
79.00000, 69.00000
79.25000, 72.00000
79.50000, 72.00000
79.75000, 69.00000
80.00000, 69.00000
80.50000, 67.00000
80.75000, 67.00000
81.25000, 65.00000
81.50000, 69.00000
83.00000, 69.00000
83.25000, 72.00000
83.50000, 72.00000
83.75000, 69.00000
84.00000, 69.00000
84.50000, 67.00000
84.75000, 67.00000
85.25000, 65.00000
85.50000, 67.00000
87.00000, 62.00000
87.25000, 70.00000
87.50000, 70.00000
87.75000, 69.00000
88.00000, 69.00000
88.50000, 67.00000
88.75000, 67.00000
89.25000, 65.00000
89.50000, 67.00000
90.50000, 60.00000
90.75000, 60.00000
91.00000, 60.00000
91.50000, 60.00000
91.75000, 60.00000
92.00000, 70.00000
