pattern1
occurrence1
87.00000, 52.00000
87.50000, 49.00000
88.00000, 45.00000
88.00000, 81.00000
88.50000, 83.00000
89.00000, 85.00000
89.50000, 81.00000
90.00000, 88.00000
90.50000, 85.00000
91.00000, 52.00000
91.00000, 86.00000
91.50000, 83.00000
92.00000, 81.00000
92.50000, 80.00000
93.00000, 78.00000
93.50000, 76.00000
94.00000, 57.00000
94.00000, 81.00000
94.50000, 85.00000
95.00000, 88.00000
95.50000, 85.00000
96.00000, 61.00000
96.00000, 91.00000
96.50000, 88.00000
97.00000, 62.00000
97.00000, 90.00000
97.50000, 86.00000
98.00000, 81.00000
98.50000, 61.00000
98.50000, 86.00000
99.00000, 62.00000
99.00000, 92.00000
99.50000, 88.00000
100.00000, 61.00000
100.00000, 93.00000
100.50000, 88.00000
101.00000, 93.00000
101.50000, 88.00000
102.00000, 56.00000
102.00000, 95.00000
102.50000, 88.00000
103.00000, 57.00000
103.00000, 97.00000
103.50000, 97.00000
104.00000, 97.00000
104.50000, 97.00000
105.00000, 97.00000
105.50000, 97.00000
106.00000, 56.00000
106.00000, 95.00000
106.50000, 95.00000
107.00000, 95.00000
107.50000, 95.00000
108.00000, 95.00000
108.50000, 95.00000
109.00000, 57.00000
109.00000, 93.00000
109.50000, 56.00000
109.50000, 92.00000
110.00000, 57.00000
110.00000, 93.00000
110.50000, 54.00000
110.50000, 90.00000
111.00000, 59.00000
111.00000, 95.00000
111.50000, 56.00000
111.50000, 92.00000
112.00000, 52.00000
112.00000, 88.00000
113.00000, 40.00000
119.00000, 54.00000
120.00000, 47.00000
125.00000, 40.00000
126.00000, 45.00000
128.00000, 49.00000
129.00000, 50.00000
131.00000, 51.00000
132.00000, 52.00000
135.00000, 45.00000
135.50000, 49.00000
136.00000, 52.00000
136.50000, 57.00000
137.00000, 52.00000
137.50000, 49.00000
occurrence2
87.50000, 49.00000
88.00000, 45.00000
88.00000, 81.00000
88.50000, 83.00000
89.00000, 85.00000
89.50000, 81.00000
90.00000, 88.00000
90.50000, 85.00000
91.00000, 52.00000
91.00000, 86.00000
91.50000, 83.00000
92.00000, 81.00000
92.50000, 80.00000
93.00000, 78.00000
93.50000, 76.00000
94.00000, 57.00000
94.00000, 81.00000
94.50000, 85.00000
95.00000, 88.00000
95.50000, 85.00000
96.00000, 61.00000
96.00000, 91.00000
96.50000, 88.00000
97.00000, 62.00000
97.00000, 90.00000
97.50000, 86.00000
98.00000, 81.00000
98.50000, 61.00000
98.50000, 86.00000
99.00000, 62.00000
99.00000, 92.00000
99.50000, 88.00000
100.00000, 61.00000
100.00000, 93.00000
100.50000, 88.00000
101.00000, 93.00000
101.50000, 88.00000
102.00000, 56.00000
102.00000, 95.00000
102.50000, 88.00000
103.00000, 57.00000
103.00000, 97.00000
103.50000, 97.00000
104.00000, 97.00000
104.50000, 97.00000
105.00000, 97.00000
105.50000, 97.00000
106.00000, 56.00000
106.00000, 95.00000
106.50000, 95.00000
107.00000, 95.00000
107.50000, 95.00000
108.00000, 95.00000
108.50000, 95.00000
109.00000, 57.00000
109.00000, 93.00000
109.50000, 56.00000
109.50000, 92.00000
110.00000, 57.00000
110.00000, 93.00000
110.50000, 54.00000
110.50000, 90.00000
111.00000, 59.00000
111.00000, 95.00000
111.50000, 56.00000
111.50000, 92.00000
112.00000, 52.00000
112.00000, 88.00000
113.00000, 40.00000
119.00000, 54.00000
120.00000, 47.00000
125.00000, 40.00000
126.00000, 45.00000
128.00000, 49.00000
129.00000, 50.00000
131.00000, 51.00000
132.00000, 52.00000
135.00000, 45.00000
135.50000, 49.00000
136.00000, 52.00000
136.50000, 57.00000
137.00000, 52.00000
137.50000, 49.00000
138.00000, 45.00000
138.00000, 81.00000
occurrence3
89.00000, 85.00000
89.50000, 81.00000
90.00000, 88.00000
90.50000, 85.00000
91.00000, 52.00000
91.00000, 86.00000
91.50000, 83.00000
92.00000, 81.00000
92.50000, 80.00000
93.00000, 78.00000
93.50000, 76.00000
94.00000, 57.00000
94.00000, 81.00000
94.50000, 85.00000
95.00000, 88.00000
95.50000, 85.00000
96.00000, 61.00000
96.00000, 91.00000
96.50000, 88.00000
97.00000, 62.00000
97.00000, 90.00000
97.50000, 86.00000
98.00000, 81.00000
98.50000, 61.00000
98.50000, 86.00000
99.00000, 62.00000
99.00000, 92.00000
99.50000, 88.00000
100.00000, 61.00000
100.00000, 93.00000
100.50000, 88.00000
101.00000, 93.00000
101.50000, 88.00000
102.00000, 56.00000
102.00000, 95.00000
102.50000, 88.00000
103.00000, 57.00000
103.00000, 97.00000
103.50000, 97.00000
104.00000, 97.00000
104.50000, 97.00000
105.00000, 97.00000
105.50000, 97.00000
106.00000, 56.00000
106.00000, 95.00000
106.50000, 95.00000
107.00000, 95.00000
107.50000, 95.00000
108.00000, 95.00000
108.50000, 95.00000
109.00000, 57.00000
109.00000, 93.00000
109.50000, 56.00000
109.50000, 92.00000
110.00000, 57.00000
110.00000, 93.00000
110.50000, 54.00000
110.50000, 90.00000
111.00000, 59.00000
111.00000, 95.00000
111.50000, 56.00000
111.50000, 92.00000
112.00000, 52.00000
112.00000, 88.00000
113.00000, 40.00000
119.00000, 54.00000
120.00000, 47.00000
125.00000, 40.00000
126.00000, 45.00000
128.00000, 49.00000
129.00000, 50.00000
131.00000, 51.00000
132.00000, 52.00000
135.00000, 45.00000
135.50000, 49.00000
136.00000, 52.00000
136.50000, 57.00000
137.00000, 52.00000
137.50000, 49.00000
138.00000, 45.00000
138.00000, 81.00000
138.50000, 83.00000
139.00000, 85.00000
139.50000, 81.00000
occurrence4
90.00000, 88.00000
90.50000, 85.00000
91.00000, 52.00000
91.00000, 86.00000
91.50000, 83.00000
92.00000, 81.00000
92.50000, 80.00000
93.00000, 78.00000
93.50000, 76.00000
94.00000, 57.00000
94.00000, 81.00000
94.50000, 85.00000
95.00000, 88.00000
95.50000, 85.00000
96.00000, 61.00000
96.00000, 91.00000
96.50000, 88.00000
97.00000, 62.00000
97.00000, 90.00000
97.50000, 86.00000
98.00000, 81.00000
98.50000, 61.00000
98.50000, 86.00000
99.00000, 62.00000
99.00000, 92.00000
99.50000, 88.00000
100.00000, 61.00000
100.00000, 93.00000
100.50000, 88.00000
101.00000, 93.00000
101.50000, 88.00000
102.00000, 56.00000
102.00000, 95.00000
102.50000, 88.00000
103.00000, 57.00000
103.00000, 97.00000
103.50000, 97.00000
104.00000, 97.00000
104.50000, 97.00000
105.00000, 97.00000
105.50000, 97.00000
106.00000, 56.00000
106.00000, 95.00000
106.50000, 95.00000
107.00000, 95.00000
107.50000, 95.00000
108.00000, 95.00000
108.50000, 95.00000
109.00000, 57.00000
109.00000, 93.00000
109.50000, 56.00000
109.50000, 92.00000
110.00000, 57.00000
110.00000, 93.00000
110.50000, 54.00000
110.50000, 90.00000
111.00000, 59.00000
111.00000, 95.00000
111.50000, 56.00000
111.50000, 92.00000
112.00000, 52.00000
112.00000, 88.00000
113.00000, 40.00000
119.00000, 54.00000
120.00000, 47.00000
125.00000, 40.00000
126.00000, 45.00000
128.00000, 49.00000
129.00000, 50.00000
131.00000, 51.00000
132.00000, 52.00000
135.00000, 45.00000
135.50000, 49.00000
136.00000, 52.00000
136.50000, 57.00000
137.00000, 52.00000
137.50000, 49.00000
138.00000, 45.00000
138.00000, 81.00000
138.50000, 83.00000
139.00000, 85.00000
139.50000, 81.00000
140.00000, 88.00000
140.50000, 85.00000
occurrence5
91.00000, 52.00000
91.00000, 86.00000
91.50000, 83.00000
92.00000, 81.00000
92.50000, 80.00000
93.00000, 78.00000
93.50000, 76.00000
94.00000, 57.00000
94.00000, 81.00000
94.50000, 85.00000
95.00000, 88.00000
95.50000, 85.00000
96.00000, 61.00000
96.00000, 91.00000
96.50000, 88.00000
97.00000, 62.00000
97.00000, 90.00000
97.50000, 86.00000
98.00000, 81.00000
98.50000, 61.00000
98.50000, 86.00000
99.00000, 62.00000
99.00000, 92.00000
99.50000, 88.00000
100.00000, 61.00000
100.00000, 93.00000
100.50000, 88.00000
101.00000, 93.00000
101.50000, 88.00000
102.00000, 56.00000
102.00000, 95.00000
102.50000, 88.00000
103.00000, 57.00000
103.00000, 97.00000
103.50000, 97.00000
104.00000, 97.00000
104.50000, 97.00000
105.00000, 97.00000
105.50000, 97.00000
106.00000, 56.00000
106.00000, 95.00000
106.50000, 95.00000
107.00000, 95.00000
107.50000, 95.00000
108.00000, 95.00000
108.50000, 95.00000
109.00000, 57.00000
109.00000, 93.00000
109.50000, 56.00000
109.50000, 92.00000
110.00000, 57.00000
110.00000, 93.00000
110.50000, 54.00000
110.50000, 90.00000
111.00000, 59.00000
111.00000, 95.00000
111.50000, 56.00000
111.50000, 92.00000
112.00000, 52.00000
112.00000, 88.00000
113.00000, 40.00000
119.00000, 54.00000
120.00000, 47.00000
125.00000, 40.00000
126.00000, 45.00000
128.00000, 49.00000
129.00000, 50.00000
131.00000, 51.00000
132.00000, 52.00000
135.00000, 45.00000
135.50000, 49.00000
136.00000, 52.00000
136.50000, 57.00000
137.00000, 52.00000
137.50000, 49.00000
138.00000, 45.00000
138.00000, 81.00000
138.50000, 83.00000
139.00000, 85.00000
139.50000, 81.00000
140.00000, 88.00000
140.50000, 85.00000
141.00000, 52.00000
141.00000, 86.00000
141.50000, 83.00000
occurrence6
95.00000, 88.00000
95.50000, 85.00000
96.00000, 61.00000
96.00000, 91.00000
96.50000, 88.00000
97.00000, 62.00000
97.00000, 90.00000
97.50000, 86.00000
98.00000, 81.00000
98.50000, 61.00000
98.50000, 86.00000
99.00000, 62.00000
99.00000, 92.00000
99.50000, 88.00000
100.00000, 61.00000
100.00000, 93.00000
100.50000, 88.00000
101.00000, 93.00000
101.50000, 88.00000
102.00000, 56.00000
102.00000, 95.00000
102.50000, 88.00000
103.00000, 57.00000
103.00000, 97.00000
103.50000, 97.00000
104.00000, 97.00000
104.50000, 97.00000
105.00000, 97.00000
105.50000, 97.00000
106.00000, 56.00000
106.00000, 95.00000
106.50000, 95.00000
107.00000, 95.00000
107.50000, 95.00000
108.00000, 95.00000
108.50000, 95.00000
109.00000, 57.00000
109.00000, 93.00000
109.50000, 56.00000
109.50000, 92.00000
110.00000, 57.00000
110.00000, 93.00000
110.50000, 54.00000
110.50000, 90.00000
111.00000, 59.00000
111.00000, 95.00000
111.50000, 56.00000
111.50000, 92.00000
112.00000, 52.00000
112.00000, 88.00000
113.00000, 40.00000
119.00000, 54.00000
120.00000, 47.00000
125.00000, 40.00000
126.00000, 45.00000
128.00000, 49.00000
129.00000, 50.00000
131.00000, 51.00000
132.00000, 52.00000
135.00000, 45.00000
135.50000, 49.00000
136.00000, 52.00000
136.50000, 57.00000
137.00000, 52.00000
137.50000, 49.00000
138.00000, 45.00000
138.00000, 81.00000
138.50000, 83.00000
139.00000, 85.00000
139.50000, 81.00000
140.00000, 88.00000
140.50000, 85.00000
141.00000, 52.00000
141.00000, 86.00000
141.50000, 83.00000
142.00000, 81.00000
142.50000, 80.00000
143.00000, 78.00000
143.50000, 76.00000
144.00000, 57.00000
144.00000, 81.00000
144.50000, 85.00000
145.00000, 88.00000
145.50000, 85.00000
occurrence7
96.00000, 61.00000
96.00000, 91.00000
96.50000, 88.00000
97.00000, 62.00000
97.00000, 90.00000
97.50000, 86.00000
98.00000, 81.00000
98.50000, 61.00000
98.50000, 86.00000
99.00000, 62.00000
99.00000, 92.00000
99.50000, 88.00000
100.00000, 61.00000
100.00000, 93.00000
100.50000, 88.00000
101.00000, 93.00000
101.50000, 88.00000
102.00000, 56.00000
102.00000, 95.00000
102.50000, 88.00000
103.00000, 57.00000
103.00000, 97.00000
103.50000, 97.00000
104.00000, 97.00000
104.50000, 97.00000
105.00000, 97.00000
105.50000, 97.00000
106.00000, 56.00000
106.00000, 95.00000
106.50000, 95.00000
107.00000, 95.00000
107.50000, 95.00000
108.00000, 95.00000
108.50000, 95.00000
109.00000, 57.00000
109.00000, 93.00000
109.50000, 56.00000
109.50000, 92.00000
110.00000, 57.00000
110.00000, 93.00000
110.50000, 54.00000
110.50000, 90.00000
111.00000, 59.00000
111.00000, 95.00000
111.50000, 56.00000
111.50000, 92.00000
112.00000, 52.00000
112.00000, 88.00000
113.00000, 40.00000
119.00000, 54.00000
120.00000, 47.00000
125.00000, 40.00000
126.00000, 45.00000
128.00000, 49.00000
129.00000, 50.00000
131.00000, 51.00000
132.00000, 52.00000
135.00000, 45.00000
135.50000, 49.00000
136.00000, 52.00000
136.50000, 57.00000
137.00000, 52.00000
137.50000, 49.00000
138.00000, 45.00000
138.00000, 81.00000
138.50000, 83.00000
139.00000, 85.00000
139.50000, 81.00000
140.00000, 88.00000
140.50000, 85.00000
141.00000, 52.00000
141.00000, 86.00000
141.50000, 83.00000
142.00000, 81.00000
142.50000, 80.00000
143.00000, 78.00000
143.50000, 76.00000
144.00000, 57.00000
144.00000, 81.00000
144.50000, 85.00000
145.00000, 88.00000
145.50000, 85.00000
146.00000, 61.00000
146.00000, 91.00000
146.50000, 88.00000
occurrence8
97.00000, 62.00000
97.00000, 90.00000
97.50000, 86.00000
98.00000, 81.00000
98.50000, 61.00000
98.50000, 86.00000
99.00000, 62.00000
99.00000, 92.00000
99.50000, 88.00000
100.00000, 61.00000
100.00000, 93.00000
100.50000, 88.00000
101.00000, 93.00000
101.50000, 88.00000
102.00000, 56.00000
102.00000, 95.00000
102.50000, 88.00000
103.00000, 57.00000
103.00000, 97.00000
103.50000, 97.00000
104.00000, 97.00000
104.50000, 97.00000
105.00000, 97.00000
105.50000, 97.00000
106.00000, 56.00000
106.00000, 95.00000
106.50000, 95.00000
107.00000, 95.00000
107.50000, 95.00000
108.00000, 95.00000
108.50000, 95.00000
109.00000, 57.00000
109.00000, 93.00000
109.50000, 56.00000
109.50000, 92.00000
110.00000, 57.00000
110.00000, 93.00000
110.50000, 54.00000
110.50000, 90.00000
111.00000, 59.00000
111.00000, 95.00000
111.50000, 56.00000
111.50000, 92.00000
112.00000, 52.00000
112.00000, 88.00000
113.00000, 40.00000
119.00000, 54.00000
120.00000, 47.00000
125.00000, 40.00000
126.00000, 45.00000
128.00000, 49.00000
129.00000, 50.00000
131.00000, 51.00000
132.00000, 52.00000
135.00000, 45.00000
135.50000, 49.00000
136.00000, 52.00000
136.50000, 57.00000
137.00000, 52.00000
137.50000, 49.00000
138.00000, 45.00000
138.00000, 81.00000
138.50000, 83.00000
139.00000, 85.00000
139.50000, 81.00000
140.00000, 88.00000
140.50000, 85.00000
141.00000, 52.00000
141.00000, 86.00000
141.50000, 83.00000
142.00000, 81.00000
142.50000, 80.00000
143.00000, 78.00000
143.50000, 76.00000
144.00000, 57.00000
144.00000, 81.00000
144.50000, 85.00000
145.00000, 88.00000
145.50000, 85.00000
146.00000, 61.00000
146.00000, 91.00000
146.50000, 88.00000
147.00000, 62.00000
147.00000, 90.00000
147.50000, 86.00000
occurrence9
99.00000, 62.00000
99.00000, 92.00000
99.50000, 88.00000
100.00000, 61.00000
100.00000, 93.00000
100.50000, 88.00000
101.00000, 93.00000
101.50000, 88.00000
102.00000, 56.00000
102.00000, 95.00000
102.50000, 88.00000
103.00000, 57.00000
103.00000, 97.00000
103.50000, 97.00000
104.00000, 97.00000
104.50000, 97.00000
105.00000, 97.00000
105.50000, 97.00000
106.00000, 56.00000
106.00000, 95.00000
106.50000, 95.00000
107.00000, 95.00000
107.50000, 95.00000
108.00000, 95.00000
108.50000, 95.00000
109.00000, 57.00000
109.00000, 93.00000
109.50000, 56.00000
109.50000, 92.00000
110.00000, 57.00000
110.00000, 93.00000
110.50000, 54.00000
110.50000, 90.00000
111.00000, 59.00000
111.00000, 95.00000
111.50000, 56.00000
111.50000, 92.00000
112.00000, 52.00000
112.00000, 88.00000
113.00000, 40.00000
119.00000, 54.00000
120.00000, 47.00000
125.00000, 40.00000
126.00000, 45.00000
128.00000, 49.00000
129.00000, 50.00000
131.00000, 51.00000
132.00000, 52.00000
135.00000, 45.00000
135.50000, 49.00000
136.00000, 52.00000
136.50000, 57.00000
137.00000, 52.00000
137.50000, 49.00000
138.00000, 45.00000
138.00000, 81.00000
138.50000, 83.00000
139.00000, 85.00000
139.50000, 81.00000
140.00000, 88.00000
140.50000, 85.00000
141.00000, 52.00000
141.00000, 86.00000
141.50000, 83.00000
142.00000, 81.00000
142.50000, 80.00000
143.00000, 78.00000
143.50000, 76.00000
144.00000, 57.00000
144.00000, 81.00000
144.50000, 85.00000
145.00000, 88.00000
145.50000, 85.00000
146.00000, 61.00000
146.00000, 91.00000
146.50000, 88.00000
147.00000, 62.00000
147.00000, 90.00000
147.50000, 86.00000
148.00000, 81.00000
148.50000, 61.00000
148.50000, 86.00000
149.00000, 62.00000
149.00000, 92.00000
149.50000, 88.00000
pattern2
occurrence1
93.00000, 78.00000
93.50000, 76.00000
94.00000, 57.00000
94.00000, 81.00000
94.50000, 85.00000
95.00000, 88.00000
95.50000, 85.00000
96.00000, 61.00000
96.00000, 91.00000
96.50000, 88.00000
97.00000, 62.00000
97.00000, 90.00000
97.50000, 86.00000
98.00000, 81.00000
98.50000, 61.00000
98.50000, 86.00000
99.00000, 62.00000
99.00000, 92.00000
99.50000, 88.00000
occurrence2
95.50000, 85.00000
96.00000, 61.00000
96.00000, 91.00000
96.50000, 88.00000
97.00000, 62.00000
97.00000, 90.00000
97.50000, 86.00000
98.00000, 81.00000
98.50000, 61.00000
98.50000, 86.00000
99.00000, 62.00000
99.00000, 92.00000
99.50000, 88.00000
100.00000, 61.00000
100.00000, 93.00000
100.50000, 88.00000
101.00000, 93.00000
101.50000, 88.00000
102.00000, 56.00000
102.00000, 95.00000
occurrence3
143.00000, 78.00000
143.50000, 76.00000
144.00000, 57.00000
144.00000, 81.00000
144.50000, 85.00000
145.00000, 88.00000
145.50000, 85.00000
146.00000, 61.00000
146.00000, 91.00000
146.50000, 88.00000
147.00000, 62.00000
147.00000, 90.00000
147.50000, 86.00000
148.00000, 81.00000
148.50000, 61.00000
148.50000, 86.00000
149.00000, 62.00000
149.00000, 92.00000
149.50000, 88.00000
occurrence4
145.50000, 85.00000
146.00000, 61.00000
146.00000, 91.00000
146.50000, 88.00000
147.00000, 62.00000
147.00000, 90.00000
147.50000, 86.00000
148.00000, 81.00000
148.50000, 61.00000
148.50000, 86.00000
149.00000, 62.00000
149.00000, 92.00000
149.50000, 88.00000
150.00000, 61.00000
150.00000, 93.00000
150.50000, 88.00000
151.00000, 93.00000
151.50000, 88.00000
152.00000, 56.00000
152.00000, 95.00000
pattern3
occurrence1
5.00000, 45.00000
5.00000, 76.00000
6.00000, 47.00000
6.00000, 76.00000
6.50000, 86.00000
7.00000, 47.00000
7.00000, 86.00000
7.50000, 83.00000
8.00000, 47.00000
8.00000, 83.00000
8.50000, 80.00000
9.00000, 49.00000
9.00000, 76.00000
9.50000, 85.00000
10.00000, 50.00000
10.00000, 85.00000
10.50000, 83.00000
11.00000, 51.00000
11.00000, 83.00000
11.50000, 81.00000
occurrence2
61.00000, 45.00000
61.00000, 76.00000
62.00000, 47.00000
62.00000, 76.00000
62.50000, 86.00000
63.00000, 47.00000
63.00000, 86.00000
63.50000, 83.00000
64.00000, 47.00000
64.00000, 83.00000
64.50000, 80.00000
65.00000, 49.00000
65.00000, 76.00000
65.50000, 85.00000
66.00000, 50.00000
66.00000, 85.00000
66.50000, 83.00000
67.00000, 51.00000
67.00000, 83.00000
67.50000, 81.00000
occurrence3
92.00000, 81.00000
92.50000, 80.00000
93.00000, 78.00000
93.50000, 76.00000
94.00000, 57.00000
94.00000, 81.00000
94.50000, 85.00000
95.00000, 88.00000
95.50000, 85.00000
96.00000, 61.00000
96.00000, 91.00000
96.50000, 88.00000
97.00000, 62.00000
97.00000, 90.00000
97.50000, 86.00000
98.00000, 81.00000
98.50000, 61.00000
98.50000, 86.00000
occurrence4
142.00000, 81.00000
142.50000, 80.00000
143.00000, 78.00000
143.50000, 76.00000
144.00000, 57.00000
144.00000, 81.00000
144.50000, 85.00000
145.00000, 88.00000
145.50000, 85.00000
146.00000, 61.00000
146.00000, 91.00000
146.50000, 88.00000
147.00000, 62.00000
147.00000, 90.00000
147.50000, 86.00000
148.00000, 81.00000
148.50000, 61.00000
148.50000, 86.00000
pattern4
occurrence1
8.00000, 47.00000
8.00000, 83.00000
8.50000, 80.00000
9.00000, 49.00000
9.00000, 76.00000
9.50000, 85.00000
10.00000, 50.00000
10.00000, 85.00000
10.50000, 83.00000
11.00000, 51.00000
11.00000, 83.00000
11.50000, 81.00000
12.00000, 52.00000
12.00000, 81.00000
12.50000, 80.00000
13.00000, 78.00000
13.50000, 76.00000
14.00000, 50.00000
14.00000, 78.00000
14.50000, 80.00000
15.00000, 49.00000
15.00000, 81.00000
occurrence2
43.00000, 64.00000
43.00000, 73.00000
44.00000, 62.00000
44.00000, 73.00000
44.50000, 74.00000
45.00000, 75.00000
45.50000, 76.00000
46.00000, 77.00000
46.50000, 78.00000
47.00000, 62.00000
47.00000, 78.00000
47.50000, 71.00000
48.00000, 62.00000
48.00000, 71.00000
49.00000, 62.00000
49.00000, 71.00000
50.00000, 61.00000
50.00000, 71.00000
occurrence3
49.00000, 62.00000
49.00000, 71.00000
50.00000, 61.00000
50.00000, 71.00000
50.50000, 72.00000
51.00000, 73.00000
51.50000, 74.00000
52.00000, 49.00000
52.00000, 75.00000
52.50000, 76.00000
53.00000, 50.00000
53.00000, 76.00000
53.50000, 74.00000
54.00000, 74.00000
54.50000, 73.00000
55.00000, 51.00000
55.00000, 73.00000
55.50000, 71.00000
56.00000, 52.00000
56.00000, 69.00000
occurrence4
64.00000, 47.00000
64.00000, 83.00000
64.50000, 80.00000
65.00000, 49.00000
65.00000, 76.00000
65.50000, 85.00000
66.00000, 50.00000
66.00000, 85.00000
66.50000, 83.00000
67.00000, 51.00000
67.00000, 83.00000
67.50000, 81.00000
68.00000, 52.00000
68.00000, 81.00000
68.50000, 80.00000
69.00000, 78.00000
69.50000, 76.00000
70.00000, 50.00000
70.00000, 78.00000
70.50000, 80.00000
71.00000, 49.00000
71.00000, 81.00000
occurrence5
102.00000, 56.00000
102.00000, 95.00000
102.50000, 88.00000
103.00000, 57.00000
103.00000, 97.00000
103.50000, 97.00000
104.00000, 97.00000
104.50000, 97.00000
105.00000, 97.00000
105.50000, 97.00000
106.00000, 56.00000
106.00000, 95.00000
106.50000, 95.00000
107.00000, 95.00000
107.50000, 95.00000
108.00000, 95.00000
108.50000, 95.00000
109.00000, 57.00000
109.00000, 93.00000
pattern5
occurrence1
6.00000, 47.00000
6.00000, 76.00000
6.50000, 86.00000
7.00000, 47.00000
7.00000, 86.00000
7.50000, 83.00000
8.00000, 47.00000
8.00000, 83.00000
8.50000, 80.00000
9.00000, 49.00000
9.00000, 76.00000
9.50000, 85.00000
10.00000, 50.00000
10.00000, 85.00000
10.50000, 83.00000
occurrence2
62.00000, 47.00000
62.00000, 76.00000
62.50000, 86.00000
63.00000, 47.00000
63.00000, 86.00000
63.50000, 83.00000
64.00000, 47.00000
64.00000, 83.00000
64.50000, 80.00000
65.00000, 49.00000
65.00000, 76.00000
65.50000, 85.00000
66.00000, 50.00000
66.00000, 85.00000
66.50000, 83.00000
occurrence3
98.00000, 81.00000
98.50000, 61.00000
98.50000, 86.00000
99.00000, 62.00000
99.00000, 92.00000
99.50000, 88.00000
100.00000, 61.00000
100.00000, 93.00000
100.50000, 88.00000
101.00000, 93.00000
101.50000, 88.00000
102.00000, 56.00000
102.00000, 95.00000
102.50000, 88.00000
occurrence4
148.00000, 81.00000
148.50000, 61.00000
148.50000, 86.00000
149.00000, 62.00000
149.00000, 92.00000
149.50000, 88.00000
150.00000, 61.00000
150.00000, 93.00000
150.50000, 88.00000
151.00000, 93.00000
151.50000, 88.00000
152.00000, 56.00000
152.00000, 95.00000
152.50000, 88.00000
pattern6
occurrence1
88.00000, 45.00000
88.00000, 81.00000
88.50000, 83.00000
89.00000, 85.00000
89.50000, 81.00000
90.00000, 88.00000
occurrence2
138.00000, 45.00000
138.00000, 81.00000
138.50000, 83.00000
139.00000, 85.00000
139.50000, 81.00000
140.00000, 88.00000
occurrence3
156.00000, 38.00000
156.00000, 59.00000
156.50000, 61.00000
157.00000, 62.00000
157.50000, 59.00000
158.00000, 66.00000
occurrence4
159.00000, 40.00000
159.00000, 61.00000
159.50000, 62.00000
160.00000, 64.00000
160.50000, 66.00000
161.00000, 68.00000
occurrence5
159.50000, 62.00000
160.00000, 64.00000
160.50000, 66.00000
161.00000, 68.00000
161.50000, 69.00000
occurrence6
162.00000, 64.00000
162.50000, 66.00000
163.00000, 68.00000
163.50000, 69.00000
164.00000, 71.00000
occurrence7
162.50000, 66.00000
163.00000, 68.00000
163.50000, 69.00000
164.00000, 71.00000
164.50000, 73.00000
pattern7
occurrence1
9.00000, 49.00000
9.00000, 76.00000
9.50000, 85.00000
10.00000, 50.00000
10.00000, 85.00000
10.50000, 83.00000
11.00000, 51.00000
11.00000, 83.00000
11.50000, 81.00000
12.00000, 52.00000
12.00000, 81.00000
12.50000, 80.00000
13.00000, 78.00000
13.50000, 76.00000
14.00000, 50.00000
14.00000, 78.00000
14.50000, 80.00000
15.00000, 49.00000
15.00000, 81.00000
occurrence2
65.00000, 49.00000
65.00000, 76.00000
65.50000, 85.00000
66.00000, 50.00000
66.00000, 85.00000
66.50000, 83.00000
67.00000, 51.00000
67.00000, 83.00000
67.50000, 81.00000
68.00000, 52.00000
68.00000, 81.00000
68.50000, 80.00000
69.00000, 78.00000
69.50000, 76.00000
70.00000, 50.00000
70.00000, 78.00000
70.50000, 80.00000
71.00000, 49.00000
71.00000, 81.00000
occurrence3
157.00000, 62.00000
157.50000, 59.00000
158.00000, 66.00000
158.50000, 62.00000
159.00000, 40.00000
159.00000, 61.00000
159.50000, 62.00000
160.00000, 64.00000
160.50000, 66.00000
161.00000, 68.00000
161.50000, 69.00000
162.00000, 64.00000
162.50000, 66.00000
163.00000, 68.00000
occurrence4
158.00000, 66.00000
158.50000, 62.00000
159.00000, 40.00000
159.00000, 61.00000
159.50000, 62.00000
160.00000, 64.00000
160.50000, 66.00000
161.00000, 68.00000
161.50000, 69.00000
162.00000, 64.00000
162.50000, 66.00000
163.00000, 68.00000
163.50000, 69.00000
164.00000, 71.00000
pattern8
occurrence1
11.00000, 51.00000
11.00000, 83.00000
11.50000, 81.00000
12.00000, 52.00000
12.00000, 81.00000
12.50000, 80.00000
13.00000, 78.00000
occurrence2
11.50000, 81.00000
12.00000, 52.00000
12.00000, 81.00000
12.50000, 80.00000
13.00000, 78.00000
13.50000, 76.00000
occurrence3
54.00000, 74.00000
54.50000, 73.00000
55.00000, 51.00000
55.00000, 73.00000
55.50000, 71.00000
56.00000, 52.00000
56.00000, 69.00000
occurrence4
54.50000, 73.00000
55.00000, 51.00000
55.00000, 73.00000
55.50000, 71.00000
56.00000, 52.00000
56.00000, 69.00000
56.50000, 68.00000
occurrence5
67.00000, 51.00000
67.00000, 83.00000
67.50000, 81.00000
68.00000, 52.00000
68.00000, 81.00000
68.50000, 80.00000
69.00000, 78.00000
occurrence6
67.50000, 81.00000
68.00000, 52.00000
68.00000, 81.00000
68.50000, 80.00000
69.00000, 78.00000
69.50000, 76.00000
occurrence7
90.50000, 85.00000
91.00000, 52.00000
91.00000, 86.00000
91.50000, 83.00000
92.00000, 81.00000
92.50000, 80.00000
occurrence8
140.50000, 85.00000
141.00000, 52.00000
141.00000, 86.00000
141.50000, 83.00000
142.00000, 81.00000
142.50000, 80.00000
pattern9
occurrence1
4.00000, 45.00000
4.00000, 76.00000
5.00000, 45.00000
5.00000, 76.00000
6.00000, 47.00000
6.00000, 76.00000
6.50000, 86.00000
7.00000, 47.00000
7.00000, 86.00000
7.50000, 83.00000
8.00000, 47.00000
8.00000, 83.00000
8.50000, 80.00000
9.00000, 49.00000
9.00000, 76.00000
9.50000, 85.00000
10.00000, 50.00000
10.00000, 85.00000
10.50000, 83.00000
11.00000, 51.00000
11.00000, 83.00000
11.50000, 81.00000
12.00000, 52.00000
12.00000, 81.00000
12.50000, 80.00000
13.00000, 78.00000
13.50000, 76.00000
14.00000, 50.00000
14.00000, 78.00000
14.50000, 80.00000
15.00000, 49.00000
15.00000, 81.00000
16.00000, 49.00000
16.00000, 81.00000
17.00000, 49.00000
17.00000, 81.00000
occurrence2
60.00000, 45.00000
60.00000, 76.00000
61.00000, 45.00000
61.00000, 76.00000
62.00000, 47.00000
62.00000, 76.00000
62.50000, 86.00000
63.00000, 47.00000
63.00000, 86.00000
63.50000, 83.00000
64.00000, 47.00000
64.00000, 83.00000
64.50000, 80.00000
65.00000, 49.00000
65.00000, 76.00000
65.50000, 85.00000
66.00000, 50.00000
66.00000, 85.00000
66.50000, 83.00000
67.00000, 51.00000
67.00000, 83.00000
67.50000, 81.00000
68.00000, 52.00000
68.00000, 81.00000
68.50000, 80.00000
69.00000, 78.00000
69.50000, 76.00000
70.00000, 50.00000
70.00000, 78.00000
70.50000, 80.00000
71.00000, 49.00000
71.00000, 81.00000
72.00000, 81.00000
73.00000, 49.00000
73.00000, 82.00000
occurrence3
128.00000, 49.00000
129.00000, 50.00000
131.00000, 51.00000
132.00000, 52.00000
135.00000, 45.00000
135.50000, 49.00000
136.00000, 52.00000
136.50000, 57.00000
137.00000, 52.00000
137.50000, 49.00000
138.00000, 45.00000
138.00000, 81.00000
138.50000, 83.00000
139.00000, 85.00000
139.50000, 81.00000
140.00000, 88.00000
140.50000, 85.00000
141.00000, 52.00000
141.00000, 86.00000
pattern10
occurrence1
10.00000, 50.00000
10.00000, 85.00000
10.50000, 83.00000
11.00000, 51.00000
11.00000, 83.00000
11.50000, 81.00000
12.00000, 52.00000
12.00000, 81.00000
12.50000, 80.00000
13.00000, 78.00000
13.50000, 76.00000
14.00000, 50.00000
14.00000, 78.00000
14.50000, 80.00000
15.00000, 49.00000
15.00000, 81.00000
occurrence2
16.00000, 49.00000
16.00000, 81.00000
17.00000, 49.00000
17.00000, 81.00000
18.00000, 48.00000
18.00000, 82.00000
19.00000, 48.00000
19.00000, 82.00000
20.00000, 48.00000
20.00000, 82.00000
21.00000, 47.00000
21.00000, 83.00000
occurrence3
66.00000, 50.00000
66.00000, 85.00000
66.50000, 83.00000
67.00000, 51.00000
67.00000, 83.00000
67.50000, 81.00000
68.00000, 52.00000
68.00000, 81.00000
68.50000, 80.00000
69.00000, 78.00000
69.50000, 76.00000
70.00000, 50.00000
70.00000, 78.00000
70.50000, 80.00000
71.00000, 49.00000
71.00000, 81.00000
pattern11
occurrence1
3.00000, 45.00000
3.00000, 76.00000
4.00000, 45.00000
4.00000, 76.00000
5.00000, 45.00000
5.00000, 76.00000
6.00000, 47.00000
6.00000, 76.00000
6.50000, 86.00000
7.00000, 47.00000
7.00000, 86.00000
7.50000, 83.00000
8.00000, 47.00000
8.00000, 83.00000
8.50000, 80.00000
9.00000, 49.00000
9.00000, 76.00000
9.50000, 85.00000
10.00000, 50.00000
10.00000, 85.00000
10.50000, 83.00000
11.00000, 51.00000
11.00000, 83.00000
11.50000, 81.00000
12.00000, 52.00000
12.00000, 81.00000
12.50000, 80.00000
13.00000, 78.00000
13.50000, 76.00000
14.00000, 50.00000
14.00000, 78.00000
14.50000, 80.00000
15.00000, 49.00000
15.00000, 81.00000
16.00000, 49.00000
16.00000, 81.00000
17.00000, 49.00000
17.00000, 81.00000
18.00000, 48.00000
18.00000, 82.00000
19.00000, 48.00000
19.00000, 82.00000
occurrence2
4.00000, 45.00000
4.00000, 76.00000
5.00000, 45.00000
5.00000, 76.00000
6.00000, 47.00000
6.00000, 76.00000
6.50000, 86.00000
7.00000, 47.00000
7.00000, 86.00000
7.50000, 83.00000
8.00000, 47.00000
8.00000, 83.00000
8.50000, 80.00000
9.00000, 49.00000
9.00000, 76.00000
9.50000, 85.00000
10.00000, 50.00000
10.00000, 85.00000
10.50000, 83.00000
11.00000, 51.00000
11.00000, 83.00000
11.50000, 81.00000
12.00000, 52.00000
12.00000, 81.00000
12.50000, 80.00000
13.00000, 78.00000
13.50000, 76.00000
14.00000, 50.00000
14.00000, 78.00000
14.50000, 80.00000
15.00000, 49.00000
15.00000, 81.00000
16.00000, 49.00000
16.00000, 81.00000
17.00000, 49.00000
17.00000, 81.00000
18.00000, 48.00000
18.00000, 82.00000
19.00000, 48.00000
19.00000, 82.00000
20.00000, 48.00000
20.00000, 82.00000
occurrence3
146.00000, 61.00000
146.00000, 91.00000
146.50000, 88.00000
147.00000, 62.00000
147.00000, 90.00000
147.50000, 86.00000
148.00000, 81.00000
148.50000, 61.00000
148.50000, 86.00000
149.00000, 62.00000
149.00000, 92.00000
149.50000, 88.00000
150.00000, 61.00000
150.00000, 93.00000
150.50000, 88.00000
151.00000, 93.00000
151.50000, 88.00000
152.00000, 56.00000
152.00000, 95.00000
152.50000, 88.00000
153.00000, 57.00000
153.00000, 97.00000
156.00000, 38.00000
156.00000, 59.00000
156.50000, 61.00000
157.00000, 62.00000
157.50000, 59.00000
158.00000, 66.00000
158.50000, 62.00000
159.00000, 40.00000
159.00000, 61.00000
159.50000, 62.00000
160.00000, 64.00000
160.50000, 66.00000
161.00000, 68.00000
161.50000, 69.00000
162.00000, 64.00000
pattern12
occurrence1
6.00000, 47.00000
6.00000, 76.00000
6.50000, 86.00000
7.00000, 47.00000
7.00000, 86.00000
7.50000, 83.00000
8.00000, 47.00000
8.00000, 83.00000
8.50000, 80.00000
occurrence2
62.00000, 47.00000
62.00000, 76.00000
62.50000, 86.00000
63.00000, 47.00000
63.00000, 86.00000
63.50000, 83.00000
64.00000, 47.00000
64.00000, 83.00000
64.50000, 80.00000
occurrence3
109.50000, 56.00000
109.50000, 92.00000
110.00000, 57.00000
110.00000, 93.00000
110.50000, 54.00000
110.50000, 90.00000
111.00000, 59.00000
111.00000, 95.00000
111.50000, 56.00000
111.50000, 92.00000
112.00000, 52.00000
112.00000, 88.00000
pattern13
occurrence1
42.00000, 64.00000
42.00000, 73.00000
43.00000, 64.00000
43.00000, 73.00000
44.00000, 62.00000
44.00000, 73.00000
44.50000, 74.00000
45.00000, 75.00000
45.50000, 76.00000
46.00000, 77.00000
46.50000, 78.00000
occurrence2
48.00000, 62.00000
48.00000, 71.00000
49.00000, 62.00000
49.00000, 71.00000
50.00000, 61.00000
50.00000, 71.00000
50.50000, 72.00000
51.00000, 73.00000
51.50000, 74.00000
52.00000, 49.00000
52.00000, 75.00000
52.50000, 76.00000
occurrence3
158.50000, 62.00000
159.00000, 40.00000
159.00000, 61.00000
159.50000, 62.00000
160.00000, 64.00000
160.50000, 66.00000
161.00000, 68.00000
161.50000, 69.00000
162.00000, 64.00000
162.50000, 66.00000
163.00000, 68.00000
pattern14
occurrence1
38.00000, 52.00000
38.00000, 76.00000
39.00000, 52.00000
40.00000, 76.00000
40.75000, 74.00000
41.00000, 64.00000
41.00000, 73.00000
42.00000, 64.00000
42.00000, 73.00000
43.00000, 64.00000
43.00000, 73.00000
44.00000, 62.00000
44.00000, 73.00000
44.50000, 74.00000
45.00000, 75.00000
45.50000, 76.00000
46.00000, 77.00000
46.50000, 78.00000
47.00000, 62.00000
47.00000, 78.00000
47.50000, 71.00000
48.00000, 62.00000
48.00000, 71.00000
49.00000, 62.00000
49.00000, 71.00000
50.00000, 61.00000
50.00000, 71.00000
50.50000, 72.00000
51.00000, 73.00000
51.50000, 74.00000
52.00000, 49.00000
52.00000, 75.00000
52.50000, 76.00000
53.00000, 50.00000
53.00000, 76.00000
53.50000, 74.00000
54.00000, 74.00000
54.50000, 73.00000
55.00000, 51.00000
55.00000, 73.00000
55.50000, 71.00000
56.00000, 52.00000
56.00000, 69.00000
56.50000, 68.00000
57.00000, 66.00000
57.50000, 64.00000
58.00000, 73.00000
58.75000, 74.00000
59.00000, 45.00000
59.00000, 76.00000
60.00000, 45.00000
60.00000, 76.00000
61.00000, 45.00000
61.00000, 76.00000
62.00000, 47.00000
62.00000, 76.00000
62.50000, 86.00000
63.00000, 47.00000
63.00000, 86.00000
63.50000, 83.00000
64.00000, 47.00000
64.00000, 83.00000
64.50000, 80.00000
65.00000, 49.00000
65.00000, 76.00000
65.50000, 85.00000
66.00000, 50.00000
66.00000, 85.00000
66.50000, 83.00000
67.00000, 51.00000
67.00000, 83.00000
67.50000, 81.00000
68.00000, 52.00000
68.00000, 81.00000
68.50000, 80.00000
69.00000, 78.00000
69.50000, 76.00000
occurrence2
62.00000, 47.00000
62.00000, 76.00000
62.50000, 86.00000
63.00000, 47.00000
63.00000, 86.00000
63.50000, 83.00000
64.00000, 47.00000
64.00000, 83.00000
64.50000, 80.00000
65.00000, 49.00000
65.00000, 76.00000
65.50000, 85.00000
66.00000, 50.00000
66.00000, 85.00000
66.50000, 83.00000
67.00000, 51.00000
67.00000, 83.00000
67.50000, 81.00000
68.00000, 52.00000
68.00000, 81.00000
68.50000, 80.00000
69.00000, 78.00000
69.50000, 76.00000
70.00000, 50.00000
70.00000, 78.00000
70.50000, 80.00000
71.00000, 49.00000
71.00000, 81.00000
72.00000, 81.00000
73.00000, 49.00000
73.00000, 82.00000
74.00000, 50.00000
74.00000, 83.00000
75.00000, 83.00000
76.00000, 51.00000
76.00000, 84.00000
77.00000, 52.00000
77.00000, 85.00000
78.75000, 88.00000
79.00000, 40.00000
79.00000, 86.00000
79.75000, 83.00000
80.00000, 45.00000
80.00000, 81.00000
85.00000, 45.00000
85.50000, 49.00000
86.00000, 52.00000
86.50000, 57.00000
87.00000, 52.00000
87.50000, 49.00000
88.00000, 45.00000
88.00000, 81.00000
88.50000, 83.00000
89.00000, 85.00000
89.50000, 81.00000
90.00000, 88.00000
90.50000, 85.00000
91.00000, 52.00000
91.00000, 86.00000
91.50000, 83.00000
92.00000, 81.00000
92.50000, 80.00000
93.00000, 78.00000
93.50000, 76.00000
occurrence3
136.50000, 57.00000
137.00000, 52.00000
137.50000, 49.00000
138.00000, 45.00000
138.00000, 81.00000
138.50000, 83.00000
139.00000, 85.00000
139.50000, 81.00000
140.00000, 88.00000
140.50000, 85.00000
141.00000, 52.00000
141.00000, 86.00000
141.50000, 83.00000
142.00000, 81.00000
142.50000, 80.00000
143.00000, 78.00000
143.50000, 76.00000
144.00000, 57.00000
144.00000, 81.00000
144.50000, 85.00000
145.00000, 88.00000
145.50000, 85.00000
146.00000, 61.00000
146.00000, 91.00000
146.50000, 88.00000
147.00000, 62.00000
147.00000, 90.00000
147.50000, 86.00000
148.00000, 81.00000
148.50000, 61.00000
148.50000, 86.00000
149.00000, 62.00000
149.00000, 92.00000
149.50000, 88.00000
150.00000, 61.00000
150.00000, 93.00000
150.50000, 88.00000
151.00000, 93.00000
151.50000, 88.00000
152.00000, 56.00000
152.00000, 95.00000
152.50000, 88.00000
153.00000, 57.00000
153.00000, 97.00000
156.00000, 38.00000
156.00000, 59.00000
156.50000, 61.00000
157.00000, 62.00000
157.50000, 59.00000
158.00000, 66.00000
158.50000, 62.00000
159.00000, 40.00000
159.00000, 61.00000
159.50000, 62.00000
160.00000, 64.00000
160.50000, 66.00000
161.00000, 68.00000
161.50000, 69.00000
162.00000, 64.00000
162.50000, 66.00000
163.00000, 68.00000
163.50000, 69.00000
164.00000, 71.00000
164.50000, 73.00000
165.00000, 40.00000
165.00000, 57.00000
167.00000, 61.00000
167.50000, 59.00000
168.00000, 45.00000
168.00000, 57.00000
pattern15
occurrence1
6.50000, 86.00000
7.00000, 47.00000
7.00000, 86.00000
7.50000, 83.00000
8.00000, 47.00000
8.00000, 83.00000
8.50000, 80.00000
9.00000, 49.00000
9.00000, 76.00000
occurrence2
62.50000, 86.00000
63.00000, 47.00000
63.00000, 86.00000
63.50000, 83.00000
64.00000, 47.00000
64.00000, 83.00000
64.50000, 80.00000
65.00000, 49.00000
65.00000, 76.00000
occurrence3
109.00000, 57.00000
109.00000, 93.00000
109.50000, 56.00000
109.50000, 92.00000
110.00000, 57.00000
110.00000, 93.00000
110.50000, 54.00000
110.50000, 90.00000
111.00000, 59.00000
111.00000, 95.00000
111.50000, 56.00000
111.50000, 92.00000
pattern16
occurrence1
13.50000, 76.00000
14.00000, 50.00000
14.00000, 78.00000
14.50000, 80.00000
15.00000, 49.00000
15.00000, 81.00000
16.00000, 49.00000
16.00000, 81.00000
17.00000, 49.00000
17.00000, 81.00000
18.00000, 48.00000
18.00000, 82.00000
19.00000, 48.00000
19.00000, 82.00000
20.00000, 48.00000
20.00000, 82.00000
21.00000, 47.00000
21.00000, 83.00000
23.00000, 83.00000
23.25000, 81.00000
23.50000, 80.00000
23.75000, 78.00000
24.00000, 52.00000
24.00000, 76.00000
25.00000, 40.00000
26.00000, 68.00000
26.75000, 69.00000
29.00000, 52.00000
29.00000, 71.00000
30.00000, 52.00000
30.00000, 71.00000
31.00000, 69.00000
31.25000, 68.00000
31.50000, 66.00000
31.75000, 64.00000
32.00000, 52.00000
32.00000, 76.00000
33.00000, 52.00000
33.00000, 76.00000
34.00000, 74.00000
34.25000, 73.00000
34.50000, 71.00000
34.75000, 69.00000
35.00000, 52.00000
35.00000, 81.00000
36.00000, 52.00000
36.00000, 81.00000
37.00000, 80.00000
37.25000, 78.00000
37.50000, 76.00000
37.75000, 75.00000
38.00000, 52.00000
38.00000, 76.00000
39.00000, 52.00000
40.00000, 76.00000
40.75000, 74.00000
41.00000, 64.00000
41.00000, 73.00000
42.00000, 64.00000
42.00000, 73.00000
43.00000, 64.00000
43.00000, 73.00000
44.00000, 62.00000
44.00000, 73.00000
44.50000, 74.00000
45.00000, 75.00000
45.50000, 76.00000
46.00000, 77.00000
46.50000, 78.00000
47.00000, 62.00000
47.00000, 78.00000
47.50000, 71.00000
48.00000, 62.00000
48.00000, 71.00000
49.00000, 62.00000
49.00000, 71.00000
50.00000, 61.00000
50.00000, 71.00000
50.50000, 72.00000
51.00000, 73.00000
51.50000, 74.00000
52.00000, 49.00000
52.00000, 75.00000
52.50000, 76.00000
occurrence2
14.00000, 50.00000
14.00000, 78.00000
14.50000, 80.00000
15.00000, 49.00000
15.00000, 81.00000
16.00000, 49.00000
16.00000, 81.00000
17.00000, 49.00000
17.00000, 81.00000
18.00000, 48.00000
18.00000, 82.00000
19.00000, 48.00000
19.00000, 82.00000
20.00000, 48.00000
20.00000, 82.00000
21.00000, 47.00000
21.00000, 83.00000
23.00000, 83.00000
23.25000, 81.00000
23.50000, 80.00000
23.75000, 78.00000
24.00000, 52.00000
24.00000, 76.00000
25.00000, 40.00000
26.00000, 68.00000
26.75000, 69.00000
29.00000, 52.00000
29.00000, 71.00000
30.00000, 52.00000
30.00000, 71.00000
31.00000, 69.00000
31.25000, 68.00000
31.50000, 66.00000
31.75000, 64.00000
32.00000, 52.00000
32.00000, 76.00000
33.00000, 52.00000
33.00000, 76.00000
34.00000, 74.00000
34.25000, 73.00000
34.50000, 71.00000
34.75000, 69.00000
35.00000, 52.00000
35.00000, 81.00000
36.00000, 52.00000
36.00000, 81.00000
37.00000, 80.00000
37.25000, 78.00000
37.50000, 76.00000
37.75000, 75.00000
38.00000, 52.00000
38.00000, 76.00000
39.00000, 52.00000
40.00000, 76.00000
40.75000, 74.00000
41.00000, 64.00000
41.00000, 73.00000
42.00000, 64.00000
42.00000, 73.00000
43.00000, 64.00000
43.00000, 73.00000
44.00000, 62.00000
44.00000, 73.00000
44.50000, 74.00000
45.00000, 75.00000
45.50000, 76.00000
46.00000, 77.00000
46.50000, 78.00000
47.00000, 62.00000
47.00000, 78.00000
47.50000, 71.00000
48.00000, 62.00000
48.00000, 71.00000
49.00000, 62.00000
49.00000, 71.00000
50.00000, 61.00000
50.00000, 71.00000
50.50000, 72.00000
51.00000, 73.00000
51.50000, 74.00000
52.00000, 49.00000
52.00000, 75.00000
52.50000, 76.00000
53.00000, 50.00000
53.00000, 76.00000
occurrence3
29.00000, 52.00000
29.00000, 71.00000
30.00000, 52.00000
30.00000, 71.00000
31.00000, 69.00000
31.25000, 68.00000
31.50000, 66.00000
31.75000, 64.00000
32.00000, 52.00000
32.00000, 76.00000
33.00000, 52.00000
33.00000, 76.00000
34.00000, 74.00000
34.25000, 73.00000
34.50000, 71.00000
34.75000, 69.00000
35.00000, 52.00000
35.00000, 81.00000
36.00000, 52.00000
36.00000, 81.00000
37.00000, 80.00000
37.25000, 78.00000
37.50000, 76.00000
37.75000, 75.00000
38.00000, 52.00000
38.00000, 76.00000
39.00000, 52.00000
40.00000, 76.00000
40.75000, 74.00000
41.00000, 64.00000
41.00000, 73.00000
42.00000, 64.00000
42.00000, 73.00000
43.00000, 64.00000
43.00000, 73.00000
44.00000, 62.00000
44.00000, 73.00000
44.50000, 74.00000
45.00000, 75.00000
45.50000, 76.00000
46.00000, 77.00000
46.50000, 78.00000
47.00000, 62.00000
47.00000, 78.00000
47.50000, 71.00000
48.00000, 62.00000
48.00000, 71.00000
49.00000, 62.00000
49.00000, 71.00000
50.00000, 61.00000
50.00000, 71.00000
50.50000, 72.00000
51.00000, 73.00000
51.50000, 74.00000
52.00000, 49.00000
52.00000, 75.00000
52.50000, 76.00000
53.00000, 50.00000
53.00000, 76.00000
53.50000, 74.00000
54.00000, 74.00000
54.50000, 73.00000
55.00000, 51.00000
55.00000, 73.00000
55.50000, 71.00000
56.00000, 52.00000
56.00000, 69.00000
56.50000, 68.00000
57.00000, 66.00000
57.50000, 64.00000
58.00000, 73.00000
58.75000, 74.00000
59.00000, 45.00000
59.00000, 76.00000
60.00000, 45.00000
60.00000, 76.00000
61.00000, 45.00000
61.00000, 76.00000
62.00000, 47.00000
62.00000, 76.00000
62.50000, 86.00000
63.00000, 47.00000
63.00000, 86.00000
63.50000, 83.00000
64.00000, 47.00000
64.00000, 83.00000
64.50000, 80.00000
65.00000, 49.00000
65.00000, 76.00000
65.50000, 85.00000
66.00000, 50.00000
66.00000, 85.00000
66.50000, 83.00000
67.00000, 51.00000
67.00000, 83.00000
67.50000, 81.00000
68.00000, 52.00000
68.00000, 81.00000
occurrence4
38.00000, 52.00000
38.00000, 76.00000
39.00000, 52.00000
40.00000, 76.00000
40.75000, 74.00000
41.00000, 64.00000
41.00000, 73.00000
42.00000, 64.00000
42.00000, 73.00000
43.00000, 64.00000
43.00000, 73.00000
44.00000, 62.00000
44.00000, 73.00000
44.50000, 74.00000
45.00000, 75.00000
45.50000, 76.00000
46.00000, 77.00000
46.50000, 78.00000
47.00000, 62.00000
47.00000, 78.00000
47.50000, 71.00000
48.00000, 62.00000
48.00000, 71.00000
49.00000, 62.00000
49.00000, 71.00000
50.00000, 61.00000
50.00000, 71.00000
50.50000, 72.00000
51.00000, 73.00000
51.50000, 74.00000
52.00000, 49.00000
52.00000, 75.00000
52.50000, 76.00000
53.00000, 50.00000
53.00000, 76.00000
53.50000, 74.00000
54.00000, 74.00000
54.50000, 73.00000
55.00000, 51.00000
55.00000, 73.00000
55.50000, 71.00000
56.00000, 52.00000
56.00000, 69.00000
56.50000, 68.00000
57.00000, 66.00000
57.50000, 64.00000
58.00000, 73.00000
58.75000, 74.00000
59.00000, 45.00000
59.00000, 76.00000
60.00000, 45.00000
60.00000, 76.00000
61.00000, 45.00000
61.00000, 76.00000
62.00000, 47.00000
62.00000, 76.00000
62.50000, 86.00000
63.00000, 47.00000
63.00000, 86.00000
63.50000, 83.00000
64.00000, 47.00000
64.00000, 83.00000
64.50000, 80.00000
65.00000, 49.00000
65.00000, 76.00000
65.50000, 85.00000
66.00000, 50.00000
66.00000, 85.00000
66.50000, 83.00000
67.00000, 51.00000
67.00000, 83.00000
67.50000, 81.00000
68.00000, 52.00000
68.00000, 81.00000
68.50000, 80.00000
69.00000, 78.00000
69.50000, 76.00000
70.00000, 50.00000
70.00000, 78.00000
70.50000, 80.00000
71.00000, 49.00000
71.00000, 81.00000
72.00000, 81.00000
73.00000, 49.00000
73.00000, 82.00000
74.00000, 50.00000
74.00000, 83.00000
75.00000, 83.00000
76.00000, 51.00000
76.00000, 84.00000
77.00000, 52.00000
77.00000, 85.00000
pattern17
occurrence1
23.00000, 83.00000
23.25000, 81.00000
23.50000, 80.00000
23.75000, 78.00000
24.00000, 52.00000
24.00000, 76.00000
25.00000, 40.00000
26.00000, 68.00000
26.75000, 69.00000
29.00000, 52.00000
29.00000, 71.00000
30.00000, 52.00000
30.00000, 71.00000
31.00000, 69.00000
31.25000, 68.00000
31.50000, 66.00000
31.75000, 64.00000
32.00000, 52.00000
32.00000, 76.00000
33.00000, 52.00000
33.00000, 76.00000
34.00000, 74.00000
34.25000, 73.00000
34.50000, 71.00000
34.75000, 69.00000
35.00000, 52.00000
35.00000, 81.00000
36.00000, 52.00000
36.00000, 81.00000
37.00000, 80.00000
37.25000, 78.00000
37.50000, 76.00000
occurrence2
23.25000, 81.00000
23.50000, 80.00000
23.75000, 78.00000
24.00000, 52.00000
24.00000, 76.00000
25.00000, 40.00000
26.00000, 68.00000
26.75000, 69.00000
29.00000, 52.00000
29.00000, 71.00000
30.00000, 52.00000
30.00000, 71.00000
31.00000, 69.00000
31.25000, 68.00000
31.50000, 66.00000
31.75000, 64.00000
32.00000, 52.00000
32.00000, 76.00000
33.00000, 52.00000
33.00000, 76.00000
34.00000, 74.00000
34.25000, 73.00000
34.50000, 71.00000
34.75000, 69.00000
35.00000, 52.00000
35.00000, 81.00000
36.00000, 52.00000
36.00000, 81.00000
37.00000, 80.00000
37.25000, 78.00000
37.50000, 76.00000
37.75000, 75.00000
occurrence3
96.00000, 61.00000
96.00000, 91.00000
96.50000, 88.00000
97.00000, 62.00000
97.00000, 90.00000
97.50000, 86.00000
98.00000, 81.00000
98.50000, 61.00000
98.50000, 86.00000
99.00000, 62.00000
99.00000, 92.00000
99.50000, 88.00000
100.00000, 61.00000
100.00000, 93.00000
100.50000, 88.00000
101.00000, 93.00000
101.50000, 88.00000
102.00000, 56.00000
102.00000, 95.00000
102.50000, 88.00000
103.00000, 57.00000
103.00000, 97.00000
103.50000, 97.00000
104.00000, 97.00000
104.50000, 97.00000
105.00000, 97.00000
105.50000, 97.00000
106.00000, 56.00000
106.00000, 95.00000
106.50000, 95.00000
107.00000, 95.00000
107.50000, 95.00000
108.00000, 95.00000
108.50000, 95.00000
109.00000, 57.00000
109.00000, 93.00000
109.50000, 56.00000
109.50000, 92.00000
110.00000, 57.00000
110.00000, 93.00000
110.50000, 54.00000
110.50000, 90.00000
occurrence4
97.00000, 62.00000
97.00000, 90.00000
97.50000, 86.00000
98.00000, 81.00000
98.50000, 61.00000
98.50000, 86.00000
99.00000, 62.00000
99.00000, 92.00000
99.50000, 88.00000
100.00000, 61.00000
100.00000, 93.00000
100.50000, 88.00000
101.00000, 93.00000
101.50000, 88.00000
102.00000, 56.00000
102.00000, 95.00000
102.50000, 88.00000
103.00000, 57.00000
103.00000, 97.00000
103.50000, 97.00000
104.00000, 97.00000
104.50000, 97.00000
105.00000, 97.00000
105.50000, 97.00000
106.00000, 56.00000
106.00000, 95.00000
106.50000, 95.00000
107.00000, 95.00000
107.50000, 95.00000
108.00000, 95.00000
108.50000, 95.00000
109.00000, 57.00000
109.00000, 93.00000
109.50000, 56.00000
109.50000, 92.00000
110.00000, 57.00000
110.00000, 93.00000
110.50000, 54.00000
110.50000, 90.00000
111.00000, 59.00000
111.00000, 95.00000
111.50000, 56.00000
111.50000, 92.00000
pattern18
occurrence1
21.00000, 47.00000
21.00000, 83.00000
23.00000, 83.00000
23.25000, 81.00000
23.50000, 80.00000
23.75000, 78.00000
24.00000, 52.00000
24.00000, 76.00000
25.00000, 40.00000
26.00000, 68.00000
26.75000, 69.00000
29.00000, 52.00000
29.00000, 71.00000
30.00000, 52.00000
30.00000, 71.00000
31.00000, 69.00000
31.25000, 68.00000
31.50000, 66.00000
31.75000, 64.00000
32.00000, 52.00000
32.00000, 76.00000
33.00000, 52.00000
33.00000, 76.00000
occurrence2
91.00000, 52.00000
91.00000, 86.00000
91.50000, 83.00000
92.00000, 81.00000
92.50000, 80.00000
93.00000, 78.00000
93.50000, 76.00000
94.00000, 57.00000
94.00000, 81.00000
94.50000, 85.00000
95.00000, 88.00000
95.50000, 85.00000
96.00000, 61.00000
96.00000, 91.00000
96.50000, 88.00000
97.00000, 62.00000
97.00000, 90.00000
97.50000, 86.00000
98.00000, 81.00000
98.50000, 61.00000
98.50000, 86.00000
99.00000, 62.00000
99.00000, 92.00000
99.50000, 88.00000
100.00000, 61.00000
100.00000, 93.00000
100.50000, 88.00000
101.00000, 93.00000
101.50000, 88.00000
102.00000, 56.00000
102.00000, 95.00000
102.50000, 88.00000
103.00000, 57.00000
103.00000, 97.00000
occurrence3
141.00000, 52.00000
141.00000, 86.00000
141.50000, 83.00000
142.00000, 81.00000
142.50000, 80.00000
143.00000, 78.00000
143.50000, 76.00000
144.00000, 57.00000
144.00000, 81.00000
144.50000, 85.00000
145.00000, 88.00000
145.50000, 85.00000
146.00000, 61.00000
146.00000, 91.00000
146.50000, 88.00000
147.00000, 62.00000
147.00000, 90.00000
147.50000, 86.00000
148.00000, 81.00000
148.50000, 61.00000
148.50000, 86.00000
149.00000, 62.00000
149.00000, 92.00000
149.50000, 88.00000
150.00000, 61.00000
150.00000, 93.00000
150.50000, 88.00000
151.00000, 93.00000
151.50000, 88.00000
152.00000, 56.00000
152.00000, 95.00000
152.50000, 88.00000
153.00000, 57.00000
153.00000, 97.00000
pattern19
occurrence1
32.00000, 52.00000
32.00000, 76.00000
33.00000, 52.00000
33.00000, 76.00000
34.00000, 74.00000
34.25000, 73.00000
34.50000, 71.00000
34.75000, 69.00000
35.00000, 52.00000
35.00000, 81.00000
36.00000, 52.00000
36.00000, 81.00000
37.00000, 80.00000
37.25000, 78.00000
37.50000, 76.00000
37.75000, 75.00000
38.00000, 52.00000
38.00000, 76.00000
39.00000, 52.00000
40.00000, 76.00000
40.75000, 74.00000
41.00000, 64.00000
41.00000, 73.00000
42.00000, 64.00000
42.00000, 73.00000
43.00000, 64.00000
43.00000, 73.00000
44.00000, 62.00000
44.00000, 73.00000
44.50000, 74.00000
45.00000, 75.00000
45.50000, 76.00000
46.00000, 77.00000
46.50000, 78.00000
47.00000, 62.00000
47.00000, 78.00000
47.50000, 71.00000
48.00000, 62.00000
48.00000, 71.00000
49.00000, 62.00000
49.00000, 71.00000
50.00000, 61.00000
50.00000, 71.00000
50.50000, 72.00000
51.00000, 73.00000
51.50000, 74.00000
52.00000, 49.00000
52.00000, 75.00000
52.50000, 76.00000
53.00000, 50.00000
53.00000, 76.00000
53.50000, 74.00000
54.00000, 74.00000
54.50000, 73.00000
55.00000, 51.00000
55.00000, 73.00000
55.50000, 71.00000
56.00000, 52.00000
56.00000, 69.00000
56.50000, 68.00000
57.00000, 66.00000
57.50000, 64.00000
58.00000, 73.00000
58.75000, 74.00000
59.00000, 45.00000
59.00000, 76.00000
60.00000, 45.00000
60.00000, 76.00000
61.00000, 45.00000
61.00000, 76.00000
62.00000, 47.00000
62.00000, 76.00000
62.50000, 86.00000
63.00000, 47.00000
63.00000, 86.00000
63.50000, 83.00000
64.00000, 47.00000
64.00000, 83.00000
64.50000, 80.00000
65.00000, 49.00000
65.00000, 76.00000
65.50000, 85.00000
66.00000, 50.00000
66.00000, 85.00000
66.50000, 83.00000
67.00000, 51.00000
67.00000, 83.00000
occurrence2
76.00000, 51.00000
76.00000, 84.00000
77.00000, 52.00000
77.00000, 85.00000
78.75000, 88.00000
79.00000, 40.00000
79.00000, 86.00000
79.75000, 83.00000
80.00000, 45.00000
80.00000, 81.00000
85.00000, 45.00000
85.50000, 49.00000
86.00000, 52.00000
86.50000, 57.00000
87.00000, 52.00000
87.50000, 49.00000
88.00000, 45.00000
88.00000, 81.00000
88.50000, 83.00000
89.00000, 85.00000
89.50000, 81.00000
90.00000, 88.00000
90.50000, 85.00000
91.00000, 52.00000
91.00000, 86.00000
91.50000, 83.00000
92.00000, 81.00000
92.50000, 80.00000
93.00000, 78.00000
93.50000, 76.00000
94.00000, 57.00000
94.00000, 81.00000
94.50000, 85.00000
95.00000, 88.00000
95.50000, 85.00000
96.00000, 61.00000
96.00000, 91.00000
96.50000, 88.00000
97.00000, 62.00000
97.00000, 90.00000
97.50000, 86.00000
98.00000, 81.00000
98.50000, 61.00000
98.50000, 86.00000
99.00000, 62.00000
99.00000, 92.00000
99.50000, 88.00000
100.00000, 61.00000
100.00000, 93.00000
100.50000, 88.00000
101.00000, 93.00000
101.50000, 88.00000
102.00000, 56.00000
102.00000, 95.00000
102.50000, 88.00000
103.00000, 57.00000
103.00000, 97.00000
103.50000, 97.00000
104.00000, 97.00000
104.50000, 97.00000
105.00000, 97.00000
105.50000, 97.00000
106.00000, 56.00000
106.00000, 95.00000
106.50000, 95.00000
107.00000, 95.00000
107.50000, 95.00000
108.00000, 95.00000
108.50000, 95.00000
109.00000, 57.00000
109.00000, 93.00000
109.50000, 56.00000
109.50000, 92.00000
110.00000, 57.00000
110.00000, 93.00000
110.50000, 54.00000
110.50000, 90.00000
111.00000, 59.00000
111.00000, 95.00000
pattern20
occurrence1
18.00000, 48.00000
18.00000, 82.00000
19.00000, 48.00000
19.00000, 82.00000
20.00000, 48.00000
20.00000, 82.00000
21.00000, 47.00000
21.00000, 83.00000
23.00000, 83.00000
23.25000, 81.00000
23.50000, 80.00000
23.75000, 78.00000
24.00000, 52.00000
24.00000, 76.00000
25.00000, 40.00000
26.00000, 68.00000
26.75000, 69.00000
29.00000, 52.00000
29.00000, 71.00000
30.00000, 52.00000
30.00000, 71.00000
31.00000, 69.00000
31.25000, 68.00000
31.50000, 66.00000
31.75000, 64.00000
32.00000, 52.00000
32.00000, 76.00000
33.00000, 52.00000
33.00000, 76.00000
34.00000, 74.00000
34.25000, 73.00000
34.50000, 71.00000
34.75000, 69.00000
35.00000, 52.00000
35.00000, 81.00000
36.00000, 52.00000
36.00000, 81.00000
37.00000, 80.00000
37.25000, 78.00000
37.50000, 76.00000
37.75000, 75.00000
38.00000, 52.00000
38.00000, 76.00000
39.00000, 52.00000
40.00000, 76.00000
40.75000, 74.00000
41.00000, 64.00000
41.00000, 73.00000
42.00000, 64.00000
42.00000, 73.00000
43.00000, 64.00000
43.00000, 73.00000
44.00000, 62.00000
44.00000, 73.00000
44.50000, 74.00000
45.00000, 75.00000
45.50000, 76.00000
46.00000, 77.00000
46.50000, 78.00000
47.00000, 62.00000
47.00000, 78.00000
47.50000, 71.00000
48.00000, 62.00000
48.00000, 71.00000
49.00000, 62.00000
49.00000, 71.00000
50.00000, 61.00000
50.00000, 71.00000
50.50000, 72.00000
51.00000, 73.00000
51.50000, 74.00000
52.00000, 49.00000
52.00000, 75.00000
52.50000, 76.00000
53.00000, 50.00000
53.00000, 76.00000
53.50000, 74.00000
54.00000, 74.00000
54.50000, 73.00000
55.00000, 51.00000
55.00000, 73.00000
55.50000, 71.00000
56.00000, 52.00000
56.00000, 69.00000
56.50000, 68.00000
57.00000, 66.00000
57.50000, 64.00000
58.00000, 73.00000
58.75000, 74.00000
59.00000, 45.00000
59.00000, 76.00000
60.00000, 45.00000
60.00000, 76.00000
61.00000, 45.00000
61.00000, 76.00000
62.00000, 47.00000
62.00000, 76.00000
62.50000, 86.00000
63.00000, 47.00000
63.00000, 86.00000
63.50000, 83.00000
64.00000, 47.00000
64.00000, 83.00000
64.50000, 80.00000
65.00000, 49.00000
65.00000, 76.00000
65.50000, 85.00000
66.00000, 50.00000
66.00000, 85.00000
66.50000, 83.00000
67.00000, 51.00000
67.00000, 83.00000
67.50000, 81.00000
68.00000, 52.00000
68.00000, 81.00000
68.50000, 80.00000
69.00000, 78.00000
69.50000, 76.00000
70.00000, 50.00000
70.00000, 78.00000
70.50000, 80.00000
71.00000, 49.00000
71.00000, 81.00000
72.00000, 81.00000
73.00000, 49.00000
73.00000, 82.00000
74.00000, 50.00000
74.00000, 83.00000
75.00000, 83.00000
76.00000, 51.00000
76.00000, 84.00000
77.00000, 52.00000
77.00000, 85.00000
78.75000, 88.00000
79.00000, 40.00000
79.00000, 86.00000
79.75000, 83.00000
80.00000, 45.00000
80.00000, 81.00000
85.00000, 45.00000
85.50000, 49.00000
86.00000, 52.00000
86.50000, 57.00000
87.00000, 52.00000
87.50000, 49.00000
88.00000, 45.00000
88.00000, 81.00000
88.50000, 83.00000
89.00000, 85.00000
89.50000, 81.00000
90.00000, 88.00000
90.50000, 85.00000
91.00000, 52.00000
91.00000, 86.00000
91.50000, 83.00000
92.00000, 81.00000
92.50000, 80.00000
93.00000, 78.00000
93.50000, 76.00000
94.00000, 57.00000
94.00000, 81.00000
94.50000, 85.00000
95.00000, 88.00000
95.50000, 85.00000
96.00000, 61.00000
96.00000, 91.00000
96.50000, 88.00000
97.00000, 62.00000
97.00000, 90.00000
97.50000, 86.00000
98.00000, 81.00000
98.50000, 61.00000
98.50000, 86.00000
99.00000, 62.00000
99.00000, 92.00000
99.50000, 88.00000
100.00000, 61.00000
100.00000, 93.00000
100.50000, 88.00000
101.00000, 93.00000
101.50000, 88.00000
102.00000, 56.00000
102.00000, 95.00000
102.50000, 88.00000
103.00000, 57.00000
103.00000, 97.00000
103.50000, 97.00000
104.00000, 97.00000
104.50000, 97.00000
105.00000, 97.00000
occurrence2
59.00000, 45.00000
59.00000, 76.00000
60.00000, 45.00000
60.00000, 76.00000
61.00000, 45.00000
61.00000, 76.00000
62.00000, 47.00000
62.00000, 76.00000
62.50000, 86.00000
63.00000, 47.00000
63.00000, 86.00000
63.50000, 83.00000
64.00000, 47.00000
64.00000, 83.00000
64.50000, 80.00000
65.00000, 49.00000
65.00000, 76.00000
65.50000, 85.00000
66.00000, 50.00000
66.00000, 85.00000
66.50000, 83.00000
67.00000, 51.00000
67.00000, 83.00000
67.50000, 81.00000
68.00000, 52.00000
68.00000, 81.00000
68.50000, 80.00000
69.00000, 78.00000
69.50000, 76.00000
70.00000, 50.00000
70.00000, 78.00000
70.50000, 80.00000
71.00000, 49.00000
71.00000, 81.00000
72.00000, 81.00000
73.00000, 49.00000
73.00000, 82.00000
74.00000, 50.00000
74.00000, 83.00000
75.00000, 83.00000
76.00000, 51.00000
76.00000, 84.00000
77.00000, 52.00000
77.00000, 85.00000
78.75000, 88.00000
79.00000, 40.00000
79.00000, 86.00000
79.75000, 83.00000
80.00000, 45.00000
80.00000, 81.00000
85.00000, 45.00000
85.50000, 49.00000
86.00000, 52.00000
86.50000, 57.00000
87.00000, 52.00000
87.50000, 49.00000
88.00000, 45.00000
88.00000, 81.00000
88.50000, 83.00000
89.00000, 85.00000
89.50000, 81.00000
90.00000, 88.00000
90.50000, 85.00000
91.00000, 52.00000
91.00000, 86.00000
91.50000, 83.00000
92.00000, 81.00000
92.50000, 80.00000
93.00000, 78.00000
93.50000, 76.00000
94.00000, 57.00000
94.00000, 81.00000
94.50000, 85.00000
95.00000, 88.00000
95.50000, 85.00000
96.00000, 61.00000
96.00000, 91.00000
96.50000, 88.00000
97.00000, 62.00000
97.00000, 90.00000
97.50000, 86.00000
98.00000, 81.00000
98.50000, 61.00000
98.50000, 86.00000
99.00000, 62.00000
99.00000, 92.00000
99.50000, 88.00000
100.00000, 61.00000
100.00000, 93.00000
100.50000, 88.00000
101.00000, 93.00000
101.50000, 88.00000
102.00000, 56.00000
102.00000, 95.00000
102.50000, 88.00000
103.00000, 57.00000
103.00000, 97.00000
103.50000, 97.00000
104.00000, 97.00000
104.50000, 97.00000
105.00000, 97.00000
105.50000, 97.00000
106.00000, 56.00000
106.00000, 95.00000
106.50000, 95.00000
107.00000, 95.00000
107.50000, 95.00000
108.00000, 95.00000
108.50000, 95.00000
109.00000, 57.00000
109.00000, 93.00000
109.50000, 56.00000
109.50000, 92.00000
110.00000, 57.00000
110.00000, 93.00000
110.50000, 54.00000
110.50000, 90.00000
111.00000, 59.00000
111.00000, 95.00000
111.50000, 56.00000
111.50000, 92.00000
112.00000, 52.00000
112.00000, 88.00000
113.00000, 40.00000
119.00000, 54.00000
120.00000, 47.00000
125.00000, 40.00000
126.00000, 45.00000
128.00000, 49.00000
129.00000, 50.00000
131.00000, 51.00000
132.00000, 52.00000
135.00000, 45.00000
135.50000, 49.00000
136.00000, 52.00000
136.50000, 57.00000
137.00000, 52.00000
137.50000, 49.00000
138.00000, 45.00000
138.00000, 81.00000
138.50000, 83.00000
139.00000, 85.00000
139.50000, 81.00000
140.00000, 88.00000
140.50000, 85.00000
141.00000, 52.00000
141.00000, 86.00000
141.50000, 83.00000
142.00000, 81.00000
142.50000, 80.00000
143.00000, 78.00000
143.50000, 76.00000
144.00000, 57.00000
144.00000, 81.00000
144.50000, 85.00000
145.00000, 88.00000
145.50000, 85.00000
146.00000, 61.00000
146.00000, 91.00000
pattern21
occurrence1
18.00000, 48.00000
18.00000, 82.00000
19.00000, 48.00000
19.00000, 82.00000
20.00000, 48.00000
20.00000, 82.00000
21.00000, 47.00000
21.00000, 83.00000
23.00000, 83.00000
23.25000, 81.00000
23.50000, 80.00000
23.75000, 78.00000
24.00000, 52.00000
24.00000, 76.00000
25.00000, 40.00000
26.00000, 68.00000
occurrence2
23.00000, 83.00000
23.25000, 81.00000
23.50000, 80.00000
23.75000, 78.00000
24.00000, 52.00000
24.00000, 76.00000
25.00000, 40.00000
26.00000, 68.00000
26.75000, 69.00000
29.00000, 52.00000
29.00000, 71.00000
30.00000, 52.00000
30.00000, 71.00000
31.00000, 69.00000
occurrence3
23.25000, 81.00000
23.50000, 80.00000
23.75000, 78.00000
24.00000, 52.00000
24.00000, 76.00000
25.00000, 40.00000
26.00000, 68.00000
26.75000, 69.00000
29.00000, 52.00000
29.00000, 71.00000
30.00000, 52.00000
30.00000, 71.00000
31.00000, 69.00000
31.25000, 68.00000
occurrence4
23.50000, 80.00000
23.75000, 78.00000
24.00000, 52.00000
24.00000, 76.00000
25.00000, 40.00000
26.00000, 68.00000
26.75000, 69.00000
29.00000, 52.00000
29.00000, 71.00000
30.00000, 52.00000
30.00000, 71.00000
31.00000, 69.00000
31.25000, 68.00000
31.50000, 66.00000
occurrence5
23.75000, 78.00000
24.00000, 52.00000
24.00000, 76.00000
25.00000, 40.00000
26.00000, 68.00000
26.75000, 69.00000
29.00000, 52.00000
29.00000, 71.00000
30.00000, 52.00000
30.00000, 71.00000
31.00000, 69.00000
31.25000, 68.00000
31.50000, 66.00000
31.75000, 64.00000
occurrence6
40.00000, 76.00000
40.75000, 74.00000
41.00000, 64.00000
41.00000, 73.00000
42.00000, 64.00000
42.00000, 73.00000
43.00000, 64.00000
43.00000, 73.00000
44.00000, 62.00000
44.00000, 73.00000
44.50000, 74.00000
45.00000, 75.00000
45.50000, 76.00000
46.00000, 77.00000
46.50000, 78.00000
47.00000, 62.00000
47.00000, 78.00000
47.50000, 71.00000
48.00000, 62.00000
48.00000, 71.00000
occurrence7
44.00000, 62.00000
44.00000, 73.00000
44.50000, 74.00000
45.00000, 75.00000
45.50000, 76.00000
46.00000, 77.00000
46.50000, 78.00000
47.00000, 62.00000
47.00000, 78.00000
47.50000, 71.00000
48.00000, 62.00000
48.00000, 71.00000
49.00000, 62.00000
49.00000, 71.00000
50.00000, 61.00000
50.00000, 71.00000
50.50000, 72.00000
51.00000, 73.00000
51.50000, 74.00000
52.00000, 49.00000
52.00000, 75.00000
pattern22
occurrence1
15.00000, 49.00000
15.00000, 81.00000
16.00000, 49.00000
16.00000, 81.00000
17.00000, 49.00000
17.00000, 81.00000
18.00000, 48.00000
18.00000, 82.00000
19.00000, 48.00000
19.00000, 82.00000
20.00000, 48.00000
20.00000, 82.00000
21.00000, 47.00000
21.00000, 83.00000
23.00000, 83.00000
23.25000, 81.00000
23.50000, 80.00000
23.75000, 78.00000
24.00000, 52.00000
24.00000, 76.00000
25.00000, 40.00000
26.00000, 68.00000
26.75000, 69.00000
29.00000, 52.00000
29.00000, 71.00000
30.00000, 52.00000
30.00000, 71.00000
31.00000, 69.00000
31.25000, 68.00000
31.50000, 66.00000
31.75000, 64.00000
32.00000, 52.00000
32.00000, 76.00000
33.00000, 52.00000
33.00000, 76.00000
34.00000, 74.00000
34.25000, 73.00000
34.50000, 71.00000
34.75000, 69.00000
35.00000, 52.00000
35.00000, 81.00000
36.00000, 52.00000
36.00000, 81.00000
37.00000, 80.00000
37.25000, 78.00000
37.50000, 76.00000
37.75000, 75.00000
38.00000, 52.00000
38.00000, 76.00000
39.00000, 52.00000
40.00000, 76.00000
40.75000, 74.00000
41.00000, 64.00000
41.00000, 73.00000
42.00000, 64.00000
42.00000, 73.00000
43.00000, 64.00000
43.00000, 73.00000
44.00000, 62.00000
44.00000, 73.00000
44.50000, 74.00000
45.00000, 75.00000
45.50000, 76.00000
46.00000, 77.00000
46.50000, 78.00000
47.00000, 62.00000
47.00000, 78.00000
47.50000, 71.00000
48.00000, 62.00000
48.00000, 71.00000
49.00000, 62.00000
49.00000, 71.00000
50.00000, 61.00000
50.00000, 71.00000
50.50000, 72.00000
51.00000, 73.00000
51.50000, 74.00000
52.00000, 49.00000
52.00000, 75.00000
52.50000, 76.00000
53.00000, 50.00000
53.00000, 76.00000
53.50000, 74.00000
54.00000, 74.00000
54.50000, 73.00000
55.00000, 51.00000
55.00000, 73.00000
occurrence2
35.00000, 52.00000
35.00000, 81.00000
36.00000, 52.00000
36.00000, 81.00000
37.00000, 80.00000
37.25000, 78.00000
37.50000, 76.00000
37.75000, 75.00000
38.00000, 52.00000
38.00000, 76.00000
39.00000, 52.00000
40.00000, 76.00000
40.75000, 74.00000
41.00000, 64.00000
41.00000, 73.00000
42.00000, 64.00000
42.00000, 73.00000
43.00000, 64.00000
43.00000, 73.00000
44.00000, 62.00000
44.00000, 73.00000
44.50000, 74.00000
45.00000, 75.00000
45.50000, 76.00000
46.00000, 77.00000
46.50000, 78.00000
47.00000, 62.00000
47.00000, 78.00000
47.50000, 71.00000
48.00000, 62.00000
48.00000, 71.00000
49.00000, 62.00000
49.00000, 71.00000
50.00000, 61.00000
50.00000, 71.00000
50.50000, 72.00000
51.00000, 73.00000
51.50000, 74.00000
52.00000, 49.00000
52.00000, 75.00000
52.50000, 76.00000
53.00000, 50.00000
53.00000, 76.00000
53.50000, 74.00000
54.00000, 74.00000
54.50000, 73.00000
55.00000, 51.00000
55.00000, 73.00000
55.50000, 71.00000
56.00000, 52.00000
56.00000, 69.00000
56.50000, 68.00000
57.00000, 66.00000
57.50000, 64.00000
58.00000, 73.00000
58.75000, 74.00000
59.00000, 45.00000
59.00000, 76.00000
60.00000, 45.00000
60.00000, 76.00000
61.00000, 45.00000
61.00000, 76.00000
62.00000, 47.00000
62.00000, 76.00000
62.50000, 86.00000
63.00000, 47.00000
63.00000, 86.00000
63.50000, 83.00000
64.00000, 47.00000
64.00000, 83.00000
64.50000, 80.00000
65.00000, 49.00000
65.00000, 76.00000
65.50000, 85.00000
66.00000, 50.00000
66.00000, 85.00000
66.50000, 83.00000
67.00000, 51.00000
67.00000, 83.00000
67.50000, 81.00000
68.00000, 52.00000
68.00000, 81.00000
68.50000, 80.00000
69.00000, 78.00000
69.50000, 76.00000
70.00000, 50.00000
70.00000, 78.00000
70.50000, 80.00000
71.00000, 49.00000
71.00000, 81.00000
72.00000, 81.00000
73.00000, 49.00000
73.00000, 82.00000
74.00000, 50.00000
74.00000, 83.00000
75.00000, 83.00000
occurrence3
53.00000, 50.00000
53.00000, 76.00000
53.50000, 74.00000
54.00000, 74.00000
54.50000, 73.00000
55.00000, 51.00000
55.00000, 73.00000
55.50000, 71.00000
56.00000, 52.00000
56.00000, 69.00000
56.50000, 68.00000
57.00000, 66.00000
57.50000, 64.00000
58.00000, 73.00000
58.75000, 74.00000
59.00000, 45.00000
59.00000, 76.00000
60.00000, 45.00000
60.00000, 76.00000
61.00000, 45.00000
61.00000, 76.00000
62.00000, 47.00000
62.00000, 76.00000
62.50000, 86.00000
63.00000, 47.00000
63.00000, 86.00000
63.50000, 83.00000
64.00000, 47.00000
64.00000, 83.00000
64.50000, 80.00000
65.00000, 49.00000
65.00000, 76.00000
65.50000, 85.00000
66.00000, 50.00000
66.00000, 85.00000
66.50000, 83.00000
67.00000, 51.00000
67.00000, 83.00000
67.50000, 81.00000
68.00000, 52.00000
68.00000, 81.00000
68.50000, 80.00000
69.00000, 78.00000
69.50000, 76.00000
70.00000, 50.00000
70.00000, 78.00000
70.50000, 80.00000
71.00000, 49.00000
71.00000, 81.00000
72.00000, 81.00000
73.00000, 49.00000
73.00000, 82.00000
74.00000, 50.00000
74.00000, 83.00000
75.00000, 83.00000
76.00000, 51.00000
76.00000, 84.00000
77.00000, 52.00000
77.00000, 85.00000
78.75000, 88.00000
79.00000, 40.00000
79.00000, 86.00000
79.75000, 83.00000
80.00000, 45.00000
80.00000, 81.00000
85.00000, 45.00000
85.50000, 49.00000
86.00000, 52.00000
86.50000, 57.00000
87.00000, 52.00000
87.50000, 49.00000
88.00000, 45.00000
88.00000, 81.00000
88.50000, 83.00000
89.00000, 85.00000
89.50000, 81.00000
90.00000, 88.00000
90.50000, 85.00000
91.00000, 52.00000
91.00000, 86.00000
91.50000, 83.00000
92.00000, 81.00000
92.50000, 80.00000
93.00000, 78.00000
occurrence4
53.50000, 74.00000
54.00000, 74.00000
54.50000, 73.00000
55.00000, 51.00000
55.00000, 73.00000
55.50000, 71.00000
56.00000, 52.00000
56.00000, 69.00000
56.50000, 68.00000
57.00000, 66.00000
57.50000, 64.00000
58.00000, 73.00000
58.75000, 74.00000
59.00000, 45.00000
59.00000, 76.00000
60.00000, 45.00000
60.00000, 76.00000
61.00000, 45.00000
61.00000, 76.00000
62.00000, 47.00000
62.00000, 76.00000
62.50000, 86.00000
63.00000, 47.00000
63.00000, 86.00000
63.50000, 83.00000
64.00000, 47.00000
64.00000, 83.00000
64.50000, 80.00000
65.00000, 49.00000
65.00000, 76.00000
65.50000, 85.00000
66.00000, 50.00000
66.00000, 85.00000
66.50000, 83.00000
67.00000, 51.00000
67.00000, 83.00000
67.50000, 81.00000
68.00000, 52.00000
68.00000, 81.00000
68.50000, 80.00000
69.00000, 78.00000
69.50000, 76.00000
70.00000, 50.00000
70.00000, 78.00000
70.50000, 80.00000
71.00000, 49.00000
71.00000, 81.00000
72.00000, 81.00000
73.00000, 49.00000
73.00000, 82.00000
74.00000, 50.00000
74.00000, 83.00000
75.00000, 83.00000
76.00000, 51.00000
76.00000, 84.00000
77.00000, 52.00000
77.00000, 85.00000
78.75000, 88.00000
79.00000, 40.00000
79.00000, 86.00000
79.75000, 83.00000
80.00000, 45.00000
80.00000, 81.00000
85.00000, 45.00000
85.50000, 49.00000
86.00000, 52.00000
86.50000, 57.00000
87.00000, 52.00000
87.50000, 49.00000
88.00000, 45.00000
88.00000, 81.00000
88.50000, 83.00000
89.00000, 85.00000
89.50000, 81.00000
90.00000, 88.00000
90.50000, 85.00000
91.00000, 52.00000
91.00000, 86.00000
91.50000, 83.00000
92.00000, 81.00000
92.50000, 80.00000
93.00000, 78.00000
93.50000, 76.00000
occurrence5
62.50000, 86.00000
63.00000, 47.00000
63.00000, 86.00000
63.50000, 83.00000
64.00000, 47.00000
64.00000, 83.00000
64.50000, 80.00000
65.00000, 49.00000
65.00000, 76.00000
65.50000, 85.00000
66.00000, 50.00000
66.00000, 85.00000
66.50000, 83.00000
67.00000, 51.00000
67.00000, 83.00000
67.50000, 81.00000
68.00000, 52.00000
68.00000, 81.00000
68.50000, 80.00000
69.00000, 78.00000
69.50000, 76.00000
70.00000, 50.00000
70.00000, 78.00000
70.50000, 80.00000
71.00000, 49.00000
71.00000, 81.00000
72.00000, 81.00000
73.00000, 49.00000
73.00000, 82.00000
74.00000, 50.00000
74.00000, 83.00000
75.00000, 83.00000
76.00000, 51.00000
76.00000, 84.00000
77.00000, 52.00000
77.00000, 85.00000
78.75000, 88.00000
79.00000, 40.00000
79.00000, 86.00000
79.75000, 83.00000
80.00000, 45.00000
80.00000, 81.00000
85.00000, 45.00000
85.50000, 49.00000
86.00000, 52.00000
86.50000, 57.00000
87.00000, 52.00000
87.50000, 49.00000
88.00000, 45.00000
88.00000, 81.00000
88.50000, 83.00000
89.00000, 85.00000
89.50000, 81.00000
90.00000, 88.00000
90.50000, 85.00000
91.00000, 52.00000
91.00000, 86.00000
91.50000, 83.00000
92.00000, 81.00000
92.50000, 80.00000
93.00000, 78.00000
93.50000, 76.00000
94.00000, 57.00000
94.00000, 81.00000
94.50000, 85.00000
95.00000, 88.00000
95.50000, 85.00000
96.00000, 61.00000
96.00000, 91.00000
96.50000, 88.00000
97.00000, 62.00000
97.00000, 90.00000
97.50000, 86.00000
98.00000, 81.00000
98.50000, 61.00000
98.50000, 86.00000
99.00000, 62.00000
99.00000, 92.00000
99.50000, 88.00000
100.00000, 61.00000
100.00000, 93.00000
100.50000, 88.00000
101.00000, 93.00000
101.50000, 88.00000
102.00000, 56.00000
102.00000, 95.00000
102.50000, 88.00000
occurrence6
80.00000, 45.00000
80.00000, 81.00000
85.00000, 45.00000
85.50000, 49.00000
86.00000, 52.00000
86.50000, 57.00000
87.00000, 52.00000
87.50000, 49.00000
88.00000, 45.00000
88.00000, 81.00000
88.50000, 83.00000
89.00000, 85.00000
89.50000, 81.00000
90.00000, 88.00000
90.50000, 85.00000
91.00000, 52.00000
91.00000, 86.00000
91.50000, 83.00000
92.00000, 81.00000
92.50000, 80.00000
93.00000, 78.00000
93.50000, 76.00000
94.00000, 57.00000
94.00000, 81.00000
94.50000, 85.00000
95.00000, 88.00000
95.50000, 85.00000
96.00000, 61.00000
96.00000, 91.00000
96.50000, 88.00000
97.00000, 62.00000
97.00000, 90.00000
97.50000, 86.00000
98.00000, 81.00000
98.50000, 61.00000
98.50000, 86.00000
99.00000, 62.00000
99.00000, 92.00000
99.50000, 88.00000
100.00000, 61.00000
100.00000, 93.00000
100.50000, 88.00000
101.00000, 93.00000
101.50000, 88.00000
102.00000, 56.00000
102.00000, 95.00000
102.50000, 88.00000
103.00000, 57.00000
103.00000, 97.00000
103.50000, 97.00000
104.00000, 97.00000
104.50000, 97.00000
105.00000, 97.00000
105.50000, 97.00000
106.00000, 56.00000
106.00000, 95.00000
106.50000, 95.00000
107.00000, 95.00000
107.50000, 95.00000
108.00000, 95.00000
108.50000, 95.00000
109.00000, 57.00000
109.00000, 93.00000
109.50000, 56.00000
109.50000, 92.00000
110.00000, 57.00000
110.00000, 93.00000
110.50000, 54.00000
110.50000, 90.00000
111.00000, 59.00000
111.00000, 95.00000
111.50000, 56.00000
111.50000, 92.00000
112.00000, 52.00000
112.00000, 88.00000
113.00000, 40.00000
119.00000, 54.00000
120.00000, 47.00000
pattern23
occurrence1
0.00000, 73.00000
0.75000, 74.00000
3.00000, 45.00000
3.00000, 76.00000
4.00000, 45.00000
4.00000, 76.00000
5.00000, 45.00000
5.00000, 76.00000
6.00000, 47.00000
6.00000, 76.00000
6.50000, 86.00000
7.00000, 47.00000
7.00000, 86.00000
7.50000, 83.00000
8.00000, 47.00000
8.00000, 83.00000
8.50000, 80.00000
9.00000, 49.00000
9.00000, 76.00000
9.50000, 85.00000
10.00000, 50.00000
10.00000, 85.00000
10.50000, 83.00000
11.00000, 51.00000
11.00000, 83.00000
11.50000, 81.00000
12.00000, 52.00000
12.00000, 81.00000
12.50000, 80.00000
13.00000, 78.00000
13.50000, 76.00000
14.00000, 50.00000
14.00000, 78.00000
14.50000, 80.00000
15.00000, 49.00000
15.00000, 81.00000
16.00000, 49.00000
16.00000, 81.00000
17.00000, 49.00000
17.00000, 81.00000
18.00000, 48.00000
18.00000, 82.00000
19.00000, 48.00000
19.00000, 82.00000
20.00000, 48.00000
20.00000, 82.00000
21.00000, 47.00000
21.00000, 83.00000
23.00000, 83.00000
23.25000, 81.00000
23.50000, 80.00000
23.75000, 78.00000
24.00000, 52.00000
24.00000, 76.00000
25.00000, 40.00000
26.00000, 68.00000
26.75000, 69.00000
29.00000, 52.00000
29.00000, 71.00000
30.00000, 52.00000
30.00000, 71.00000
31.00000, 69.00000
31.25000, 68.00000
31.50000, 66.00000
31.75000, 64.00000
32.00000, 52.00000
32.00000, 76.00000
33.00000, 52.00000
33.00000, 76.00000
34.00000, 74.00000
34.25000, 73.00000
34.50000, 71.00000
34.75000, 69.00000
35.00000, 52.00000
35.00000, 81.00000
36.00000, 52.00000
36.00000, 81.00000
37.00000, 80.00000
37.25000, 78.00000
37.50000, 76.00000
37.75000, 75.00000
38.00000, 52.00000
38.00000, 76.00000
39.00000, 52.00000
40.00000, 76.00000
40.75000, 74.00000
41.00000, 64.00000
41.00000, 73.00000
42.00000, 64.00000
42.00000, 73.00000
43.00000, 64.00000
43.00000, 73.00000
44.00000, 62.00000
44.00000, 73.00000
44.50000, 74.00000
45.00000, 75.00000
45.50000, 76.00000
46.00000, 77.00000
46.50000, 78.00000
47.00000, 62.00000
47.00000, 78.00000
47.50000, 71.00000
48.00000, 62.00000
48.00000, 71.00000
49.00000, 62.00000
49.00000, 71.00000
50.00000, 61.00000
50.00000, 71.00000
50.50000, 72.00000
51.00000, 73.00000
51.50000, 74.00000
52.00000, 49.00000
52.00000, 75.00000
52.50000, 76.00000
53.00000, 50.00000
53.00000, 76.00000
53.50000, 74.00000
54.00000, 74.00000
54.50000, 73.00000
55.00000, 51.00000
55.00000, 73.00000
55.50000, 71.00000
56.00000, 52.00000
56.00000, 69.00000
56.50000, 68.00000
57.00000, 66.00000
57.50000, 64.00000
58.00000, 73.00000
58.75000, 74.00000
59.00000, 45.00000
59.00000, 76.00000
60.00000, 45.00000
60.00000, 76.00000
61.00000, 45.00000
61.00000, 76.00000
62.00000, 47.00000
62.00000, 76.00000
62.50000, 86.00000
63.00000, 47.00000
63.00000, 86.00000
63.50000, 83.00000
64.00000, 47.00000
64.00000, 83.00000
64.50000, 80.00000
65.00000, 49.00000
65.00000, 76.00000
65.50000, 85.00000
66.00000, 50.00000
66.00000, 85.00000
66.50000, 83.00000
67.00000, 51.00000
67.00000, 83.00000
67.50000, 81.00000
68.00000, 52.00000
68.00000, 81.00000
68.50000, 80.00000
69.00000, 78.00000
69.50000, 76.00000
70.00000, 50.00000
70.00000, 78.00000
70.50000, 80.00000
71.00000, 49.00000
71.00000, 81.00000
72.00000, 81.00000
73.00000, 49.00000
73.00000, 82.00000
74.00000, 50.00000
74.00000, 83.00000
75.00000, 83.00000
76.00000, 51.00000
76.00000, 84.00000
77.00000, 52.00000
77.00000, 85.00000
78.75000, 88.00000
79.00000, 40.00000
79.00000, 86.00000
79.75000, 83.00000
80.00000, 45.00000
80.00000, 81.00000
85.00000, 45.00000
85.50000, 49.00000
86.00000, 52.00000
86.50000, 57.00000
87.00000, 52.00000
87.50000, 49.00000
88.00000, 45.00000
88.00000, 81.00000
88.50000, 83.00000
89.00000, 85.00000
89.50000, 81.00000
90.00000, 88.00000
90.50000, 85.00000
91.00000, 52.00000
91.00000, 86.00000
91.50000, 83.00000
92.00000, 81.00000
92.50000, 80.00000
93.00000, 78.00000
93.50000, 76.00000
94.00000, 57.00000
94.00000, 81.00000
94.50000, 85.00000
95.00000, 88.00000
95.50000, 85.00000
96.00000, 61.00000
96.00000, 91.00000
96.50000, 88.00000
97.00000, 62.00000
97.00000, 90.00000
97.50000, 86.00000
98.00000, 81.00000
98.50000, 61.00000
98.50000, 86.00000
99.00000, 62.00000
99.00000, 92.00000
99.50000, 88.00000
100.00000, 61.00000
100.00000, 93.00000
100.50000, 88.00000
101.00000, 93.00000
101.50000, 88.00000
102.00000, 56.00000
102.00000, 95.00000
102.50000, 88.00000
103.00000, 57.00000
103.00000, 97.00000
103.50000, 97.00000
104.00000, 97.00000
104.50000, 97.00000
105.00000, 97.00000
105.50000, 97.00000
106.00000, 56.00000
106.00000, 95.00000
106.50000, 95.00000
107.00000, 95.00000
107.50000, 95.00000
108.00000, 95.00000
108.50000, 95.00000
109.00000, 57.00000
109.00000, 93.00000
109.50000, 56.00000
109.50000, 92.00000
110.00000, 57.00000
110.00000, 93.00000
110.50000, 54.00000
110.50000, 90.00000
111.00000, 59.00000
111.00000, 95.00000
111.50000, 56.00000
111.50000, 92.00000
112.00000, 52.00000
112.00000, 88.00000
113.00000, 40.00000
119.00000, 54.00000
120.00000, 47.00000
125.00000, 40.00000
126.00000, 45.00000
128.00000, 49.00000
129.00000, 50.00000
131.00000, 51.00000
132.00000, 52.00000
135.00000, 45.00000
135.50000, 49.00000
136.00000, 52.00000
136.50000, 57.00000
137.00000, 52.00000
137.50000, 49.00000
138.00000, 45.00000
138.00000, 81.00000
138.50000, 83.00000
139.00000, 85.00000
139.50000, 81.00000
140.00000, 88.00000
140.50000, 85.00000
141.00000, 52.00000
141.00000, 86.00000
141.50000, 83.00000
142.00000, 81.00000
142.50000, 80.00000
143.00000, 78.00000
143.50000, 76.00000
144.00000, 57.00000
144.00000, 81.00000
144.50000, 85.00000
145.00000, 88.00000
145.50000, 85.00000
146.00000, 61.00000
146.00000, 91.00000
146.50000, 88.00000
147.00000, 62.00000
147.00000, 90.00000
147.50000, 86.00000
148.00000, 81.00000
148.50000, 61.00000
148.50000, 86.00000
149.00000, 62.00000
149.00000, 92.00000
149.50000, 88.00000
150.00000, 61.00000
150.00000, 93.00000
150.50000, 88.00000
151.00000, 93.00000
151.50000, 88.00000
152.00000, 56.00000
152.00000, 95.00000
152.50000, 88.00000
153.00000, 57.00000
153.00000, 97.00000
156.00000, 38.00000
156.00000, 59.00000
156.50000, 61.00000
157.00000, 62.00000
157.50000, 59.00000
158.00000, 66.00000
158.50000, 62.00000
159.00000, 40.00000
159.00000, 61.00000
159.50000, 62.00000
160.00000, 64.00000
160.50000, 66.00000
161.00000, 68.00000
161.50000, 69.00000
162.00000, 64.00000
162.50000, 66.00000
163.00000, 68.00000
163.50000, 69.00000
164.00000, 71.00000
164.50000, 73.00000
165.00000, 40.00000
165.00000, 57.00000
167.00000, 61.00000
167.50000, 59.00000
168.00000, 45.00000
168.00000, 57.00000
