(0 69 65 1 1)
(1 69 65 1 1)
(2 71 66 1 1)
(3 72 67 1 1)
(4 74 68 1 1)
(5 71 66 3/2 1)
(13/2 69 65 1/2 1)
(7 67 64 1 1)
(8 67 64 1 1)
(9 69 65 1 1)
(10 69 65 1 1)
(11 71 66 1 1)
(12 71 66 1 1)
(13 64 62 3 1)
(16 76 69 1 1)
(17 74 68 1 1)
(18 72 67 1 1)
(19 71 66 1 1)
(20 69 65 1 1)
(21 71 66 3 1)
(24 71 66 1 1)
(25 72 67 1 1)
(26 74 68 1 1)
(27 76 69 1 1)
(28 76 69 1 1)
(29 74 68 2 1)
(31 71 66 1 1)
(32 74 68 1 1)
(33 72 67 1 1)
(34 71 66 1 1)
(35 69 65 1 1)
(36 69 65 1 1)
(37 71 66 3/2 1)
(77/2 69 65 1/2 1)
(39 67 64 1 1)
(40 65 63 1 1)
(41 64 62 1 1)
(42 69 65 1/2 1)
(85/2 71 66 1/2 1)
(43 72 67 1 1)
(44 71 66 1 1)
(45 69 65 3 1)
