(0 72 67 1 1)
(1 72 67 1 1)
(2 72 67 1 1)
(3 69 65 1 1)
(4 71 66 1 1)
(5 72 67 1 1)
(6 74 68 1 1)
(7 72 67 1 1)
(8 71 66 1 1)
(9 69 65 3 1)
(12 69 65 1 1)
(13 71 66 1 1)
(14 72 67 1 1)
(15 74 68 2 1)
(17 72 67 1 1)
(18 71 66 1 1)
(19 69 65 2 1)
(21 67 64 3 1)
(24 76 69 1 1)
(25 76 69 1 1)
(26 76 69 1 1)
(27 72 67 1 1)
(28 74 68 1 1)
(29 76 69 1 1)
(30 77 70 1 1)
(31 76 69 2 1)
(33 74 68 3 1)
(36 72 67 1 1)
(37 74 68 1 1)
(38 76 69 1 1)
(39 74 68 2 1)
(41 72 67 1 1)
(42 72 67 1 1)
(43 71 66 2 1)
(45 72 67 3 1)
