(0 74 68 1 1)
(1 67 64 1 1)
(2 69 65 1/2 1)
(5/2 70 66 1/2 1)
(3 72 67 1 1)
(4 70 66 1 1)
(5 69 65 1 1)
(6 69 65 1 1)
(7 67 64 1 1)
(8 72 67 1 1)
(9 72 67 1 1)
(10 72 67 1 1)
(11 74 68 1 1)
(12 72 67 1 1)
(13 74 68 1 1)
(14 76 69 1 1)
(15 77 70 1 1)
(16 74 68 1 1)
(17 72 67 1 1)
(18 70 66 1 1)
(19 69 65 1 1)
(20 67 64 1 1)
(21 69 65 2 1)
(23 67 64 1 1)
(24 69 65 1 1)
(25 70 66 1 1)
(26 72 67 1 1)
(27 74 68 1 1)
(28 75 69 1 1)
(29 74 68 1 1)
(30 72 67 1 1)
(31 70 66 1 1)
(32 74 68 1 1)
(33 77 70 1 1)
(34 75 69 1 1)
(35 74 68 1 1)
(36 67 64 1/2 1)
(73/2 69 65 1/2 1)
(37 70 66 1 1)
(38 69 65 1 1)
(39 67 64 1 1)
