(0 70 66 1 1)
(1 70 66 1/2 1)
(3/2 72 67 1/2 1)
(2 74 68 1 1)
(3 72 67 1 1)
(4 70 66 1 1)
(5 72 67 1 1)
(6 72 67 1 1)
(7 74 68 1 1)
(8 70 66 1/2 1)
(17/2 72 67 1/2 1)
(9 74 68 1 1)
(10 75 69 1 1)
(11 77 70 1/2 1)
(23/2 75 69 1/2 1)
(12 74 68 1 1)
(13 72 67 2 1)
(15 70 66 1 1)
(16 74 68 1 1)
(17 74 68 1 1)
(18 72 67 1 1)
(19 70 66 1 1)
(20 69 65 1 1)
(21 70 66 1/2 1)
(43/2 72 67 1/2 1)
(22 74 68 1 1)
(23 72 67 1 1)
(24 72 67 1 1)
(25 70 66 1 1)
(26 69 65 1 1)
(27 70 66 1 1)
(28 65 63 1 1)
(29 70 66 1 1)
(30 72 67 1 1)
(31 74 68 1 1)
(32 70 66 1/2 1)
(65/2 72 67 1/2 1)
(33 74 68 1 1)
(34 75 69 1 1)
(35 77 70 1/2 1)
(71/2 75 69 1/2 1)
(36 74 68 1 1)
(37 72 67 2 1)
(39 70 66 1 1)
