(0 67 64 1 1)
(1 71 66 1 1)
(2 74 68 1 1)
(3 71 66 1 1)
(4 69 65 1 1)
(5 71 66 1 1)
(6 73 67 1 1)
(7 74 68 1 1)
(8 76 69 1 1)
(9 74 68 1/2 1)
(19/2 72 67 1/2 1)
(10 71 66 1 1)
(11 69 65 1 1)
(12 67 64 1/2 1)
(25/2 69 65 1/2 1)
(13 71 66 1 1)
(14 69 65 1 1)
(15 67 64 1 1)
(16 69 65 1 1)
(17 71 66 1 1)
(18 71 66 1 1)
(19 69 65 1 1)
(20 74 68 1 1)
(21 74 68 1 1)
(22 73 67 1 1)
(23 74 68 1 1)
(24 71 66 1 1)
(25 72 67 1 1)
(26 71 66 1 1)
(27 69 65 1 1)
(28 67 64 1 1)
(29 67 64 1 1)
(30 66 63 1 1)
(31 67 64 1 1)
