(0 70 66 1 1)
(1 70 66 2 1)
(3 69 65 1 1)
(4 67 64 1 1)
(5 69 65 1 1)
(6 70 66 1 1)
(7 72 67 3 1)
(10 70 66 2 1)
(12 70 66 1 1)
(13 70 66 2 1)
(15 72 67 1 1)
(16 69 65 1 1)
(17 67 64 1 1)
(18 65 63 1 1)
(19 70 66 3 1)
(22 69 65 2 1)
(24 69 65 1 1)
(25 70 66 2 1)
(27 70 66 1 1)
(28 72 67 2 1)
(30 74 68 1 1)
(31 72 67 3 1)
(34 72 67 2 1)
(36 74 68 1 1)
(37 75 69 2 1)
(39 74 68 1 1)
(40 72 67 1 1)
(41 74 68 1/2 1)
(83/2 72 67 1/2 1)
(42 70 66 3/2 1)
(87/2 72 67 1/2 1)
(44 72 67 3/2 1)
(91/2 70 66 1/2 1)
(46 70 66 3 1)
