(0 79 71 1 1)
(1 78 70 1 1)
(2 76 69 1 1)
(3 78 70 1 1)
(4 74 68 1 1)
(5 76 69 1 1)
(6 78 70 1 1)
(7 79 71 1 1)
(8 79 71 1 1)
(9 79 71 1 1)
(10 74 68 1 1)
(11 74 68 1/2 1)
(23/2 72 67 1/2 1)
(12 71 66 1/2 1)
(25/2 72 67 1/2 1)
(13 74 68 1 1)
(14 72 67 1 1)
(15 71 66 1 1)
(16 71 66 1 1)
(17 76 69 1 1)
(18 76 69 1 1)
(19 74 68 1/2 1)
(39/2 76 69 1/2 1)
(20 78 70 1 1)
(21 79 71 1/2 1)
(43/2 78 70 1/2 1)
(22 76 69 1 1)
(23 74 68 1 1)
(24 79 71 1 1)
(25 78 70 1 1)
(26 76 69 1 1)
(27 74 68 1 1)
(28 76 69 1/2 1)
(57/2 74 68 1/2 1)
(29 72 67 1/2 1)
(59/2 71 66 1/2 1)
(30 69 65 1 1)
(31 67 64 1 1)
