(0 65 63 1 1)
(1 65 63 3/2 1)
(5/2 67 64 1/2 1)
(3 69 65 1/2 1)
(7/2 70 66 1/2 1)
(4 72 67 2 1)
(6 67 64 1 1)
(7 69 65 2 1)
(9 71 66 1 1)
(10 72 67 2 1)
(12 70 66 1 1)
(13 69 65 3/2 1)
(29/2 67 64 1/2 1)
(15 69 65 1/2 1)
(31/2 70 66 1/2 1)
(16 72 67 2 1)
(18 70 66 1 1)
(19 69 65 2 1)
(21 67 64 1 1)
(22 69 65 2 1)
(24 69 65 1 1)
(25 72 67 2 1)
(27 70 66 1 1)
(28 69 65 2 1)
(30 67 64 1 1)
(31 65 63 2 1)
(33 64 62 1 1)
(34 65 63 2 1)
(36 65 63 1 1)
(37 67 64 1/2 1)
(75/2 65 63 1/2 1)
(38 67 64 1/2 1)
(77/2 69 65 1/2 1)
(39 70 66 1 1)
(40 69 65 2 1)
(42 67 64 1 1)
(43 65 63 2 1)
(45 64 62 1 1)
(46 65 63 2 1)
