(0 67 64 1 1)
(1 70 66 1 1)
(2 67 64 1 1)
(3 65 63 1 1)
(4 67 64 1/2 1)
(9/2 69 65 1/2 1)
(5 70 66 1 1)
(6 69 65 1 1)
(7 67 64 1 1)
(8 70 66 1 1)
(9 70 66 1 1)
(10 70 66 1 1)
(11 70 66 1 1)
(12 65 63 1 1)
(13 67 64 1 1)
(14 70 66 1 1)
(15 69 65 1 1)
(16 69 65 1 1)
(17 72 67 1 1)
(18 72 67 1 1)
(19 72 67 1/2 1)
(39/2 70 66 1/4 1)
(79/4 69 65 1/4 1)
(20 67 64 1/2 1)
(41/2 69 65 1/2 1)
(21 70 66 1 1)
(22 69 65 1 1)
(23 67 64 1 1)
(24 69 65 1 1)
(25 70 66 1 1)
(26 67 64 1 1)
(27 65 63 1 1)
(28 67 64 1/2 1)
(57/2 69 65 1/2 1)
(29 70 66 1 1)
(30 69 65 1 1)
(31 67 64 1 1)
