(0 72 67 1 1)
(1 72 67 1 1)
(2 74 68 1 1)
(3 76 69 2 1)
(5 74 68 1 1)
(6 72 67 2 1)
(8 71 66 1 1)
(9 72 67 3 1)
(12 72 67 1 1)
(13 72 67 1 1)
(14 72 67 1 1)
(15 74 68 1 1)
(16 72 67 1 1)
(17 71 66 1 1)
(18 69 65 2 1)
(20 68 64 1 1)
(21 69 65 2 1)
(23 71 66 1 1)
(24 72 67 2 1)
(26 74 68 1 1)
(27 76 69 3/2 1)
(57/2 77 70 1/2 1)
(29 79 71 1 1)
(30 77 70 1 1)
(31 76 69 1 1)
(32 74 68 1 1)
(33 76 69 3 1)
(36 76 69 1 1)
(37 76 69 1 1)
(38 76 69 1 1)
(39 74 68 2 1)
(41 74 68 1 1)
(42 76 69 1 1)
(43 74 68 1 1)
(44 72 67 1 1)
(45 71 66 3 1)
(48 71 66 1 1)
(49 71 66 1 1)
(50 73 67 1 1)
(51 74 68 1 1)
(52 72 67 1 1)
(53 71 66 1 1)
(54 69 65 2 1)
(56 68 64 1 1)
(57 69 65 2 1)
(59 71 66 1 1)
(60 72 67 2 1)
(62 74 68 1 1)
(63 76 69 2 1)
(65 76 69 1 1)
(66 76 69 1 1)
(67 75 69 2 1)
(69 76 69 3 1)
