(0 72 67 1 1)
(1 74 68 1 1)
(2 76 69 1 1)
(3 74 68 1 1)
(4 72 67 1 1)
(5 71 66 1 1)
(6 69 65 1 1)
(7 67 64 1 1)
(8 72 67 1 1)
(9 74 68 1 1)
(10 76 69 1 1)
(11 74 68 1/2 1)
(23/2 76 69 1/4 1)
(47/4 77 70 1/4 1)
(12 76 69 1 1)
(13 74 68 3/4 1)
(55/4 72 67 1/4 1)
(14 72 67 2 1)
(16 76 69 1 1)
(17 77 70 1 1)
(18 79 71 1 1)
(19 77 70 1 1)
(20 76 69 1 1)
(21 74 68 1 1)
(22 76 69 2 1)
(24 79 71 1 1)
(25 79 71 1 1)
(26 81 72 1 1)
(27 79 71 1 1)
(28 77 70 1 1)
(29 76 69 1 1)
(30 74 68 2 1)
(32 76 69 1 1)
(33 79 71 1 1)
(34 77 70 1 1)
(35 76 69 1/2 1)
(71/2 74 68 1/2 1)
(36 72 67 1 1)
(37 74 68 1 1)
(38 76 69 2 1)
(40 72 67 2 1)
(42 76 69 1 1)
(43 79 71 1 1)
(44 77 70 1 1)
(45 76 69 1 1)
(46 74 68 1 1)
(47 72 67 1 1)
(48 74 68 2 1)
(50 72 67 2 1)
