(0 67 64 1 1)
(1 67 64 1 1)
(2 67 64 1 1)
(3 74 68 3/2 1)
(9/2 72 67 1/2 1)
(5 70 66 1 1)
(6 74 68 1 1)
(7 72 67 1 1)
(8 70 66 1 1)
(9 69 65 3 1)
(12 74 68 1 1)
(13 74 68 1 1)
(14 76 69 1 1)
(15 77 70 2 1)
(17 76 69 1 1)
(18 74 68 1 1)
(19 73 68 2 1)
(21 74 68 3 1)
(24 74 68 1 1)
(25 72 67 1 1)
(26 69 65 1 1)
(27 70 66 3/2 1)
(57/2 72 67 1/2 1)
(29 74 68 1 1)
(30 72 67 1 1)
(31 70 66 1 1)
(32 69 65 1 1)
(33 70 66 3 1)
(36 77 70 1 1)
(37 79 71 1 1)
(38 77 70 1 1)
(39 74 68 3/2 1)
(81/2 72 67 1/2 1)
(41 70 66 1 1)
(42 69 65 1 1)
(43 67 64 1 1)
(44 66 63 1 1)
(45 67 64 3 1)
