(0 72 67 1 1)
(1 67 64 1 1)
(2 69 65 1 1)
(3 71 66 1 1)
(4 72 67 2 1)
(6 72 67 1 1)
(7 67 64 1 1)
(8 72 67 1 1)
(9 70 66 1 1)
(10 69 65 2 1)
(12 67 64 2 1)
(14 67 64 1 1)
(15 69 65 1 1)
(16 70 66 1 1)
(17 72 67 1 1)
(18 70 66 1 1)
(19 69 65 1 1)
(20 67 64 2 1)
(22 67 64 1 1)
(23 72 67 1 1)
(24 72 67 1 1)
(25 71 66 1 1)
(26 72 67 2 1)
(28 72 67 1 1)
(29 72 67 1 1)
(30 74 68 1 1)
(31 74 68 1 1)
(32 72 67 1 1)
(33 70 66 1 1)
(34 69 65 2 1)
(36 67 64 1 1)
(37 69 65 1 1)
(38 70 66 1 1)
(39 69 65 1 1)
(40 67 64 2 1)
(42 70 66 1 1)
(43 72 67 1 1)
(44 74 68 1 1)
(45 75 69 1/2 1)
(91/2 74 68 1/2 1)
(46 72 67 2 1)
(48 74 68 2 1)
(50 74 68 1 1)
(51 72 67 1 1)
(52 74 68 1 1)
(53 72 67 1 1)
(54 70 66 1 1)
(55 67 64 1 1)
(56 69 65 1 1)
(57 71 66 1 1)
(58 72 67 2 1)
