(0 65 63 1 1)
(1 65 63 1 1)
(2 67 64 1 1)
(3 68 65 1 1)
(4 70 66 1 1)
(5 72 67 2 1)
(8 72 67 1 1)
(9 72 67 3/2 1)
(21/2 70 66 1/2 1)
(11 68 65 1 1)
(12 70 66 1 1)
(13 67 64 2 1)
(16 67 64 1 1)
(17 68 65 1 1)
(18 70 66 1 1)
(19 72 67 1 1)
(20 72 67 1 1)
(21 70 66 2 1)
(23 72 67 1 1)
(24 72 67 1 1)
(25 68 65 1 1)
(26 70 66 1 1)
(27 72 67 1 1)
(28 73 68 1/2 1)
(57/2 75 69 1/2 1)
(29 72 67 1 1)
(30 70 66 1/2 1)
(61/2 68 65 1/2 1)
(31 68 65 1 1)
(32 72 67 1 1)
(33 75 69 1 1)
(34 72 67 1 1)
(35 72 67 1 1)
(36 72 67 1 1)
(37 70 66 2 1)
(39 70 66 1 1)
(40 70 66 1 1)
(41 72 67 3/2 1)
(85/2 70 66 1/2 1)
(43 68 65 1 1)
(44 70 66 1/2 1)
(89/2 68 65 1/2 1)
(45 67 64 2 1)
(47 65 63 1 1)
