(0 64 62 1/2 1)
(1/2 66 63 1/2 1)
(1 67 64 1 1)
(2 67 64 1 1)
(3 69 65 1 1)
(4 71 66 2 1)
(6 64 62 1 1)
(7 69 65 1 1)
(8 67 64 1 1)
(9 66 63 3 1)
(12 69 65 1 1)
(13 71 66 1/2 1)
(27/2 73 67 1/2 1)
(14 74 68 2 1)
(16 73 67 1 1)
(17 71 66 1 1)
(18 69 65 1 1)
(19 71 66 1/2 1)
(39/2 73 67 1/2 1)
(20 74 68 1 1)
(21 74 68 3 1)
(24 69 65 1 1)
(25 71 66 1/2 1)
(51/2 73 67 1/2 1)
(26 74 68 2 1)
(28 73 67 1 1)
(29 71 66 1 1)
(30 69 65 1 1)
(31 71 66 1/2 1)
(63/2 73 67 1/2 1)
(32 74 68 2 1)
(34 69 65 1/2 1)
(69/2 67 64 1/2 1)
(35 66 63 1/2 1)
(71/2 67 64 1/2 1)
(36 69 65 1 1)
(37 71 66 3 1)
(40 64 62 1/2 1)
(81/2 66 63 1/2 1)
(41 67 64 1 1)
(42 67 64 1/2 1)
(85/2 69 65 1/2 1)
(43 71 66 1/2 1)
(87/2 72 67 1/2 1)
(44 74 68 2 1)
(46 71 66 1 1)
(47 69 65 1/2 1)
(95/2 67 64 1/2 1)
(48 66 63 1/2 1)
(97/2 67 64 1/2 1)
(49 69 65 1 1)
(50 67 64 1 1)
(51 66 63 14 1)
