(0 69 65 1 1)
(1 69 65 1 1)
(2 67 64 1 1)
(3 65 63 1 1)
(4 64 62 2 1)
(6 62 61 2 1)
(8 69 65 1 1)
(9 69 65 1 1)
(10 71 66 1 1)
(11 73 67 1 1)
(12 74 68 2 1)
(14 73 67 2 1)
(16 74 68 1/2 1)
(33/2 76 69 1/2 1)
(17 77 70 1 1)
(18 76 69 1 1)
(19 76 69 1 1)
(20 74 68 4 1)
(24 69 65 1 1)
(25 69 65 1 1)
(26 70 66 1 1)
(27 69 65 1 1)
(28 67 64 1/2 1)
(57/2 69 65 1/4 1)
(115/4 70 66 1/4 1)
(29 67 64 1 1)
(30 65 63 2 1)
(32 69 65 1 1)
(33 71 66 1 1)
(34 72 67 1 1)
(35 69 65 1 1)
(36 74 68 1 1)
(37 72 67 1/2 1)
(75/2 71 66 1/2 1)
(38 71 66 2 1)
(40 69 65 2 1)
(42 69 65 1 1)
(43 74 68 1 1)
(44 67 64 1 1)
(45 65 63 1/2 1)
(91/2 64 62 1/2 1)
(46 64 62 2 1)
(48 62 61 4 1)
