(0 71 66 1 1)
(1 71 66 1 1)
(2 71 66 1 1)
(3 70 65 1/2 1)
(7/2 68 64 1/2 1)
(4 66 63 1 1)
(5 71 66 1 1)
(6 73 67 1 1)
(7 74 68 1 1)
(8 74 68 1 1)
(9 76 69 1 1)
(10 74 68 1 1)
(11 73 67 1 1)
(12 73 67 1 1)
(13 74 68 1 1)
(14 76 69 1 1)
(15 78 70 1/2 1)
(31/2 76 69 1/2 1)
(16 74 68 1 1)
(17 79 71 1 1)
(18 79 71 1 1)
(19 78 70 1/2 1)
(39/2 76 69 1/2 1)
(20 78 70 1 1)
(21 76 69 2 1)
(23 74 68 1 1)
(24 74 68 1 1)
(25 73 67 1 1)
(26 71 66 1 1)
(27 69 65 1 1)
(28 66 63 1/2 1)
(57/2 67 64 1/2 1)
(29 69 65 1 1)
(30 69 65 1 1)
(31 71 66 1 1)
(32 69 65 1 1)
(33 67 64 2 1)
(35 66 63 1 1)
(36 78 70 1 1)
(37 76 69 1 1)
(38 74 68 1 1)
(39 73 67 2 1)
(41 71 66 3 1)
