(0 69 65 1 1)
(1 71 66 1 1)
(2 71 66 1 1)
(3 69 65 3/2 1)
(9/2 68 64 1/2 1)
(5 66 63 1 1)
(6 64 62 1 1)
(7 66 63 1 1)
(8 68 64 1 1)
(9 69 65 3 1)
(12 73 67 1/2 1)
(25/2 74 68 1/2 1)
(13 76 69 1 1)
(14 78 70 1 1)
(15 76 69 3/2 1)
(33/2 74 68 1/2 1)
(17 73 67 1/2 1)
(35/2 71 66 1/2 1)
(18 69 65 1/2 1)
(37/2 68 64 1/2 1)
(19 66 63 1 1)
(20 68 64 1 1)
(21 69 65 2 1)
(23 73 67 1 1)
(24 73 67 1 1)
(25 73 67 1 1)
(26 71 66 1 1)
(27 73 67 2 1)
(29 69 65 1 1)
(30 69 65 1 1)
(31 71 66 1/2 1)
(63/2 73 67 1/2 1)
(32 74 68 1 1)
(33 73 67 1/2 1)
(67/2 71 66 1/2 1)
(34 73 67 1 1)
(35 69 65 2 1)
(37 71 66 1/2 1)
(75/2 73 67 1/2 1)
(38 74 68 1 1)
(39 73 67 1/2 1)
(79/2 71 66 1/2 1)
(40 69 65 1/2 1)
(81/2 68 64 1/2 1)
(41 66 63 1 1)
(42 64 62 1 1)
(43 69 65 1/2 1)
(87/2 71 66 1/2 1)
(44 73 67 1 1)
(45 71 66 3/2 1)
(93/2 69 65 1/2 1)
(47 68 64 1 1)
(48 66 63 1 1)
(49 64 62 2 1)
(51 66 63 1 1)
(52 68 64 1 1)
(53 69 65 2 1)
(55 71 66 2 1)
(57 69 65 3 1)
