(33/2 74 68 1/2 1)
(17 74 68 1/2 1)
(35/2 74 68 1/2 1)
(18 67 64 1 1)
(19 71 66 3/2 1)
(41/2 64 62 1/2 1)
(41/2 57 58 1/2 1)
(21 57 58 1/2 1)
(21 69 65 1/2 1)
(43/2 57 58 1/2 1)
(43/2 67 64 1/2 1)
(22 66 63 2 1)
(22 50 54 1 1)
(23 54 56 3/2 1)
(24 68 64 2 1)
(49/2 47 52 1/2 1)
(25 52 55 1/2 1)
(51/2 50 54 1/2 1)
(26 69 65 1 1)
(26 49 53 1/2 1)
(53/2 47 52 1/2 1)
(27 45 51 1 1)
(55/2 64 62 1/2 1)
(28 69 65 1/2 1)
(57/2 67 64 1/2 1)
(57/2 45 51 1/2 1)
(29 66 63 2 1)
(29 50 54 1/2 1)
(59/2 49 53 1/2 1)
(30 47 52 1/2 1)
(61/2 45 51 1/2 1)
(31 43 50 3/2 1)
(31 64 62 1/2 1)
(63/2 62 61 1/2 1)
(32 61 60 1 1)
(65/2 42 49 1/2 1)
(33 47 52 1/2 1)
(33 62 61 3/2 1)
(67/2 45 51 1/2 1)
(34 44 50 2 1)
(69/2 71 66 1/4 1)
(139/4 69 65 1/4 1)
(35 71 66 1/2 1)
(71/2 62 61 1/2 1)
(36 45 51 1 1)
(36 61 60 1 1)
(37 43 50 1 1)
(38 42 49 2 1)
(77/2 64 62 1/2 1)
(39 69 65 1/2 1)
(79/2 67 64 1/2 1)
(40 66 63 2 1)
(40 47 52 7 1)
(85/2 71 66 1/2 1)
(43 71 66 1/2 1)
(87/2 71 66 1/2 1)
(44 64 62 1 1)
(45 67 64 3/2 1)
(93/2 61 60 1/2 1)
(47 46 51 1 1)
(47 66 63 1/2 1)
(95/2 64 62 1/2 1)
(48 47 52 1 1)
(48 62 61 1/2 1)
(97/2 66 63 1/2 1)
(49 71 66 1/2 1)
(99/2 69 65 1/2 1)
(50 68 64 1/2 1)
(101/2 71 66 1/2 1)
(101/2 50 54 1/2 1)
(51 49 53 1/2 1)
(51 76 69 1/2 1)
(103/2 74 68 1/2 1)
(103/2 47 52 1/2 1)
(52 45 51 1 1)
(52 73 67 1 1)
(107/2 45 51 1/2 1)
(54 47 52 1 1)
(109/2 74 68 1/2 1)
(55 74 68 1/2 1)
(111/2 74 68 1/2 1)
(111/2 47 52 1/2 1)
(56 40 48 1 1)
(56 67 64 1 1)
(57 71 66 3/2 1)
(115/2 52 55 1/2 1)
(58 45 51 1 1)
(117/2 64 62 1/2 1)
(59 69 65 1/2 1)
(119/2 45 51 1/2 1)
(119/2 67 64 1/2 1)
(60 66 63 1 1)
(60 38 47 1 1)
(123/2 69 65 1/2 1)
(62 74 68 1/2 1)
(125/2 72 67 1/2 1)
(63 71 66 1/2 1)
(127/2 74 68 1/2 1)
(64 79 71 1 1)
(65 78 70 1/2 1)
(131/2 76 69 1/2 1)
(66 81 72 1/2 1)
(133/2 79 71 1/2 1)
(67 78 70 1/2 1)
(135/2 76 69 1/2 1)
(68 74 68 1 1)
(137/2 47 52 1/2 1)
(69 73 67 1/2 1)
(69 52 55 1/2 1)
(139/2 50 54 1/2 1)
(139/2 71 66 1/2 1)
(70 49 53 1/2 1)
(70 76 69 1/2 1)
(141/2 52 55 1/2 1)
(141/2 74 68 1/2 1)
(71 57 58 1/2 1)
(71 73 67 1/2 1)
(143/2 71 66 1/2 1)
(143/2 56 57 1/2 1)
(72 69 65 1/2 1)
(72 54 56 1/2 1)
(145/2 52 55 1/2 1)
(145/2 73 67 1/2 1)
(73 71 66 1/2 1)
(73 50 54 3/2 1)
(147/2 69 65 1/2 1)
(74 68 64 1/2 1)
(149/2 49 53 1/2 1)
(149/2 64 62 1/2 1)
(75 69 65 5/2 1)
(75 54 56 1/2 1)
(151/2 52 55 1/2 1)
(76 50 54 1 1)
(77 52 55 1 1)
(155/2 68 64 1/2 1)
(78 69 65 5/2 1)
(78 45 51 1 1)
(159/2 42 49 1/2 1)
(80 47 52 1 1)
(161/2 66 63 1/2 1)
(81 71 66 1/2 1)
(163/2 69 65 1/2 1)
(82 67 64 1 1)
(165/2 50 54 1/2 1)
(83 49 53 1/2 1)
(167/2 47 52 1/2 1)
(84 46 51 1 1)
(169/2 78 70 1/2 1)
(85 78 70 1/2 1)
(171/2 78 70 1/2 1)
(171/2 46 51 1/2 1)
(86 45 51 1 1)
(86 71 66 1 1)
(87 74 68 3/2 1)
(175/2 44 50 1/2 1)
(88 49 53 1 1)
(177/2 68 64 1/2 1)
(89 73 67 1/2 1)
(179/2 52 55 1/2 1)
(179/2 71 66 1/2 1)
(90 42 49 1/2 1)
(90 70 65 1 1)
(181/2 54 56 1/2 1)
(91 56 57 1/2 1)
(91 71 66 1/2 1)
(183/2 58 58 1/2 1)
(183/2 73 67 1/2 1)
(92 74 68 3 1)
(92 59 59 1/2 1)
(185/2 57 58 1/2 1)
(93 56 57 1/2 1)
(187/2 54 56 1/2 1)
(94 53 56 2 1)
(95 73 67 7/2 1)
(193/2 54 56 1/2 1)
(97 54 56 1/2 1)
(195/2 54 56 1/2 1)
(98 47 52 1 1)
(197/2 71 66 1/4 1)
(395/4 69 65 1/4 1)
(99 50 54 3/2 1)
(99 68 64 1/2 1)
(199/2 66 63 1/2 1)
(100 65 63 5/2 1)
(201/2 44 50 1/2 1)
(101 49 53 1/2 1)
(203/2 47 52 1/2 1)
(102 45 51 3/2 1)
(205/2 61 60 1/2 1)
(103 66 63 2 1)
(207/2 47 52 1/2 1)
(104 49 53 2 1)
(105 65 63 1 1)
(106 66 63 1 1)
(106 42 49 1/2 1)
(213/2 57 58 1/2 1)
(107 57 58 1/2 1)
(215/2 81 72 1/2 1)
(215/2 57 58 1/2 1)
(108 81 72 1/2 1)
(108 50 54 1 1)
(217/2 81 72 1/2 1)
(109 74 68 1 1)
(109 54 56 3/2 1)
(110 78 70 3/2 1)
(221/2 47 52 1/2 1)
(111 52 55 1/2 1)
(223/2 50 54 1/2 1)
(223/2 71 66 1/2 1)
(112 76 69 1/2 1)
(112 49 53 1/2 1)
(225/2 47 52 1/2 1)
(225/2 74 68 1/2 1)
(113 45 51 1 1)
(113 73 67 1 1)
(229/2 69 65 1/2 1)
(115 74 68 1/2 1)
(231/2 72 67 1/2 1)
(116 71 66 1 1)
(233/2 47 52 1/2 1)
(117 52 55 1/2 1)
(235/2 50 54 1/2 1)
(235/2 71 66 1/2 1)
(118 48 53 1/2 1)
(118 76 69 1/2 1)
(237/2 47 52 1/2 1)
(237/2 74 68 1/2 1)
(119 72 67 3 1)
(119 45 51 2 1)
(121 47 52 3/2 1)
(122 71 66 5/2 1)
(245/2 50 54 1/2 1)
(123 55 57 1/2 1)
(247/2 54 56 1/2 1)
(124 52 55 1/2 1)
(249/2 69 65 1 1)
(249/2 54 56 1/2 1)
(125 55 57 1/2 1)
(251/2 67 64 1 1)
(251/2 52 55 1/2 1)
(126 48 53 1/2 1)
(253/2 66 63 1/4 1)
(253/2 45 51 1/2 1)
(507/4 64 62 1/4 1)
(127 66 63 1 1)
(127 50 54 1/2 1)
(255/2 48 53 1/2 1)
(128 47 52 1/2 1)
(128 67 64 1/2 1)
(257/2 50 54 1/2 1)
(129 55 57 1/2 1)
(259/2 54 56 1/2 1)
(130 52 55 5/2 1)
(261/2 79 71 1/2 1)
(131 79 71 1/2 1)
(263/2 79 71 1/2 1)
(132 73 67 1 1)
(265/2 50 54 1/2 1)
(133 76 69 3/2 1)
(133 49 53 1/2 1)
(267/2 45 51 1/2 1)
(134 50 54 1/2 1)
(269/2 48 53 1/2 1)
(269/2 69 65 1/2 1)
(135 47 52 1/2 1)
(135 74 68 1/2 1)
(271/2 45 51 1/2 1)
(271/2 72 67 1/2 1)
(136 43 50 1 1)
(136 71 66 5/2 1)
(137 44 50 1 1)
(138 45 51 2 1)
(277/2 64 62 1/2 1)
(139 69 65 1/2 1)
(279/2 67 64 1/2 1)
(140 66 63 1 1)
(140 46 51 2 1)
(141 73 67 3/2 1)
(142 47 52 5/2 1)
(285/2 66 63 1/2 1)
(143 71 66 1/2 1)
(287/2 69 65 1/2 1)
(144 67 64 7/2 1)
(289/2 47 52 1/2 1)
(145 52 55 1/2 1)
(291/2 50 54 1/2 1)
(146 49 53 1/2 1)
(293/2 52 55 1/2 1)
(147 57 58 1/2 1)
(295/2 55 57 1/2 1)
(295/2 64 62 1/2 1)
(148 69 65 1/2 1)
(148 54 56 1/2 1)
(297/2 57 58 1/2 1)
(297/2 67 64 1/2 1)
(149 62 61 1/2 1)
(149 66 63 1/2 1)
(299/2 61 60 1/2 1)
(299/2 69 65 1/2 1)
(150 74 68 1/2 1)
(150 59 59 1/2 1)
(301/2 57 58 1/2 1)
(301/2 73 67 1/2 1)
(151 55 57 1/2 1)
(151 71 66 1/2 1)
(303/2 74 68 1/2 1)
(303/2 54 56 1/2 1)
(152 79 71 5/2 1)
(152 52 55 1/2 1)
(305/2 50 54 1/2 1)
(153 49 53 1/2 1)
(307/2 47 52 1/2 1)
(154 45 51 1/2 1)
(309/2 76 69 1/2 1)
(309/2 43 50 1/2 1)
(155 81 72 1/2 1)
(155 42 49 1/2 1)
(311/2 79 71 1/2 1)
(311/2 40 48 1/2 1)
(156 78 70 1/2 1)
(156 38 47 1/2 1)
(313/2 79 71 1/2 1)
(157 81 72 3/2 1)
(315/2 50 54 1/2 1)
(158 52 55 1 1)
(317/2 74 68 1/2 1)
(159 79 71 1/2 1)
(319/2 78 70 1/2 1)
(319/2 52 55 1/2 1)
(160 76 69 3 1)
(160 57 58 1/2 1)
(321/2 55 57 1/2 1)
(161 54 56 1/2 1)
(323/2 52 55 1/2 1)
(162 50 54 1/2 1)
(325/2 52 55 1/2 1)
(163 74 68 1/2 1)
(163 54 56 3/2 1)
(327/2 72 67 1/2 1)
(164 71 66 5/2 1)
(329/2 47 52 1/2 1)
(165 52 55 1/2 1)
(331/2 50 54 1/2 1)
(166 49 53 1/2 1)
(333/2 64 62 1/2 1)
(333/2 47 52 1/2 1)
(167 45 51 3/2 1)
(167 69 65 1/2 1)
(335/2 67 64 1/2 1)
(168 66 63 1 1)
(337/2 57 58 1/2 1)
(169 64 62 1 1)
(169 57 58 1/2 1)
(339/2 57 58 1/2 1)
(170 51 54 1/2 1)
(170 66 63 1/2 1)
(341/2 52 55 1/2 1)
(341/2 68 64 1/2 1)
(171 69 65 2 1)
(171 53 56 3/2 1)
(345/2 47 52 1/2 1)
(173 52 55 1/2 1)
(173 68 64 1 1)
(347/2 50 54 1/2 1)
(174 69 65 1/2 1)
(174 49 53 1/2 1)
(349/2 45 51 1/2 1)
(349/2 81 72 1/2 1)
(175 50 54 1/2 1)
(175 81 72 1/2 1)
(351/2 81 72 1/2 1)
(351/2 49 53 1/2 1)
(176 74 68 1 1)
(176 47 52 1/2 1)
(177 78 70 3/2 1)
(355/2 59 59 1/2 1)
(178 59 59 1/2 1)
(357/2 71 66 1/2 1)
(357/2 59 59 1/2 1)
(179 76 69 1/2 1)
(179 52 55 1 1)
(359/2 74 68 1/2 1)
(180 55 57 3/2 1)
(180 73 67 2 1)
(363/2 49 53 1/2 1)
(182 54 56 1/2 1)
(182 72 67 5/2 1)
(365/2 52 55 1/2 1)
(183 50 54 2 1)
(369/2 69 65 1/2 1)
(185 74 68 1/2 1)
(371/2 72 67 1/2 1)
(371/2 50 54 1/2 1)
(186 71 66 3 1)
(186 55 57 1/2 1)
(373/2 54 56 1/2 1)
(187 52 55 1/2 1)
(375/2 50 54 1/2 1)
(188 49 53 1 1)
(189 69 65 4 1)
(379/2 45 51 1/2 1)
(190 50 54 1/2 1)
(381/2 48 53 1/2 1)
(191 47 52 1/2 1)
(383/2 45 51 1/2 1)
(192 43 50 2 1)
(193 67 64 3/2 1)
(194 45 51 4 1)
(389/2 64 62 1/2 1)
(195 69 65 1/2 1)
(391/2 67 64 1/2 1)
(196 66 63 1 1)
(197 64 62 1 1)
(198 38 47 2 1)
(198 62 61 2 1)
