pattern1
occurrence1
1.50000, 63.00000
2.00000, 63.00000
2.50000, 69.00000
3.00000, 69.00000
3.50000, 67.00000
4.50000, 65.00000
5.00000, 65.00000
6.50000, 69.00000
7.50000, 69.00000
9.00000, 68.00000
9.50000, 68.00000
10.50000, 67.00000
11.00000, 67.00000
12.00000, 69.00000
13.00000, 69.00000
14.00000, 65.00000
15.00000, 65.00000
15.50000, 72.00000
16.00000, 63.00000
16.50000, 63.00000
17.00000, 62.00000
17.50000, 62.00000
18.50000, 67.00000
19.00000, 67.00000
20.50000, 60.00000
21.00000, 60.00000
21.50000, 60.00000
22.00000, 60.00000
23.00000, 69.00000
23.50000, 69.00000
25.00000, 73.00000
26.50000, 73.00000
27.50000, 65.00000
28.50000, 79.00000
29.00000, 79.00000
30.00000, 62.00000
30.50000, 62.00000
31.00000, 60.00000
32.00000, 69.00000
33.00000, 69.00000
33.50000, 63.00000
34.00000, 63.00000
occurrence2
2.50000, 69.00000
3.00000, 69.00000
3.50000, 67.00000
4.50000, 65.00000
5.00000, 65.00000
6.50000, 69.00000
7.50000, 69.00000
9.00000, 68.00000
9.50000, 68.00000
10.50000, 67.00000
11.00000, 67.00000
12.00000, 69.00000
13.00000, 69.00000
14.00000, 65.00000
15.00000, 65.00000
15.50000, 72.00000
16.00000, 63.00000
16.50000, 63.00000
17.00000, 62.00000
17.50000, 62.00000
18.50000, 67.00000
19.00000, 67.00000
20.50000, 60.00000
21.00000, 60.00000
21.50000, 60.00000
22.00000, 60.00000
23.00000, 69.00000
23.50000, 69.00000
25.00000, 73.00000
26.50000, 73.00000
27.50000, 65.00000
28.50000, 79.00000
29.00000, 79.00000
30.00000, 62.00000
30.50000, 62.00000
31.00000, 60.00000
32.00000, 69.00000
33.00000, 69.00000
33.50000, 63.00000
34.00000, 63.00000
34.50000, 69.00000
35.00000, 69.00000
occurrence3
4.50000, 65.00000
5.00000, 65.00000
6.50000, 69.00000
7.50000, 69.00000
9.00000, 68.00000
9.50000, 68.00000
10.50000, 67.00000
11.00000, 67.00000
12.00000, 69.00000
13.00000, 69.00000
14.00000, 65.00000
15.00000, 65.00000
15.50000, 72.00000
16.00000, 63.00000
16.50000, 63.00000
17.00000, 62.00000
17.50000, 62.00000
18.50000, 67.00000
19.00000, 67.00000
20.50000, 60.00000
21.00000, 60.00000
21.50000, 60.00000
22.00000, 60.00000
23.00000, 69.00000
23.50000, 69.00000
25.00000, 73.00000
26.50000, 73.00000
27.50000, 65.00000
28.50000, 79.00000
29.00000, 79.00000
30.00000, 62.00000
30.50000, 62.00000
31.00000, 60.00000
32.00000, 69.00000
33.00000, 69.00000
33.50000, 63.00000
34.00000, 63.00000
34.50000, 69.00000
35.00000, 69.00000
35.50000, 67.00000
36.50000, 65.00000
37.00000, 65.00000
occurrence4
9.00000, 68.00000
9.50000, 68.00000
10.50000, 67.00000
11.00000, 67.00000
12.00000, 69.00000
13.00000, 69.00000
14.00000, 65.00000
15.00000, 65.00000
15.50000, 72.00000
16.00000, 63.00000
16.50000, 63.00000
17.00000, 62.00000
17.50000, 62.00000
18.50000, 67.00000
19.00000, 67.00000
20.50000, 60.00000
21.00000, 60.00000
21.50000, 60.00000
22.00000, 60.00000
23.00000, 69.00000
23.50000, 69.00000
25.00000, 73.00000
26.50000, 73.00000
27.50000, 65.00000
28.50000, 79.00000
29.00000, 79.00000
30.00000, 62.00000
30.50000, 62.00000
31.00000, 60.00000
32.00000, 69.00000
33.00000, 69.00000
33.50000, 63.00000
34.00000, 63.00000
34.50000, 69.00000
35.00000, 69.00000
35.50000, 67.00000
36.50000, 65.00000
37.00000, 65.00000
38.50000, 69.00000
39.50000, 69.00000
41.00000, 68.00000
41.50000, 68.00000
occurrence5
10.50000, 67.00000
11.00000, 67.00000
12.00000, 69.00000
13.00000, 69.00000
14.00000, 65.00000
15.00000, 65.00000
15.50000, 72.00000
16.00000, 63.00000
16.50000, 63.00000
17.00000, 62.00000
17.50000, 62.00000
18.50000, 67.00000
19.00000, 67.00000
20.50000, 60.00000
21.00000, 60.00000
21.50000, 60.00000
22.00000, 60.00000
23.00000, 69.00000
23.50000, 69.00000
25.00000, 73.00000
26.50000, 73.00000
27.50000, 65.00000
28.50000, 79.00000
29.00000, 79.00000
30.00000, 62.00000
30.50000, 62.00000
31.00000, 60.00000
32.00000, 69.00000
33.00000, 69.00000
33.50000, 63.00000
34.00000, 63.00000
34.50000, 69.00000
35.00000, 69.00000
35.50000, 67.00000
36.50000, 65.00000
37.00000, 65.00000
38.50000, 69.00000
39.50000, 69.00000
41.00000, 68.00000
41.50000, 68.00000
42.50000, 67.00000
43.00000, 67.00000
occurrence6
16.00000, 63.00000
16.50000, 63.00000
17.00000, 62.00000
17.50000, 62.00000
18.50000, 67.00000
19.00000, 67.00000
20.50000, 60.00000
21.00000, 60.00000
21.50000, 60.00000
22.00000, 60.00000
23.00000, 69.00000
23.50000, 69.00000
25.00000, 73.00000
26.50000, 73.00000
27.50000, 65.00000
28.50000, 79.00000
29.00000, 79.00000
30.00000, 62.00000
30.50000, 62.00000
31.00000, 60.00000
32.00000, 69.00000
33.00000, 69.00000
33.50000, 63.00000
34.00000, 63.00000
34.50000, 69.00000
35.00000, 69.00000
35.50000, 67.00000
36.50000, 65.00000
37.00000, 65.00000
38.50000, 69.00000
39.50000, 69.00000
41.00000, 68.00000
41.50000, 68.00000
42.50000, 67.00000
43.00000, 67.00000
44.00000, 69.00000
45.00000, 69.00000
46.00000, 65.00000
47.00000, 65.00000
47.50000, 72.00000
48.00000, 63.00000
48.50000, 63.00000
occurrence7
17.00000, 62.00000
17.50000, 62.00000
18.50000, 67.00000
19.00000, 67.00000
20.50000, 60.00000
21.00000, 60.00000
21.50000, 60.00000
22.00000, 60.00000
23.00000, 69.00000
23.50000, 69.00000
25.00000, 73.00000
26.50000, 73.00000
27.50000, 65.00000
28.50000, 79.00000
29.00000, 79.00000
30.00000, 62.00000
30.50000, 62.00000
31.00000, 60.00000
32.00000, 69.00000
33.00000, 69.00000
33.50000, 63.00000
34.00000, 63.00000
34.50000, 69.00000
35.00000, 69.00000
35.50000, 67.00000
36.50000, 65.00000
37.00000, 65.00000
38.50000, 69.00000
39.50000, 69.00000
41.00000, 68.00000
41.50000, 68.00000
42.50000, 67.00000
43.00000, 67.00000
44.00000, 69.00000
45.00000, 69.00000
46.00000, 65.00000
47.00000, 65.00000
47.50000, 72.00000
48.00000, 63.00000
48.50000, 63.00000
49.00000, 62.00000
49.50000, 62.00000
occurrence8
18.50000, 67.00000
19.00000, 67.00000
20.50000, 60.00000
21.00000, 60.00000
21.50000, 60.00000
22.00000, 60.00000
23.00000, 69.00000
23.50000, 69.00000
25.00000, 73.00000
26.50000, 73.00000
27.50000, 65.00000
28.50000, 79.00000
29.00000, 79.00000
30.00000, 62.00000
30.50000, 62.00000
31.00000, 60.00000
32.00000, 69.00000
33.00000, 69.00000
33.50000, 63.00000
34.00000, 63.00000
34.50000, 69.00000
35.00000, 69.00000
35.50000, 67.00000
36.50000, 65.00000
37.00000, 65.00000
38.50000, 69.00000
39.50000, 69.00000
41.00000, 68.00000
41.50000, 68.00000
42.50000, 67.00000
43.00000, 67.00000
44.00000, 69.00000
45.00000, 69.00000
46.00000, 65.00000
47.00000, 65.00000
47.50000, 72.00000
48.00000, 63.00000
48.50000, 63.00000
49.00000, 62.00000
49.50000, 62.00000
50.50000, 67.00000
51.00000, 67.00000
occurrence9
20.50000, 60.00000
21.00000, 60.00000
21.50000, 60.00000
22.00000, 60.00000
23.00000, 69.00000
23.50000, 69.00000
25.00000, 73.00000
26.50000, 73.00000
27.50000, 65.00000
28.50000, 79.00000
29.00000, 79.00000
30.00000, 62.00000
30.50000, 62.00000
31.00000, 60.00000
32.00000, 69.00000
33.00000, 69.00000
33.50000, 63.00000
34.00000, 63.00000
34.50000, 69.00000
35.00000, 69.00000
35.50000, 67.00000
36.50000, 65.00000
37.00000, 65.00000
38.50000, 69.00000
39.50000, 69.00000
41.00000, 68.00000
41.50000, 68.00000
42.50000, 67.00000
43.00000, 67.00000
44.00000, 69.00000
45.00000, 69.00000
46.00000, 65.00000
47.00000, 65.00000
47.50000, 72.00000
48.00000, 63.00000
48.50000, 63.00000
49.00000, 62.00000
49.50000, 62.00000
50.50000, 67.00000
51.00000, 67.00000
52.50000, 60.00000
53.00000, 60.00000
occurrence10
21.00000, 60.00000
21.50000, 60.00000
22.00000, 60.00000
23.00000, 69.00000
23.50000, 69.00000
25.00000, 73.00000
26.50000, 73.00000
27.50000, 65.00000
28.50000, 79.00000
29.00000, 79.00000
30.00000, 62.00000
30.50000, 62.00000
31.00000, 60.00000
32.00000, 69.00000
33.00000, 69.00000
33.50000, 63.00000
34.00000, 63.00000
34.50000, 69.00000
35.00000, 69.00000
35.50000, 67.00000
36.50000, 65.00000
37.00000, 65.00000
38.50000, 69.00000
39.50000, 69.00000
41.00000, 68.00000
41.50000, 68.00000
42.50000, 67.00000
43.00000, 67.00000
44.00000, 69.00000
45.00000, 69.00000
46.00000, 65.00000
47.00000, 65.00000
47.50000, 72.00000
48.00000, 63.00000
48.50000, 63.00000
49.00000, 62.00000
49.50000, 62.00000
50.50000, 67.00000
51.00000, 67.00000
52.50000, 60.00000
53.00000, 60.00000
53.50000, 60.00000
occurrence11
21.50000, 60.00000
22.00000, 60.00000
23.00000, 69.00000
23.50000, 69.00000
25.00000, 73.00000
26.50000, 73.00000
27.50000, 65.00000
28.50000, 79.00000
29.00000, 79.00000
30.00000, 62.00000
30.50000, 62.00000
31.00000, 60.00000
32.00000, 69.00000
33.00000, 69.00000
33.50000, 63.00000
34.00000, 63.00000
34.50000, 69.00000
35.00000, 69.00000
35.50000, 67.00000
36.50000, 65.00000
37.00000, 65.00000
38.50000, 69.00000
39.50000, 69.00000
41.00000, 68.00000
41.50000, 68.00000
42.50000, 67.00000
43.00000, 67.00000
44.00000, 69.00000
45.00000, 69.00000
46.00000, 65.00000
47.00000, 65.00000
47.50000, 72.00000
48.00000, 63.00000
48.50000, 63.00000
49.00000, 62.00000
49.50000, 62.00000
50.50000, 67.00000
51.00000, 67.00000
52.50000, 60.00000
53.00000, 60.00000
53.50000, 60.00000
54.00000, 60.00000
occurrence12
23.00000, 69.00000
23.50000, 69.00000
25.00000, 73.00000
26.50000, 73.00000
27.50000, 65.00000
28.50000, 79.00000
29.00000, 79.00000
30.00000, 62.00000
30.50000, 62.00000
31.00000, 60.00000
32.00000, 69.00000
33.00000, 69.00000
33.50000, 63.00000
34.00000, 63.00000
34.50000, 69.00000
35.00000, 69.00000
35.50000, 67.00000
36.50000, 65.00000
37.00000, 65.00000
38.50000, 69.00000
39.50000, 69.00000
41.00000, 68.00000
41.50000, 68.00000
42.50000, 67.00000
43.00000, 67.00000
44.00000, 69.00000
45.00000, 69.00000
46.00000, 65.00000
47.00000, 65.00000
47.50000, 72.00000
48.00000, 63.00000
48.50000, 63.00000
49.00000, 62.00000
49.50000, 62.00000
50.50000, 67.00000
51.00000, 67.00000
52.50000, 60.00000
53.00000, 60.00000
53.50000, 60.00000
54.00000, 60.00000
55.00000, 69.00000
55.50000, 69.00000
occurrence13
28.50000, 79.00000
29.00000, 79.00000
30.00000, 62.00000
30.50000, 62.00000
31.00000, 60.00000
32.00000, 69.00000
33.00000, 69.00000
33.50000, 63.00000
34.00000, 63.00000
34.50000, 69.00000
35.00000, 69.00000
35.50000, 67.00000
36.50000, 65.00000
37.00000, 65.00000
38.50000, 69.00000
39.50000, 69.00000
41.00000, 68.00000
41.50000, 68.00000
42.50000, 67.00000
43.00000, 67.00000
44.00000, 69.00000
45.00000, 69.00000
46.00000, 65.00000
47.00000, 65.00000
47.50000, 72.00000
48.00000, 63.00000
48.50000, 63.00000
49.00000, 62.00000
49.50000, 62.00000
50.50000, 67.00000
51.00000, 67.00000
52.50000, 60.00000
53.00000, 60.00000
53.50000, 60.00000
54.00000, 60.00000
55.00000, 69.00000
55.50000, 69.00000
57.00000, 73.00000
58.50000, 73.00000
59.50000, 65.00000
60.50000, 79.00000
61.00000, 79.00000
occurrence14
30.00000, 62.00000
30.50000, 62.00000
31.00000, 60.00000
32.00000, 69.00000
33.00000, 69.00000
33.50000, 63.00000
34.00000, 63.00000
34.50000, 69.00000
35.00000, 69.00000
35.50000, 67.00000
36.50000, 65.00000
37.00000, 65.00000
38.50000, 69.00000
39.50000, 69.00000
41.00000, 68.00000
41.50000, 68.00000
42.50000, 67.00000
43.00000, 67.00000
44.00000, 69.00000
45.00000, 69.00000
46.00000, 65.00000
47.00000, 65.00000
47.50000, 72.00000
48.00000, 63.00000
48.50000, 63.00000
49.00000, 62.00000
49.50000, 62.00000
50.50000, 67.00000
51.00000, 67.00000
52.50000, 60.00000
53.00000, 60.00000
53.50000, 60.00000
54.00000, 60.00000
55.00000, 69.00000
55.50000, 69.00000
57.00000, 73.00000
58.50000, 73.00000
59.50000, 65.00000
60.50000, 79.00000
61.00000, 79.00000
62.00000, 62.00000
62.50000, 62.00000
pattern2
occurrence1
0.00000, 69.00000
1.00000, 69.00000
1.50000, 63.00000
2.00000, 63.00000
2.50000, 69.00000
3.00000, 69.00000
3.50000, 67.00000
4.50000, 65.00000
5.00000, 65.00000
6.50000, 69.00000
7.50000, 69.00000
9.00000, 68.00000
9.50000, 68.00000
10.50000, 67.00000
11.00000, 67.00000
12.00000, 69.00000
13.00000, 69.00000
14.00000, 65.00000
15.00000, 65.00000
15.50000, 72.00000
16.00000, 63.00000
16.50000, 63.00000
17.00000, 62.00000
17.50000, 62.00000
18.50000, 67.00000
19.00000, 67.00000
20.50000, 60.00000
21.00000, 60.00000
21.50000, 60.00000
22.00000, 60.00000
23.00000, 69.00000
23.50000, 69.00000
25.00000, 73.00000
26.50000, 73.00000
27.50000, 65.00000
28.50000, 79.00000
29.00000, 79.00000
30.00000, 62.00000
30.50000, 62.00000
31.00000, 60.00000
32.00000, 69.00000
33.00000, 69.00000
occurrence2
6.50000, 69.00000
7.50000, 69.00000
9.00000, 68.00000
9.50000, 68.00000
10.50000, 67.00000
11.00000, 67.00000
12.00000, 69.00000
13.00000, 69.00000
14.00000, 65.00000
15.00000, 65.00000
15.50000, 72.00000
16.00000, 63.00000
16.50000, 63.00000
17.00000, 62.00000
17.50000, 62.00000
18.50000, 67.00000
19.00000, 67.00000
20.50000, 60.00000
21.00000, 60.00000
21.50000, 60.00000
22.00000, 60.00000
23.00000, 69.00000
23.50000, 69.00000
25.00000, 73.00000
26.50000, 73.00000
27.50000, 65.00000
28.50000, 79.00000
29.00000, 79.00000
30.00000, 62.00000
30.50000, 62.00000
31.00000, 60.00000
32.00000, 69.00000
33.00000, 69.00000
33.50000, 63.00000
34.00000, 63.00000
34.50000, 69.00000
35.00000, 69.00000
35.50000, 67.00000
36.50000, 65.00000
37.00000, 65.00000
38.50000, 69.00000
39.50000, 69.00000
occurrence3
9.50000, 68.00000
10.50000, 67.00000
11.00000, 67.00000
12.00000, 69.00000
13.00000, 69.00000
14.00000, 65.00000
15.00000, 65.00000
15.50000, 72.00000
16.00000, 63.00000
16.50000, 63.00000
17.00000, 62.00000
17.50000, 62.00000
18.50000, 67.00000
19.00000, 67.00000
20.50000, 60.00000
21.00000, 60.00000
21.50000, 60.00000
22.00000, 60.00000
23.00000, 69.00000
23.50000, 69.00000
25.00000, 73.00000
26.50000, 73.00000
27.50000, 65.00000
28.50000, 79.00000
29.00000, 79.00000
30.00000, 62.00000
30.50000, 62.00000
31.00000, 60.00000
32.00000, 69.00000
33.00000, 69.00000
33.50000, 63.00000
34.00000, 63.00000
34.50000, 69.00000
35.00000, 69.00000
35.50000, 67.00000
36.50000, 65.00000
37.00000, 65.00000
38.50000, 69.00000
39.50000, 69.00000
41.00000, 68.00000
41.50000, 68.00000
42.50000, 67.00000
occurrence4
12.00000, 69.00000
13.00000, 69.00000
14.00000, 65.00000
15.00000, 65.00000
15.50000, 72.00000
16.00000, 63.00000
16.50000, 63.00000
17.00000, 62.00000
17.50000, 62.00000
18.50000, 67.00000
19.00000, 67.00000
20.50000, 60.00000
21.00000, 60.00000
21.50000, 60.00000
22.00000, 60.00000
23.00000, 69.00000
23.50000, 69.00000
25.00000, 73.00000
26.50000, 73.00000
27.50000, 65.00000
28.50000, 79.00000
29.00000, 79.00000
30.00000, 62.00000
30.50000, 62.00000
31.00000, 60.00000
32.00000, 69.00000
33.00000, 69.00000
33.50000, 63.00000
34.00000, 63.00000
34.50000, 69.00000
35.00000, 69.00000
35.50000, 67.00000
36.50000, 65.00000
37.00000, 65.00000
38.50000, 69.00000
39.50000, 69.00000
41.00000, 68.00000
41.50000, 68.00000
42.50000, 67.00000
43.00000, 67.00000
44.00000, 69.00000
45.00000, 69.00000
occurrence5
14.00000, 65.00000
15.00000, 65.00000
15.50000, 72.00000
16.00000, 63.00000
16.50000, 63.00000
17.00000, 62.00000
17.50000, 62.00000
18.50000, 67.00000
19.00000, 67.00000
20.50000, 60.00000
21.00000, 60.00000
21.50000, 60.00000
22.00000, 60.00000
23.00000, 69.00000
23.50000, 69.00000
25.00000, 73.00000
26.50000, 73.00000
27.50000, 65.00000
28.50000, 79.00000
29.00000, 79.00000
30.00000, 62.00000
30.50000, 62.00000
31.00000, 60.00000
32.00000, 69.00000
33.00000, 69.00000
33.50000, 63.00000
34.00000, 63.00000
34.50000, 69.00000
35.00000, 69.00000
35.50000, 67.00000
36.50000, 65.00000
37.00000, 65.00000
38.50000, 69.00000
39.50000, 69.00000
41.00000, 68.00000
41.50000, 68.00000
42.50000, 67.00000
43.00000, 67.00000
44.00000, 69.00000
45.00000, 69.00000
46.00000, 65.00000
47.00000, 65.00000
occurrence6
20.50000, 60.00000
21.00000, 60.00000
21.50000, 60.00000
22.00000, 60.00000
23.00000, 69.00000
23.50000, 69.00000
25.00000, 73.00000
26.50000, 73.00000
27.50000, 65.00000
28.50000, 79.00000
29.00000, 79.00000
30.00000, 62.00000
30.50000, 62.00000
31.00000, 60.00000
32.00000, 69.00000
33.00000, 69.00000
33.50000, 63.00000
34.00000, 63.00000
34.50000, 69.00000
35.00000, 69.00000
35.50000, 67.00000
36.50000, 65.00000
37.00000, 65.00000
38.50000, 69.00000
39.50000, 69.00000
41.00000, 68.00000
41.50000, 68.00000
42.50000, 67.00000
43.00000, 67.00000
44.00000, 69.00000
45.00000, 69.00000
46.00000, 65.00000
47.00000, 65.00000
47.50000, 72.00000
48.00000, 63.00000
48.50000, 63.00000
49.00000, 62.00000
49.50000, 62.00000
50.50000, 67.00000
51.00000, 67.00000
52.50000, 60.00000
53.00000, 60.00000
53.50000, 60.00000
occurrence7
21.00000, 60.00000
21.50000, 60.00000
22.00000, 60.00000
23.00000, 69.00000
23.50000, 69.00000
25.00000, 73.00000
26.50000, 73.00000
27.50000, 65.00000
28.50000, 79.00000
29.00000, 79.00000
30.00000, 62.00000
30.50000, 62.00000
31.00000, 60.00000
32.00000, 69.00000
33.00000, 69.00000
33.50000, 63.00000
34.00000, 63.00000
34.50000, 69.00000
35.00000, 69.00000
35.50000, 67.00000
36.50000, 65.00000
37.00000, 65.00000
38.50000, 69.00000
39.50000, 69.00000
41.00000, 68.00000
41.50000, 68.00000
42.50000, 67.00000
43.00000, 67.00000
44.00000, 69.00000
45.00000, 69.00000
46.00000, 65.00000
47.00000, 65.00000
47.50000, 72.00000
48.00000, 63.00000
48.50000, 63.00000
49.00000, 62.00000
49.50000, 62.00000
50.50000, 67.00000
51.00000, 67.00000
52.50000, 60.00000
53.00000, 60.00000
53.50000, 60.00000
54.00000, 60.00000
pattern3
occurrence1
3.50000, 67.00000
4.50000, 65.00000
5.00000, 65.00000
6.50000, 69.00000
7.50000, 69.00000
9.00000, 68.00000
9.50000, 68.00000
10.50000, 67.00000
11.00000, 67.00000
12.00000, 69.00000
13.00000, 69.00000
14.00000, 65.00000
15.00000, 65.00000
15.50000, 72.00000
16.00000, 63.00000
16.50000, 63.00000
17.00000, 62.00000
17.50000, 62.00000
18.50000, 67.00000
19.00000, 67.00000
20.50000, 60.00000
21.00000, 60.00000
21.50000, 60.00000
22.00000, 60.00000
23.00000, 69.00000
23.50000, 69.00000
25.00000, 73.00000
26.50000, 73.00000
27.50000, 65.00000
28.50000, 79.00000
29.00000, 79.00000
30.00000, 62.00000
30.50000, 62.00000
31.00000, 60.00000
32.00000, 69.00000
33.00000, 69.00000
33.50000, 63.00000
34.00000, 63.00000
34.50000, 69.00000
35.00000, 69.00000
35.50000, 67.00000
36.50000, 65.00000
37.00000, 65.00000
38.50000, 69.00000
39.50000, 69.00000
41.00000, 68.00000
41.50000, 68.00000
42.50000, 67.00000
43.00000, 67.00000
44.00000, 69.00000
45.00000, 69.00000
46.00000, 65.00000
47.00000, 65.00000
47.50000, 72.00000
48.00000, 63.00000
48.50000, 63.00000
49.00000, 62.00000
49.50000, 62.00000
50.50000, 67.00000
51.00000, 67.00000
52.50000, 60.00000
53.00000, 60.00000
53.50000, 60.00000
54.00000, 60.00000
55.00000, 69.00000
55.50000, 69.00000
57.00000, 73.00000
58.50000, 73.00000
59.50000, 65.00000
60.50000, 79.00000
61.00000, 79.00000
62.00000, 62.00000
62.50000, 62.00000
63.00000, 60.00000
