pattern1
occurrence1
2.00000, 74.00000
3.00000, 76.00000
5.00000, 74.00000
6.00000, 72.00000
8.00000, 71.00000
occurrence2
18.00000, 76.00000
20.00000, 77.00000
21.00000, 76.00000
22.00000, 74.00000
24.00000, 72.00000
occurrence3
30.00000, 79.00000
32.00000, 77.00000
33.00000, 76.00000
34.00000, 74.00000
36.00000, 76.00000
occurrence4
40.00000, 79.00000
42.00000, 81.00000
44.00000, 79.00000
45.00000, 77.00000
46.00000, 76.00000
occurrence5
51.00000, 76.00000
53.00000, 79.00000
54.00000, 77.00000
56.00000, 76.00000
57.00000, 72.00000
occurrence6
68.00000, 79.00000
69.00000, 77.00000
71.00000, 76.00000
72.00000, 74.00000
74.00000, 76.00000
occurrence7
69.00000, 77.00000
71.00000, 76.00000
72.00000, 74.00000
74.00000, 76.00000
75.00000, 74.00000
pattern2
occurrence1
2.00000, 74.00000
3.00000, 76.00000
5.00000, 74.00000
occurrence2
18.00000, 76.00000
20.00000, 77.00000
21.00000, 76.00000
occurrence3
29.00000, 77.00000
30.00000, 79.00000
32.00000, 77.00000
occurrence4
33.00000, 76.00000
34.00000, 74.00000
36.00000, 76.00000
occurrence5
71.00000, 76.00000
72.00000, 74.00000
74.00000, 76.00000
occurrence6
72.00000, 74.00000
74.00000, 76.00000
75.00000, 74.00000
pattern3
occurrence1
21.00000, 76.00000
22.00000, 74.00000
24.00000, 72.00000
27.00000, 76.00000
29.00000, 77.00000
occurrence2
32.00000, 77.00000
33.00000, 76.00000
34.00000, 74.00000
36.00000, 76.00000
39.00000, 79.00000
40.00000, 79.00000
occurrence3
45.00000, 77.00000
46.00000, 76.00000
48.00000, 74.00000
51.00000, 76.00000
53.00000, 79.00000
occurrence4
46.00000, 76.00000
48.00000, 74.00000
51.00000, 76.00000
53.00000, 79.00000
54.00000, 77.00000
occurrence5
48.00000, 74.00000
51.00000, 76.00000
53.00000, 79.00000
54.00000, 77.00000
56.00000, 76.00000
occurrence6
58.00000, 74.00000
60.00000, 76.00000
63.00000, 72.00000
66.00000, 76.00000
pattern4
occurrence1
0.00000, 72.00000
2.00000, 74.00000
3.00000, 76.00000
occurrence2
15.00000, 72.00000
17.00000, 74.00000
18.00000, 76.00000
occurrence3
17.00000, 74.00000
18.00000, 76.00000
20.00000, 77.00000
occurrence4
24.00000, 72.00000
27.00000, 76.00000
occurrence5
27.00000, 76.00000
29.00000, 77.00000
30.00000, 79.00000
occurrence6
36.00000, 76.00000
39.00000, 79.00000
occurrence7
57.00000, 72.00000
58.00000, 74.00000
60.00000, 76.00000
occurrence8
63.00000, 72.00000
66.00000, 76.00000
pattern5
occurrence1
6.00000, 72.00000
8.00000, 71.00000
9.00000, 69.00000
12.00000, 67.00000
15.00000, 72.00000
17.00000, 74.00000
18.00000, 76.00000
20.00000, 77.00000
21.00000, 76.00000
22.00000, 74.00000
24.00000, 72.00000
27.00000, 76.00000
29.00000, 77.00000
30.00000, 79.00000
32.00000, 77.00000
33.00000, 76.00000
34.00000, 74.00000
36.00000, 76.00000
39.00000, 79.00000
40.00000, 79.00000
42.00000, 81.00000
44.00000, 79.00000
45.00000, 77.00000
46.00000, 76.00000
48.00000, 74.00000
51.00000, 76.00000
53.00000, 79.00000
54.00000, 77.00000
56.00000, 76.00000
57.00000, 72.00000
58.00000, 74.00000
60.00000, 76.00000
63.00000, 72.00000
66.00000, 76.00000
68.00000, 79.00000
69.00000, 77.00000
71.00000, 76.00000
72.00000, 74.00000
74.00000, 76.00000
75.00000, 74.00000
78.00000, 72.00000
