pattern1
occurrence1
26.00000, 77.00000
26.50000, 75.00000
27.00000, 74.00000
27.50000, 72.00000
28.00000, 70.00000
28.50000, 69.00000
29.00000, 68.00000
occurrence2
40.00000, 70.00000
40.50000, 68.00000
41.00000, 67.00000
41.15625, 68.00000
41.34375, 67.00000
41.50000, 65.00000
42.00000, 63.00000
42.50000, 58.00000
43.00000, 61.00000
occurrence3
40.50000, 68.00000
41.00000, 67.00000
41.15625, 68.00000
41.34375, 67.00000
41.50000, 65.00000
42.00000, 63.00000
42.50000, 58.00000
43.00000, 61.00000
43.50000, 60.00000
occurrence4
73.96875, 75.00000
74.46875, 74.00000
74.96875, 72.00000
75.15625, 74.00000
75.31250, 72.00000
75.46875, 71.00000
75.96875, 70.00000
76.46875, 68.00000
76.96875, 67.00000
occurrence5
80.96875, 72.00000
81.15625, 74.00000
81.31250, 72.00000
81.46875, 70.00000
81.96875, 69.00000
82.46875, 67.00000
82.96875, 65.00000
83.46875, 64.00000
83.96875, 63.00000
occurrence6
85.96875, 65.00000
86.46875, 63.00000
86.96875, 62.00000
87.46875, 60.00000
87.96875, 63.00000
88.46875, 55.00000
88.96875, 56.00000
occurrence7
102.96875, 70.00000
103.46875, 68.00000
103.96875, 67.00000
104.46875, 65.00000
104.96875, 63.00000
105.46875, 58.00000
105.96875, 61.00000
pattern2
occurrence1
5.00000, 61.00000
5.50000, 59.00000
6.50000, 57.00000
7.00000, 58.00000
7.50000, 56.00000
8.00000, 55.00000
occurrence2
72.46875, 77.00000
73.96875, 75.00000
74.46875, 74.00000
74.96875, 72.00000
75.15625, 74.00000
75.31250, 72.00000
75.46875, 71.00000
occurrence3
79.46875, 74.00000
80.96875, 72.00000
81.15625, 74.00000
81.31250, 72.00000
81.46875, 70.00000
81.96875, 69.00000
82.46875, 67.00000
occurrence4
84.46875, 67.00000
84.96875, 62.00000
85.46875, 60.00000
85.96875, 65.00000
86.46875, 63.00000
86.96875, 62.00000
87.46875, 60.00000
occurrence5
101.96875, 71.00000
102.31250, 72.00000
102.62500, 71.00000
102.96875, 70.00000
103.46875, 68.00000
103.96875, 67.00000
104.46875, 65.00000
104.96875, 63.00000
occurrence6
108.96875, 64.00000
109.46875, 55.00000
109.96875, 58.00000
110.46875, 61.00000
110.96875, 60.00000
111.46875, 58.00000
111.96875, 57.00000
pattern3
occurrence1
13.00000, 70.00000
13.50000, 68.00000
14.00000, 67.00000
14.50000, 65.00000
15.00000, 64.00000
occurrence2
13.50000, 68.00000
14.00000, 67.00000
14.50000, 65.00000
15.00000, 64.00000
15.50000, 62.00000
occurrence3
14.00000, 67.00000
14.50000, 65.00000
15.00000, 64.00000
15.50000, 62.00000
15.75000, 61.00000
16.00000, 60.00000
occurrence4
14.50000, 65.00000
15.00000, 64.00000
15.50000, 62.00000
15.75000, 61.00000
16.00000, 60.00000
16.50000, 58.00000
occurrence5
15.00000, 64.00000
15.50000, 62.00000
15.75000, 61.00000
16.00000, 60.00000
16.50000, 58.00000
17.00000, 57.00000
occurrence6
26.00000, 77.00000
26.50000, 75.00000
27.00000, 74.00000
27.50000, 72.00000
28.00000, 70.00000
occurrence7
26.50000, 75.00000
27.00000, 74.00000
27.50000, 72.00000
28.00000, 70.00000
28.50000, 69.00000
occurrence8
40.00000, 70.00000
40.50000, 68.00000
41.00000, 67.00000
41.15625, 68.00000
41.34375, 67.00000
41.50000, 65.00000
42.00000, 63.00000
occurrence9
55.00000, 70.00000
55.50000, 68.00000
56.00000, 67.00000
56.50000, 65.00000
57.00000, 63.00000
occurrence10
75.96875, 70.00000
76.46875, 68.00000
76.96875, 67.00000
77.46875, 65.00000
77.96875, 64.00000
occurrence11
80.96875, 72.00000
81.15625, 74.00000
81.31250, 72.00000
81.46875, 70.00000
81.96875, 69.00000
82.46875, 67.00000
82.96875, 65.00000
occurrence12
81.46875, 70.00000
81.96875, 69.00000
82.46875, 67.00000
82.96875, 65.00000
83.46875, 64.00000
occurrence13
102.96875, 70.00000
103.46875, 68.00000
103.96875, 67.00000
104.46875, 65.00000
104.96875, 63.00000
occurrence14
122.96875, 68.00000
123.46875, 67.00000
123.96875, 65.00000
124.46875, 63.00000
124.96875, 62.00000
pattern4
occurrence1
44.50000, 58.00000
45.00000, 56.00000
45.50000, 55.00000
45.75000, 53.00000
46.00000, 52.00000
46.50000, 55.00000
47.00000, 58.00000
47.50000, 61.00000
48.00000, 60.00000
48.50000, 58.00000
49.00000, 57.00000
occurrence2
70.46875, 74.00000
72.46875, 77.00000
73.96875, 75.00000
74.46875, 74.00000
74.96875, 72.00000
occurrence3
78.46875, 67.00000
78.96875, 70.00000
79.46875, 74.00000
80.96875, 72.00000
81.15625, 74.00000
81.31250, 72.00000
81.46875, 70.00000
81.96875, 69.00000
82.46875, 67.00000
82.96875, 65.00000
occurrence4
106.96875, 60.00000
107.46875, 68.00000
108.46875, 67.00000
108.71875, 65.00000
108.96875, 64.00000
109.46875, 55.00000
109.96875, 58.00000
110.46875, 61.00000
110.96875, 60.00000
111.46875, 58.00000
occurrence5
117.96875, 70.00000
118.46875, 72.00000
118.96875, 75.00000
119.46875, 73.00000
120.46875, 75.00000
120.71875, 73.00000
120.96875, 70.00000
121.46875, 72.00000
121.96875, 70.00000
122.46875, 69.00000
pattern5
occurrence1
39.50000, 69.00000
40.00000, 70.00000
40.50000, 68.00000
41.00000, 67.00000
41.15625, 68.00000
41.34375, 67.00000
41.50000, 65.00000
42.00000, 63.00000
42.50000, 58.00000
43.00000, 61.00000
43.50000, 60.00000
44.50000, 58.00000
45.00000, 56.00000
45.50000, 55.00000
45.75000, 53.00000
46.00000, 52.00000
46.50000, 55.00000
47.00000, 58.00000
47.50000, 61.00000
48.00000, 60.00000
48.50000, 58.00000
49.00000, 57.00000
49.25000, 60.00000
49.50000, 63.00000
49.75000, 67.00000
50.00000, 74.00000
50.50000, 72.00000
53.50000, 60.00000
54.00000, 67.00000
55.00000, 70.00000
55.50000, 68.00000
56.00000, 67.00000
56.50000, 65.00000
57.00000, 63.00000
57.50000, 58.00000
58.00000, 59.00000
59.00000, 56.00000
59.50000, 54.00000
60.00000, 55.00000
60.50000, 63.00000
64.50000, 59.00000
65.00000, 60.00000
65.34375, 63.00000
65.65625, 67.00000
66.00000, 70.00000
66.50000, 68.00000
68.50000, 65.00000
69.00000, 68.00000
69.31250, 71.00000
69.65625, 75.00000
69.96875, 78.00000
70.46875, 74.00000
72.46875, 77.00000
73.96875, 75.00000
74.46875, 74.00000
74.96875, 72.00000
75.15625, 74.00000
75.31250, 72.00000
75.46875, 71.00000
75.96875, 70.00000
76.46875, 68.00000
76.96875, 67.00000
77.46875, 65.00000
occurrence2
49.50000, 63.00000
49.75000, 67.00000
50.00000, 74.00000
50.50000, 72.00000
53.50000, 60.00000
54.00000, 67.00000
55.00000, 70.00000
55.50000, 68.00000
56.00000, 67.00000
56.50000, 65.00000
57.00000, 63.00000
57.50000, 58.00000
58.00000, 59.00000
59.00000, 56.00000
59.50000, 54.00000
60.00000, 55.00000
60.50000, 63.00000
64.50000, 59.00000
65.00000, 60.00000
65.34375, 63.00000
65.65625, 67.00000
66.00000, 70.00000
66.50000, 68.00000
68.50000, 65.00000
69.00000, 68.00000
69.31250, 71.00000
69.65625, 75.00000
69.96875, 78.00000
70.46875, 74.00000
72.46875, 77.00000
73.96875, 75.00000
74.46875, 74.00000
74.96875, 72.00000
75.15625, 74.00000
75.31250, 72.00000
75.46875, 71.00000
75.96875, 70.00000
76.46875, 68.00000
76.96875, 67.00000
77.46875, 65.00000
77.96875, 64.00000
78.46875, 67.00000
78.96875, 70.00000
79.46875, 74.00000
80.96875, 72.00000
81.15625, 74.00000
81.31250, 72.00000
81.46875, 70.00000
81.96875, 69.00000
82.46875, 67.00000
82.96875, 65.00000
83.46875, 64.00000
83.96875, 63.00000
84.46875, 67.00000
84.96875, 62.00000
85.46875, 60.00000
85.96875, 65.00000
86.46875, 63.00000
86.96875, 62.00000
87.46875, 60.00000
occurrence3
66.00000, 70.00000
66.50000, 68.00000
68.50000, 65.00000
69.00000, 68.00000
69.31250, 71.00000
69.65625, 75.00000
69.96875, 78.00000
70.46875, 74.00000
72.46875, 77.00000
73.96875, 75.00000
74.46875, 74.00000
74.96875, 72.00000
75.15625, 74.00000
75.31250, 72.00000
75.46875, 71.00000
75.96875, 70.00000
76.46875, 68.00000
76.96875, 67.00000
77.46875, 65.00000
77.96875, 64.00000
78.46875, 67.00000
78.96875, 70.00000
79.46875, 74.00000
80.96875, 72.00000
81.15625, 74.00000
81.31250, 72.00000
81.46875, 70.00000
81.96875, 69.00000
82.46875, 67.00000
82.96875, 65.00000
83.46875, 64.00000
83.96875, 63.00000
84.46875, 67.00000
84.96875, 62.00000
85.46875, 60.00000
85.96875, 65.00000
86.46875, 63.00000
86.96875, 62.00000
87.46875, 60.00000
87.96875, 63.00000
88.46875, 55.00000
88.96875, 56.00000
89.21875, 60.00000
89.46875, 63.00000
89.71875, 67.00000
89.96875, 70.00000
90.46875, 68.00000
90.96875, 63.00000
91.31250, 60.00000
91.65625, 56.00000
91.96875, 67.00000
92.46875, 66.00000
97.46875, 62.00000
98.96875, 65.00000
99.46875, 62.00000
99.96875, 63.00000
100.46875, 61.00000
100.96875, 62.00000
101.31250, 65.00000
101.62500, 68.00000
101.96875, 71.00000
102.31250, 72.00000
102.62500, 71.00000
102.96875, 70.00000
103.46875, 68.00000
103.96875, 67.00000
occurrence4
66.50000, 68.00000
68.50000, 65.00000
69.00000, 68.00000
69.31250, 71.00000
69.65625, 75.00000
69.96875, 78.00000
70.46875, 74.00000
72.46875, 77.00000
73.96875, 75.00000
74.46875, 74.00000
74.96875, 72.00000
75.15625, 74.00000
75.31250, 72.00000
75.46875, 71.00000
75.96875, 70.00000
76.46875, 68.00000
76.96875, 67.00000
77.46875, 65.00000
77.96875, 64.00000
78.46875, 67.00000
78.96875, 70.00000
79.46875, 74.00000
80.96875, 72.00000
81.15625, 74.00000
81.31250, 72.00000
81.46875, 70.00000
81.96875, 69.00000
82.46875, 67.00000
82.96875, 65.00000
83.46875, 64.00000
83.96875, 63.00000
84.46875, 67.00000
84.96875, 62.00000
85.46875, 60.00000
85.96875, 65.00000
86.46875, 63.00000
86.96875, 62.00000
87.46875, 60.00000
87.96875, 63.00000
88.46875, 55.00000
88.96875, 56.00000
89.21875, 60.00000
89.46875, 63.00000
89.71875, 67.00000
89.96875, 70.00000
90.46875, 68.00000
90.96875, 63.00000
91.31250, 60.00000
91.65625, 56.00000
91.96875, 67.00000
92.46875, 66.00000
97.46875, 62.00000
98.96875, 65.00000
99.46875, 62.00000
99.96875, 63.00000
100.46875, 61.00000
100.96875, 62.00000
101.31250, 65.00000
101.62500, 68.00000
101.96875, 71.00000
102.31250, 72.00000
102.62500, 71.00000
102.96875, 70.00000
103.46875, 68.00000
103.96875, 67.00000
104.46875, 65.00000
occurrence5
89.96875, 70.00000
90.46875, 68.00000
90.96875, 63.00000
91.31250, 60.00000
91.65625, 56.00000
91.96875, 67.00000
92.46875, 66.00000
97.46875, 62.00000
98.96875, 65.00000
99.46875, 62.00000
99.96875, 63.00000
100.46875, 61.00000
100.96875, 62.00000
101.31250, 65.00000
101.62500, 68.00000
101.96875, 71.00000
102.31250, 72.00000
102.62500, 71.00000
102.96875, 70.00000
103.46875, 68.00000
103.96875, 67.00000
104.46875, 65.00000
104.96875, 63.00000
105.46875, 58.00000
105.96875, 61.00000
106.46875, 59.00000
106.96875, 60.00000
107.46875, 68.00000
108.46875, 67.00000
108.71875, 65.00000
108.96875, 64.00000
109.46875, 55.00000
109.96875, 58.00000
110.46875, 61.00000
110.96875, 60.00000
111.46875, 58.00000
111.96875, 57.00000
112.21875, 60.00000
112.46875, 63.00000
112.71875, 67.00000
112.96875, 74.00000
113.46875, 72.00000
117.96875, 70.00000
118.46875, 72.00000
118.96875, 75.00000
119.46875, 73.00000
120.46875, 75.00000
120.71875, 73.00000
120.96875, 70.00000
121.46875, 72.00000
121.96875, 70.00000
122.46875, 69.00000
122.96875, 68.00000
123.46875, 67.00000
123.96875, 65.00000
124.46875, 63.00000
124.96875, 62.00000
125.31250, 65.00000
125.62500, 68.00000
125.96875, 71.00000
126.28125, 73.00000
126.62500, 71.00000
126.93750, 70.00000
127.43750, 68.00000
127.93750, 67.00000
pattern6
occurrence1
1.00000, 58.00000
1.50000, 56.00000
2.00000, 55.00000
2.50000, 58.00000
3.00000, 62.00000
3.50000, 65.00000
4.00000, 63.00000
4.50000, 58.00000
5.00000, 61.00000
5.50000, 59.00000
6.50000, 57.00000
7.00000, 58.00000
7.50000, 56.00000
8.00000, 55.00000
12.50000, 74.00000
12.75000, 72.00000
13.00000, 70.00000
13.50000, 68.00000
14.00000, 67.00000
14.50000, 65.00000
15.00000, 64.00000
15.50000, 62.00000
15.75000, 61.00000
16.00000, 60.00000
16.50000, 58.00000
17.00000, 57.00000
17.34375, 60.00000
17.65625, 63.00000
18.00000, 74.00000
18.50000, 71.00000
19.00000, 72.00000
19.50000, 79.00000
20.00000, 70.00000
20.50000, 67.00000
21.00000, 68.00000
21.50000, 78.00000
22.50000, 74.00000
22.62500, 72.00000
22.75000, 70.00000
22.87500, 69.00000
23.00000, 68.00000
24.50000, 66.00000
25.00000, 67.00000
25.34375, 70.00000
25.65625, 74.00000
26.00000, 77.00000
26.50000, 75.00000
27.00000, 74.00000
27.50000, 72.00000
28.00000, 70.00000
28.50000, 69.00000
29.00000, 68.00000
29.50000, 60.00000
30.00000, 67.00000
31.00000, 70.00000
32.00000, 65.00000
32.50000, 65.00000
33.00000, 65.00000
33.50000, 65.00000
34.00000, 65.00000
37.50000, 63.00000
38.00000, 66.00000
38.50000, 67.00000
39.00000, 68.00000
39.50000, 69.00000
40.00000, 70.00000
40.50000, 68.00000
41.00000, 67.00000
41.15625, 68.00000
41.34375, 67.00000
41.50000, 65.00000
42.00000, 63.00000
42.50000, 58.00000
43.00000, 61.00000
43.50000, 60.00000
44.50000, 58.00000
occurrence2
1.50000, 56.00000
2.00000, 55.00000
2.50000, 58.00000
3.00000, 62.00000
3.50000, 65.00000
4.00000, 63.00000
4.50000, 58.00000
5.00000, 61.00000
5.50000, 59.00000
6.50000, 57.00000
7.00000, 58.00000
7.50000, 56.00000
8.00000, 55.00000
12.50000, 74.00000
12.75000, 72.00000
13.00000, 70.00000
13.50000, 68.00000
14.00000, 67.00000
14.50000, 65.00000
15.00000, 64.00000
15.50000, 62.00000
15.75000, 61.00000
16.00000, 60.00000
16.50000, 58.00000
17.00000, 57.00000
17.34375, 60.00000
17.65625, 63.00000
18.00000, 74.00000
18.50000, 71.00000
19.00000, 72.00000
19.50000, 79.00000
20.00000, 70.00000
20.50000, 67.00000
21.00000, 68.00000
21.50000, 78.00000
22.50000, 74.00000
22.62500, 72.00000
22.75000, 70.00000
22.87500, 69.00000
23.00000, 68.00000
24.50000, 66.00000
25.00000, 67.00000
25.34375, 70.00000
25.65625, 74.00000
26.00000, 77.00000
26.50000, 75.00000
27.00000, 74.00000
27.50000, 72.00000
28.00000, 70.00000
28.50000, 69.00000
29.00000, 68.00000
29.50000, 60.00000
30.00000, 67.00000
31.00000, 70.00000
32.00000, 65.00000
32.50000, 65.00000
33.00000, 65.00000
33.50000, 65.00000
34.00000, 65.00000
37.50000, 63.00000
38.00000, 66.00000
38.50000, 67.00000
39.00000, 68.00000
39.50000, 69.00000
40.00000, 70.00000
40.50000, 68.00000
41.00000, 67.00000
41.15625, 68.00000
41.34375, 67.00000
41.50000, 65.00000
42.00000, 63.00000
42.50000, 58.00000
43.00000, 61.00000
43.50000, 60.00000
44.50000, 58.00000
45.00000, 56.00000
occurrence3
2.00000, 55.00000
2.50000, 58.00000
3.00000, 62.00000
3.50000, 65.00000
4.00000, 63.00000
4.50000, 58.00000
5.00000, 61.00000
5.50000, 59.00000
6.50000, 57.00000
7.00000, 58.00000
7.50000, 56.00000
8.00000, 55.00000
12.50000, 74.00000
12.75000, 72.00000
13.00000, 70.00000
13.50000, 68.00000
14.00000, 67.00000
14.50000, 65.00000
15.00000, 64.00000
15.50000, 62.00000
15.75000, 61.00000
16.00000, 60.00000
16.50000, 58.00000
17.00000, 57.00000
17.34375, 60.00000
17.65625, 63.00000
18.00000, 74.00000
18.50000, 71.00000
19.00000, 72.00000
19.50000, 79.00000
20.00000, 70.00000
20.50000, 67.00000
21.00000, 68.00000
21.50000, 78.00000
22.50000, 74.00000
22.62500, 72.00000
22.75000, 70.00000
22.87500, 69.00000
23.00000, 68.00000
24.50000, 66.00000
25.00000, 67.00000
25.34375, 70.00000
25.65625, 74.00000
26.00000, 77.00000
26.50000, 75.00000
27.00000, 74.00000
27.50000, 72.00000
28.00000, 70.00000
28.50000, 69.00000
29.00000, 68.00000
29.50000, 60.00000
30.00000, 67.00000
31.00000, 70.00000
32.00000, 65.00000
32.50000, 65.00000
33.00000, 65.00000
33.50000, 65.00000
34.00000, 65.00000
37.50000, 63.00000
38.00000, 66.00000
38.50000, 67.00000
39.00000, 68.00000
39.50000, 69.00000
40.00000, 70.00000
40.50000, 68.00000
41.00000, 67.00000
41.15625, 68.00000
41.34375, 67.00000
41.50000, 65.00000
42.00000, 63.00000
42.50000, 58.00000
43.00000, 61.00000
43.50000, 60.00000
44.50000, 58.00000
45.00000, 56.00000
45.50000, 55.00000
occurrence4
23.00000, 68.00000
24.50000, 66.00000
25.00000, 67.00000
25.34375, 70.00000
25.65625, 74.00000
26.00000, 77.00000
26.50000, 75.00000
27.00000, 74.00000
27.50000, 72.00000
28.00000, 70.00000
28.50000, 69.00000
29.00000, 68.00000
29.50000, 60.00000
30.00000, 67.00000
31.00000, 70.00000
32.00000, 65.00000
32.50000, 65.00000
33.00000, 65.00000
33.50000, 65.00000
34.00000, 65.00000
37.50000, 63.00000
38.00000, 66.00000
38.50000, 67.00000
39.00000, 68.00000
39.50000, 69.00000
40.00000, 70.00000
40.50000, 68.00000
41.00000, 67.00000
41.15625, 68.00000
41.34375, 67.00000
41.50000, 65.00000
42.00000, 63.00000
42.50000, 58.00000
43.00000, 61.00000
43.50000, 60.00000
44.50000, 58.00000
45.00000, 56.00000
45.50000, 55.00000
45.75000, 53.00000
46.00000, 52.00000
46.50000, 55.00000
47.00000, 58.00000
47.50000, 61.00000
48.00000, 60.00000
48.50000, 58.00000
49.00000, 57.00000
49.25000, 60.00000
49.50000, 63.00000
49.75000, 67.00000
50.00000, 74.00000
50.50000, 72.00000
53.50000, 60.00000
54.00000, 67.00000
55.00000, 70.00000
55.50000, 68.00000
56.00000, 67.00000
56.50000, 65.00000
57.00000, 63.00000
57.50000, 58.00000
58.00000, 59.00000
59.00000, 56.00000
59.50000, 54.00000
60.00000, 55.00000
60.50000, 63.00000
64.50000, 59.00000
65.00000, 60.00000
65.34375, 63.00000
65.65625, 67.00000
66.00000, 70.00000
66.50000, 68.00000
occurrence5
74.96875, 72.00000
75.15625, 74.00000
75.31250, 72.00000
75.46875, 71.00000
75.96875, 70.00000
76.46875, 68.00000
76.96875, 67.00000
77.46875, 65.00000
77.96875, 64.00000
78.46875, 67.00000
78.96875, 70.00000
79.46875, 74.00000
80.96875, 72.00000
81.15625, 74.00000
81.31250, 72.00000
81.46875, 70.00000
81.96875, 69.00000
82.46875, 67.00000
82.96875, 65.00000
83.46875, 64.00000
83.96875, 63.00000
84.46875, 67.00000
84.96875, 62.00000
85.46875, 60.00000
85.96875, 65.00000
86.46875, 63.00000
86.96875, 62.00000
87.46875, 60.00000
87.96875, 63.00000
88.46875, 55.00000
88.96875, 56.00000
89.21875, 60.00000
89.46875, 63.00000
89.71875, 67.00000
89.96875, 70.00000
90.46875, 68.00000
90.96875, 63.00000
91.31250, 60.00000
91.65625, 56.00000
91.96875, 67.00000
92.46875, 66.00000
97.46875, 62.00000
98.96875, 65.00000
99.46875, 62.00000
99.96875, 63.00000
100.46875, 61.00000
100.96875, 62.00000
101.31250, 65.00000
101.62500, 68.00000
101.96875, 71.00000
102.31250, 72.00000
102.62500, 71.00000
102.96875, 70.00000
103.46875, 68.00000
103.96875, 67.00000
104.46875, 65.00000
104.96875, 63.00000
105.46875, 58.00000
105.96875, 61.00000
106.46875, 59.00000
106.96875, 60.00000
107.46875, 68.00000
108.46875, 67.00000
108.71875, 65.00000
108.96875, 64.00000
109.46875, 55.00000
109.96875, 58.00000
110.46875, 61.00000
110.96875, 60.00000
111.46875, 58.00000
111.96875, 57.00000
112.21875, 60.00000
112.46875, 63.00000
112.71875, 67.00000
112.96875, 74.00000
113.46875, 72.00000
117.96875, 70.00000
118.46875, 72.00000
pattern7
occurrence1
3.50000, 65.00000
4.00000, 63.00000
4.50000, 58.00000
5.00000, 61.00000
5.50000, 59.00000
6.50000, 57.00000
7.00000, 58.00000
7.50000, 56.00000
8.00000, 55.00000
12.50000, 74.00000
12.75000, 72.00000
13.00000, 70.00000
13.50000, 68.00000
14.00000, 67.00000
14.50000, 65.00000
15.00000, 64.00000
15.50000, 62.00000
15.75000, 61.00000
16.00000, 60.00000
16.50000, 58.00000
17.00000, 57.00000
17.34375, 60.00000
17.65625, 63.00000
18.00000, 74.00000
18.50000, 71.00000
19.00000, 72.00000
19.50000, 79.00000
20.00000, 70.00000
20.50000, 67.00000
21.00000, 68.00000
21.50000, 78.00000
22.50000, 74.00000
22.62500, 72.00000
22.75000, 70.00000
22.87500, 69.00000
23.00000, 68.00000
24.50000, 66.00000
25.00000, 67.00000
25.34375, 70.00000
25.65625, 74.00000
26.00000, 77.00000
26.50000, 75.00000
27.00000, 74.00000
27.50000, 72.00000
28.00000, 70.00000
28.50000, 69.00000
29.00000, 68.00000
29.50000, 60.00000
30.00000, 67.00000
31.00000, 70.00000
32.00000, 65.00000
32.50000, 65.00000
33.00000, 65.00000
33.50000, 65.00000
34.00000, 65.00000
37.50000, 63.00000
38.00000, 66.00000
38.50000, 67.00000
39.00000, 68.00000
39.50000, 69.00000
40.00000, 70.00000
40.50000, 68.00000
41.00000, 67.00000
occurrence2
13.00000, 70.00000
13.50000, 68.00000
14.00000, 67.00000
14.50000, 65.00000
15.00000, 64.00000
15.50000, 62.00000
15.75000, 61.00000
16.00000, 60.00000
16.50000, 58.00000
17.00000, 57.00000
17.34375, 60.00000
17.65625, 63.00000
18.00000, 74.00000
18.50000, 71.00000
19.00000, 72.00000
19.50000, 79.00000
20.00000, 70.00000
20.50000, 67.00000
21.00000, 68.00000
21.50000, 78.00000
22.50000, 74.00000
22.62500, 72.00000
22.75000, 70.00000
22.87500, 69.00000
23.00000, 68.00000
24.50000, 66.00000
25.00000, 67.00000
25.34375, 70.00000
25.65625, 74.00000
26.00000, 77.00000
26.50000, 75.00000
27.00000, 74.00000
27.50000, 72.00000
28.00000, 70.00000
28.50000, 69.00000
29.00000, 68.00000
29.50000, 60.00000
30.00000, 67.00000
31.00000, 70.00000
32.00000, 65.00000
32.50000, 65.00000
33.00000, 65.00000
33.50000, 65.00000
34.00000, 65.00000
37.50000, 63.00000
38.00000, 66.00000
38.50000, 67.00000
39.00000, 68.00000
39.50000, 69.00000
40.00000, 70.00000
40.50000, 68.00000
41.00000, 67.00000
41.15625, 68.00000
41.34375, 67.00000
41.50000, 65.00000
42.00000, 63.00000
42.50000, 58.00000
43.00000, 61.00000
43.50000, 60.00000
44.50000, 58.00000
45.00000, 56.00000
45.50000, 55.00000
45.75000, 53.00000
46.00000, 52.00000
46.50000, 55.00000
47.00000, 58.00000
47.50000, 61.00000
48.00000, 60.00000
48.50000, 58.00000
49.00000, 57.00000
49.25000, 60.00000
49.50000, 63.00000
49.75000, 67.00000
50.00000, 74.00000
50.50000, 72.00000
occurrence3
75.96875, 70.00000
76.46875, 68.00000
76.96875, 67.00000
77.46875, 65.00000
77.96875, 64.00000
78.46875, 67.00000
78.96875, 70.00000
79.46875, 74.00000
80.96875, 72.00000
81.15625, 74.00000
81.31250, 72.00000
81.46875, 70.00000
81.96875, 69.00000
82.46875, 67.00000
82.96875, 65.00000
83.46875, 64.00000
83.96875, 63.00000
84.46875, 67.00000
84.96875, 62.00000
85.46875, 60.00000
85.96875, 65.00000
86.46875, 63.00000
86.96875, 62.00000
87.46875, 60.00000
87.96875, 63.00000
88.46875, 55.00000
88.96875, 56.00000
89.21875, 60.00000
89.46875, 63.00000
89.71875, 67.00000
89.96875, 70.00000
90.46875, 68.00000
90.96875, 63.00000
91.31250, 60.00000
91.65625, 56.00000
91.96875, 67.00000
92.46875, 66.00000
97.46875, 62.00000
98.96875, 65.00000
99.46875, 62.00000
99.96875, 63.00000
100.46875, 61.00000
100.96875, 62.00000
101.31250, 65.00000
101.62500, 68.00000
101.96875, 71.00000
102.31250, 72.00000
102.62500, 71.00000
102.96875, 70.00000
103.46875, 68.00000
103.96875, 67.00000
104.46875, 65.00000
104.96875, 63.00000
105.46875, 58.00000
105.96875, 61.00000
106.46875, 59.00000
106.96875, 60.00000
107.46875, 68.00000
108.46875, 67.00000
108.71875, 65.00000
108.96875, 64.00000
109.46875, 55.00000
109.96875, 58.00000
110.46875, 61.00000
110.96875, 60.00000
111.46875, 58.00000
111.96875, 57.00000
112.21875, 60.00000
112.46875, 63.00000
112.71875, 67.00000
112.96875, 74.00000
113.46875, 72.00000
pattern8
occurrence1
2.50000, 58.00000
3.00000, 62.00000
3.50000, 65.00000
4.00000, 63.00000
occurrence2
46.50000, 55.00000
47.00000, 58.00000
47.50000, 61.00000
48.00000, 60.00000
occurrence3
109.46875, 55.00000
109.96875, 58.00000
110.46875, 61.00000
110.96875, 60.00000
pattern9
occurrence1
49.00000, 57.00000
49.25000, 60.00000
49.50000, 63.00000
49.75000, 67.00000
occurrence2
88.96875, 56.00000
89.21875, 60.00000
89.46875, 63.00000
89.71875, 67.00000
occurrence3
89.21875, 60.00000
89.46875, 63.00000
89.71875, 67.00000
89.96875, 70.00000
occurrence4
111.96875, 57.00000
112.21875, 60.00000
112.46875, 63.00000
112.71875, 67.00000
pattern10
occurrence1
14.00000, 67.00000
14.50000, 65.00000
15.00000, 64.00000
15.50000, 62.00000
15.75000, 61.00000
16.00000, 60.00000
16.50000, 58.00000
17.00000, 57.00000
17.34375, 60.00000
17.65625, 63.00000
18.00000, 74.00000
18.50000, 71.00000
19.00000, 72.00000
19.50000, 79.00000
20.00000, 70.00000
20.50000, 67.00000
21.00000, 68.00000
21.50000, 78.00000
22.50000, 74.00000
22.62500, 72.00000
22.75000, 70.00000
22.87500, 69.00000
23.00000, 68.00000
24.50000, 66.00000
25.00000, 67.00000
25.34375, 70.00000
25.65625, 74.00000
26.00000, 77.00000
26.50000, 75.00000
27.00000, 74.00000
27.50000, 72.00000
28.00000, 70.00000
28.50000, 69.00000
29.00000, 68.00000
29.50000, 60.00000
30.00000, 67.00000
31.00000, 70.00000
32.00000, 65.00000
32.50000, 65.00000
33.00000, 65.00000
33.50000, 65.00000
34.00000, 65.00000
37.50000, 63.00000
38.00000, 66.00000
occurrence2
29.50000, 60.00000
30.00000, 67.00000
31.00000, 70.00000
32.00000, 65.00000
32.50000, 65.00000
33.00000, 65.00000
33.50000, 65.00000
34.00000, 65.00000
37.50000, 63.00000
38.00000, 66.00000
38.50000, 67.00000
39.00000, 68.00000
39.50000, 69.00000
40.00000, 70.00000
40.50000, 68.00000
41.00000, 67.00000
41.15625, 68.00000
41.34375, 67.00000
41.50000, 65.00000
42.00000, 63.00000
42.50000, 58.00000
43.00000, 61.00000
43.50000, 60.00000
44.50000, 58.00000
45.00000, 56.00000
45.50000, 55.00000
45.75000, 53.00000
46.00000, 52.00000
46.50000, 55.00000
47.00000, 58.00000
47.50000, 61.00000
48.00000, 60.00000
48.50000, 58.00000
49.00000, 57.00000
49.25000, 60.00000
49.50000, 63.00000
49.75000, 67.00000
50.00000, 74.00000
50.50000, 72.00000
53.50000, 60.00000
occurrence3
30.00000, 67.00000
31.00000, 70.00000
32.00000, 65.00000
32.50000, 65.00000
33.00000, 65.00000
33.50000, 65.00000
34.00000, 65.00000
37.50000, 63.00000
38.00000, 66.00000
38.50000, 67.00000
39.00000, 68.00000
39.50000, 69.00000
40.00000, 70.00000
40.50000, 68.00000
41.00000, 67.00000
41.15625, 68.00000
41.34375, 67.00000
41.50000, 65.00000
42.00000, 63.00000
42.50000, 58.00000
43.00000, 61.00000
43.50000, 60.00000
44.50000, 58.00000
45.00000, 56.00000
45.50000, 55.00000
45.75000, 53.00000
46.00000, 52.00000
46.50000, 55.00000
47.00000, 58.00000
47.50000, 61.00000
48.00000, 60.00000
48.50000, 58.00000
49.00000, 57.00000
49.25000, 60.00000
49.50000, 63.00000
49.75000, 67.00000
50.00000, 74.00000
50.50000, 72.00000
53.50000, 60.00000
54.00000, 67.00000
occurrence4
31.00000, 70.00000
32.00000, 65.00000
32.50000, 65.00000
33.00000, 65.00000
33.50000, 65.00000
34.00000, 65.00000
37.50000, 63.00000
38.00000, 66.00000
38.50000, 67.00000
39.00000, 68.00000
39.50000, 69.00000
40.00000, 70.00000
40.50000, 68.00000
41.00000, 67.00000
41.15625, 68.00000
41.34375, 67.00000
41.50000, 65.00000
42.00000, 63.00000
42.50000, 58.00000
43.00000, 61.00000
43.50000, 60.00000
44.50000, 58.00000
45.00000, 56.00000
45.50000, 55.00000
45.75000, 53.00000
46.00000, 52.00000
46.50000, 55.00000
47.00000, 58.00000
47.50000, 61.00000
48.00000, 60.00000
48.50000, 58.00000
49.00000, 57.00000
49.25000, 60.00000
49.50000, 63.00000
49.75000, 67.00000
50.00000, 74.00000
50.50000, 72.00000
53.50000, 60.00000
54.00000, 67.00000
55.00000, 70.00000
occurrence5
32.50000, 65.00000
33.00000, 65.00000
33.50000, 65.00000
34.00000, 65.00000
37.50000, 63.00000
38.00000, 66.00000
38.50000, 67.00000
39.00000, 68.00000
39.50000, 69.00000
40.00000, 70.00000
40.50000, 68.00000
41.00000, 67.00000
41.15625, 68.00000
41.34375, 67.00000
41.50000, 65.00000
42.00000, 63.00000
42.50000, 58.00000
43.00000, 61.00000
43.50000, 60.00000
44.50000, 58.00000
45.00000, 56.00000
45.50000, 55.00000
45.75000, 53.00000
46.00000, 52.00000
46.50000, 55.00000
47.00000, 58.00000
47.50000, 61.00000
48.00000, 60.00000
48.50000, 58.00000
49.00000, 57.00000
49.25000, 60.00000
49.50000, 63.00000
49.75000, 67.00000
50.00000, 74.00000
50.50000, 72.00000
53.50000, 60.00000
54.00000, 67.00000
55.00000, 70.00000
55.50000, 68.00000
56.00000, 67.00000
56.50000, 65.00000
occurrence6
78.96875, 70.00000
79.46875, 74.00000
80.96875, 72.00000
81.15625, 74.00000
81.31250, 72.00000
81.46875, 70.00000
81.96875, 69.00000
82.46875, 67.00000
82.96875, 65.00000
83.46875, 64.00000
83.96875, 63.00000
84.46875, 67.00000
84.96875, 62.00000
85.46875, 60.00000
85.96875, 65.00000
86.46875, 63.00000
86.96875, 62.00000
87.46875, 60.00000
87.96875, 63.00000
88.46875, 55.00000
88.96875, 56.00000
89.21875, 60.00000
89.46875, 63.00000
89.71875, 67.00000
89.96875, 70.00000
90.46875, 68.00000
90.96875, 63.00000
91.31250, 60.00000
91.65625, 56.00000
91.96875, 67.00000
92.46875, 66.00000
97.46875, 62.00000
98.96875, 65.00000
99.46875, 62.00000
99.96875, 63.00000
100.46875, 61.00000
100.96875, 62.00000
101.31250, 65.00000
101.62500, 68.00000
101.96875, 71.00000
102.31250, 72.00000
102.62500, 71.00000
102.96875, 70.00000
occurrence7
84.46875, 67.00000
84.96875, 62.00000
85.46875, 60.00000
85.96875, 65.00000
86.46875, 63.00000
86.96875, 62.00000
87.46875, 60.00000
87.96875, 63.00000
88.46875, 55.00000
88.96875, 56.00000
89.21875, 60.00000
89.46875, 63.00000
89.71875, 67.00000
89.96875, 70.00000
90.46875, 68.00000
90.96875, 63.00000
91.31250, 60.00000
91.65625, 56.00000
91.96875, 67.00000
92.46875, 66.00000
97.46875, 62.00000
98.96875, 65.00000
99.46875, 62.00000
99.96875, 63.00000
100.46875, 61.00000
100.96875, 62.00000
101.31250, 65.00000
101.62500, 68.00000
101.96875, 71.00000
102.31250, 72.00000
102.62500, 71.00000
102.96875, 70.00000
103.46875, 68.00000
103.96875, 67.00000
104.46875, 65.00000
104.96875, 63.00000
105.46875, 58.00000
105.96875, 61.00000
106.46875, 59.00000
106.96875, 60.00000
107.46875, 68.00000
108.46875, 67.00000
occurrence8
100.96875, 62.00000
101.31250, 65.00000
101.62500, 68.00000
101.96875, 71.00000
102.31250, 72.00000
102.62500, 71.00000
102.96875, 70.00000
103.46875, 68.00000
103.96875, 67.00000
104.46875, 65.00000
104.96875, 63.00000
105.46875, 58.00000
105.96875, 61.00000
106.46875, 59.00000
106.96875, 60.00000
107.46875, 68.00000
108.46875, 67.00000
108.71875, 65.00000
108.96875, 64.00000
109.46875, 55.00000
109.96875, 58.00000
110.46875, 61.00000
110.96875, 60.00000
111.46875, 58.00000
111.96875, 57.00000
112.21875, 60.00000
112.46875, 63.00000
112.71875, 67.00000
112.96875, 74.00000
113.46875, 72.00000
117.96875, 70.00000
118.46875, 72.00000
118.96875, 75.00000
119.46875, 73.00000
120.46875, 75.00000
120.71875, 73.00000
120.96875, 70.00000
121.46875, 72.00000
121.96875, 70.00000
122.46875, 69.00000
122.96875, 68.00000
123.46875, 67.00000
123.96875, 65.00000
124.46875, 63.00000
124.96875, 62.00000
occurrence9
101.31250, 65.00000
101.62500, 68.00000
101.96875, 71.00000
102.31250, 72.00000
102.62500, 71.00000
102.96875, 70.00000
103.46875, 68.00000
103.96875, 67.00000
104.46875, 65.00000
104.96875, 63.00000
105.46875, 58.00000
105.96875, 61.00000
106.46875, 59.00000
106.96875, 60.00000
107.46875, 68.00000
108.46875, 67.00000
108.71875, 65.00000
108.96875, 64.00000
109.46875, 55.00000
109.96875, 58.00000
110.46875, 61.00000
110.96875, 60.00000
111.46875, 58.00000
111.96875, 57.00000
112.21875, 60.00000
112.46875, 63.00000
112.71875, 67.00000
112.96875, 74.00000
113.46875, 72.00000
117.96875, 70.00000
118.46875, 72.00000
118.96875, 75.00000
119.46875, 73.00000
120.46875, 75.00000
120.71875, 73.00000
120.96875, 70.00000
121.46875, 72.00000
121.96875, 70.00000
122.46875, 69.00000
122.96875, 68.00000
123.46875, 67.00000
123.96875, 65.00000
124.46875, 63.00000
124.96875, 62.00000
125.31250, 65.00000
occurrence10
101.62500, 68.00000
101.96875, 71.00000
102.31250, 72.00000
102.62500, 71.00000
102.96875, 70.00000
103.46875, 68.00000
103.96875, 67.00000
104.46875, 65.00000
104.96875, 63.00000
105.46875, 58.00000
105.96875, 61.00000
106.46875, 59.00000
106.96875, 60.00000
107.46875, 68.00000
108.46875, 67.00000
108.71875, 65.00000
108.96875, 64.00000
109.46875, 55.00000
109.96875, 58.00000
110.46875, 61.00000
110.96875, 60.00000
111.46875, 58.00000
111.96875, 57.00000
112.21875, 60.00000
112.46875, 63.00000
112.71875, 67.00000
112.96875, 74.00000
113.46875, 72.00000
117.96875, 70.00000
118.46875, 72.00000
118.96875, 75.00000
119.46875, 73.00000
120.46875, 75.00000
120.71875, 73.00000
120.96875, 70.00000
121.46875, 72.00000
121.96875, 70.00000
122.46875, 69.00000
122.96875, 68.00000
123.46875, 67.00000
123.96875, 65.00000
124.46875, 63.00000
124.96875, 62.00000
125.31250, 65.00000
125.62500, 68.00000
occurrence11
101.96875, 71.00000
102.31250, 72.00000
102.62500, 71.00000
102.96875, 70.00000
103.46875, 68.00000
103.96875, 67.00000
104.46875, 65.00000
104.96875, 63.00000
105.46875, 58.00000
105.96875, 61.00000
106.46875, 59.00000
106.96875, 60.00000
107.46875, 68.00000
108.46875, 67.00000
108.71875, 65.00000
108.96875, 64.00000
109.46875, 55.00000
109.96875, 58.00000
110.46875, 61.00000
110.96875, 60.00000
111.46875, 58.00000
111.96875, 57.00000
112.21875, 60.00000
112.46875, 63.00000
112.71875, 67.00000
112.96875, 74.00000
113.46875, 72.00000
117.96875, 70.00000
118.46875, 72.00000
118.96875, 75.00000
119.46875, 73.00000
120.46875, 75.00000
120.71875, 73.00000
120.96875, 70.00000
121.46875, 72.00000
121.96875, 70.00000
122.46875, 69.00000
122.96875, 68.00000
123.46875, 67.00000
123.96875, 65.00000
124.46875, 63.00000
124.96875, 62.00000
125.31250, 65.00000
125.62500, 68.00000
125.96875, 71.00000
occurrence12
102.62500, 71.00000
102.96875, 70.00000
103.46875, 68.00000
103.96875, 67.00000
104.46875, 65.00000
104.96875, 63.00000
105.46875, 58.00000
105.96875, 61.00000
106.46875, 59.00000
106.96875, 60.00000
107.46875, 68.00000
108.46875, 67.00000
108.71875, 65.00000
108.96875, 64.00000
109.46875, 55.00000
109.96875, 58.00000
110.46875, 61.00000
110.96875, 60.00000
111.46875, 58.00000
111.96875, 57.00000
112.21875, 60.00000
112.46875, 63.00000
112.71875, 67.00000
112.96875, 74.00000
113.46875, 72.00000
117.96875, 70.00000
118.46875, 72.00000
118.96875, 75.00000
119.46875, 73.00000
120.46875, 75.00000
120.71875, 73.00000
120.96875, 70.00000
121.46875, 72.00000
121.96875, 70.00000
122.46875, 69.00000
122.96875, 68.00000
123.46875, 67.00000
123.96875, 65.00000
124.46875, 63.00000
124.96875, 62.00000
125.31250, 65.00000
125.62500, 68.00000
125.96875, 71.00000
126.28125, 73.00000
126.62500, 71.00000
pattern11
occurrence1
6.50000, 57.00000
7.00000, 58.00000
occurrence2
18.50000, 71.00000
19.00000, 72.00000
occurrence3
20.50000, 67.00000
21.00000, 68.00000
occurrence4
38.50000, 67.00000
39.00000, 68.00000
occurrence5
39.50000, 69.00000
40.00000, 70.00000
occurrence6
64.50000, 59.00000
65.00000, 60.00000
occurrence7
88.46875, 55.00000
88.96875, 56.00000
occurrence8
99.46875, 62.00000
99.96875, 63.00000
occurrence9
106.46875, 59.00000
106.96875, 60.00000
occurrence10
117.96875, 70.00000
118.46875, 72.00000
occurrence11
120.96875, 70.00000
121.46875, 72.00000
pattern12
occurrence1
4.00000, 63.00000
4.50000, 58.00000
occurrence2
22.50000, 74.00000
22.62500, 72.00000
22.75000, 70.00000
22.87500, 69.00000
23.00000, 68.00000
occurrence3
42.00000, 63.00000
42.50000, 58.00000
occurrence4
57.00000, 63.00000
57.50000, 58.00000
occurrence5
69.96875, 78.00000
70.46875, 74.00000
occurrence6
84.46875, 67.00000
84.96875, 62.00000
occurrence7
90.46875, 68.00000
90.96875, 63.00000
occurrence8
104.96875, 63.00000
105.46875, 58.00000
occurrence9
120.46875, 75.00000
120.71875, 73.00000
120.96875, 70.00000
pattern13
occurrence1
17.00000, 57.00000
17.34375, 60.00000
17.65625, 63.00000
occurrence2
25.00000, 67.00000
25.34375, 70.00000
25.65625, 74.00000
occurrence3
25.34375, 70.00000
25.65625, 74.00000
26.00000, 77.00000
occurrence4
65.00000, 60.00000
65.34375, 63.00000
65.65625, 67.00000
occurrence5
65.34375, 63.00000
65.65625, 67.00000
66.00000, 70.00000
occurrence6
69.00000, 68.00000
69.31250, 71.00000
69.65625, 75.00000
occurrence7
91.31250, 60.00000
91.65625, 56.00000
91.96875, 67.00000
occurrence8
100.96875, 62.00000
101.31250, 65.00000
101.62500, 68.00000
occurrence9
124.96875, 62.00000
125.31250, 65.00000
125.62500, 68.00000
pattern14
occurrence1
17.34375, 60.00000
17.65625, 63.00000
18.00000, 74.00000
18.50000, 71.00000
19.00000, 72.00000
19.50000, 79.00000
20.00000, 70.00000
20.50000, 67.00000
21.00000, 68.00000
21.50000, 78.00000
22.50000, 74.00000
22.62500, 72.00000
22.75000, 70.00000
22.87500, 69.00000
23.00000, 68.00000
24.50000, 66.00000
25.00000, 67.00000
25.34375, 70.00000
25.65625, 74.00000
26.00000, 77.00000
26.50000, 75.00000
27.00000, 74.00000
27.50000, 72.00000
28.00000, 70.00000
28.50000, 69.00000
29.00000, 68.00000
29.50000, 60.00000
30.00000, 67.00000
31.00000, 70.00000
32.00000, 65.00000
32.50000, 65.00000
33.00000, 65.00000
33.50000, 65.00000
34.00000, 65.00000
37.50000, 63.00000
38.00000, 66.00000
38.50000, 67.00000
39.00000, 68.00000
39.50000, 69.00000
40.00000, 70.00000
40.50000, 68.00000
41.00000, 67.00000
41.15625, 68.00000
41.34375, 67.00000
41.50000, 65.00000
42.00000, 63.00000
42.50000, 58.00000
43.00000, 61.00000
43.50000, 60.00000
44.50000, 58.00000
occurrence2
41.34375, 67.00000
41.50000, 65.00000
42.00000, 63.00000
42.50000, 58.00000
43.00000, 61.00000
43.50000, 60.00000
44.50000, 58.00000
45.00000, 56.00000
45.50000, 55.00000
45.75000, 53.00000
46.00000, 52.00000
46.50000, 55.00000
47.00000, 58.00000
47.50000, 61.00000
48.00000, 60.00000
48.50000, 58.00000
49.00000, 57.00000
49.25000, 60.00000
49.50000, 63.00000
49.75000, 67.00000
50.00000, 74.00000
50.50000, 72.00000
53.50000, 60.00000
54.00000, 67.00000
55.00000, 70.00000
55.50000, 68.00000
56.00000, 67.00000
56.50000, 65.00000
57.00000, 63.00000
57.50000, 58.00000
58.00000, 59.00000
59.00000, 56.00000
59.50000, 54.00000
60.00000, 55.00000
60.50000, 63.00000
64.50000, 59.00000
65.00000, 60.00000
65.34375, 63.00000
65.65625, 67.00000
66.00000, 70.00000
66.50000, 68.00000
68.50000, 65.00000
occurrence3
64.50000, 59.00000
65.00000, 60.00000
65.34375, 63.00000
65.65625, 67.00000
66.00000, 70.00000
66.50000, 68.00000
68.50000, 65.00000
69.00000, 68.00000
69.31250, 71.00000
69.65625, 75.00000
69.96875, 78.00000
70.46875, 74.00000
72.46875, 77.00000
73.96875, 75.00000
74.46875, 74.00000
74.96875, 72.00000
75.15625, 74.00000
75.31250, 72.00000
75.46875, 71.00000
75.96875, 70.00000
76.46875, 68.00000
76.96875, 67.00000
77.46875, 65.00000
77.96875, 64.00000
78.46875, 67.00000
78.96875, 70.00000
79.46875, 74.00000
80.96875, 72.00000
81.15625, 74.00000
81.31250, 72.00000
81.46875, 70.00000
81.96875, 69.00000
82.46875, 67.00000
82.96875, 65.00000
83.46875, 64.00000
83.96875, 63.00000
84.46875, 67.00000
84.96875, 62.00000
85.46875, 60.00000
85.96875, 65.00000
86.46875, 63.00000
86.96875, 62.00000
87.46875, 60.00000
87.96875, 63.00000
88.46875, 55.00000
88.96875, 56.00000
89.21875, 60.00000
89.46875, 63.00000
89.71875, 67.00000
89.96875, 70.00000
90.46875, 68.00000
90.96875, 63.00000
91.31250, 60.00000
91.65625, 56.00000
occurrence4
75.15625, 74.00000
75.31250, 72.00000
75.46875, 71.00000
75.96875, 70.00000
76.46875, 68.00000
76.96875, 67.00000
77.46875, 65.00000
77.96875, 64.00000
78.46875, 67.00000
78.96875, 70.00000
79.46875, 74.00000
80.96875, 72.00000
81.15625, 74.00000
81.31250, 72.00000
81.46875, 70.00000
81.96875, 69.00000
82.46875, 67.00000
82.96875, 65.00000
83.46875, 64.00000
83.96875, 63.00000
84.46875, 67.00000
84.96875, 62.00000
85.46875, 60.00000
85.96875, 65.00000
86.46875, 63.00000
86.96875, 62.00000
87.46875, 60.00000
87.96875, 63.00000
88.46875, 55.00000
88.96875, 56.00000
89.21875, 60.00000
89.46875, 63.00000
89.71875, 67.00000
89.96875, 70.00000
90.46875, 68.00000
90.96875, 63.00000
91.31250, 60.00000
91.65625, 56.00000
91.96875, 67.00000
92.46875, 66.00000
97.46875, 62.00000
98.96875, 65.00000
99.46875, 62.00000
99.96875, 63.00000
100.46875, 61.00000
100.96875, 62.00000
101.31250, 65.00000
101.62500, 68.00000
101.96875, 71.00000
102.31250, 72.00000
pattern15
occurrence1
12.50000, 74.00000
12.75000, 72.00000
13.00000, 70.00000
13.50000, 68.00000
14.00000, 67.00000
14.50000, 65.00000
15.00000, 64.00000
15.50000, 62.00000
15.75000, 61.00000
16.00000, 60.00000
16.50000, 58.00000
17.00000, 57.00000
17.34375, 60.00000
17.65625, 63.00000
18.00000, 74.00000
18.50000, 71.00000
19.00000, 72.00000
19.50000, 79.00000
20.00000, 70.00000
20.50000, 67.00000
21.00000, 68.00000
21.50000, 78.00000
22.50000, 74.00000
occurrence2
77.96875, 64.00000
78.46875, 67.00000
78.96875, 70.00000
79.46875, 74.00000
80.96875, 72.00000
81.15625, 74.00000
81.31250, 72.00000
81.46875, 70.00000
81.96875, 69.00000
82.46875, 67.00000
82.96875, 65.00000
83.46875, 64.00000
83.96875, 63.00000
84.46875, 67.00000
84.96875, 62.00000
85.46875, 60.00000
85.96875, 65.00000
86.46875, 63.00000
86.96875, 62.00000
87.46875, 60.00000
87.96875, 63.00000
pattern16
occurrence1
22.75000, 70.00000
22.87500, 69.00000
23.00000, 68.00000
24.50000, 66.00000
25.00000, 67.00000
25.34375, 70.00000
25.65625, 74.00000
26.00000, 77.00000
26.50000, 75.00000
27.00000, 74.00000
27.50000, 72.00000
28.00000, 70.00000
28.50000, 69.00000
29.00000, 68.00000
29.50000, 60.00000
30.00000, 67.00000
31.00000, 70.00000
32.00000, 65.00000
32.50000, 65.00000
33.00000, 65.00000
33.50000, 65.00000
34.00000, 65.00000
37.50000, 63.00000
38.00000, 66.00000
38.50000, 67.00000
39.00000, 68.00000
39.50000, 69.00000
40.00000, 70.00000
40.50000, 68.00000
41.00000, 67.00000
41.15625, 68.00000
41.34375, 67.00000
41.50000, 65.00000
42.00000, 63.00000
42.50000, 58.00000
43.00000, 61.00000
43.50000, 60.00000
44.50000, 58.00000
45.00000, 56.00000
45.50000, 55.00000
45.75000, 53.00000
46.00000, 52.00000
46.50000, 55.00000
47.00000, 58.00000
47.50000, 61.00000
48.00000, 60.00000
48.50000, 58.00000
49.00000, 57.00000
49.25000, 60.00000
49.50000, 63.00000
49.75000, 67.00000
50.00000, 74.00000
50.50000, 72.00000
53.50000, 60.00000
54.00000, 67.00000
55.00000, 70.00000
55.50000, 68.00000
56.00000, 67.00000
56.50000, 65.00000
57.00000, 63.00000
57.50000, 58.00000
58.00000, 59.00000
59.00000, 56.00000
59.50000, 54.00000
60.00000, 55.00000
60.50000, 63.00000
64.50000, 59.00000
65.00000, 60.00000
65.34375, 63.00000
65.65625, 67.00000
66.00000, 70.00000
66.50000, 68.00000
68.50000, 65.00000
69.00000, 68.00000
69.31250, 71.00000
69.65625, 75.00000
69.96875, 78.00000
70.46875, 74.00000
72.46875, 77.00000
73.96875, 75.00000
74.46875, 74.00000
74.96875, 72.00000
75.15625, 74.00000
75.31250, 72.00000
75.46875, 71.00000
75.96875, 70.00000
76.46875, 68.00000
76.96875, 67.00000
77.46875, 65.00000
77.96875, 64.00000
78.46875, 67.00000
78.96875, 70.00000
79.46875, 74.00000
80.96875, 72.00000
81.15625, 74.00000
81.31250, 72.00000
81.46875, 70.00000
81.96875, 69.00000
82.46875, 67.00000
82.96875, 65.00000
occurrence2
49.25000, 60.00000
49.50000, 63.00000
49.75000, 67.00000
50.00000, 74.00000
50.50000, 72.00000
53.50000, 60.00000
54.00000, 67.00000
55.00000, 70.00000
55.50000, 68.00000
56.00000, 67.00000
56.50000, 65.00000
57.00000, 63.00000
57.50000, 58.00000
58.00000, 59.00000
59.00000, 56.00000
59.50000, 54.00000
60.00000, 55.00000
60.50000, 63.00000
64.50000, 59.00000
65.00000, 60.00000
65.34375, 63.00000
65.65625, 67.00000
66.00000, 70.00000
66.50000, 68.00000
68.50000, 65.00000
69.00000, 68.00000
69.31250, 71.00000
69.65625, 75.00000
69.96875, 78.00000
70.46875, 74.00000
72.46875, 77.00000
73.96875, 75.00000
74.46875, 74.00000
74.96875, 72.00000
75.15625, 74.00000
75.31250, 72.00000
75.46875, 71.00000
75.96875, 70.00000
76.46875, 68.00000
76.96875, 67.00000
77.46875, 65.00000
77.96875, 64.00000
78.46875, 67.00000
78.96875, 70.00000
79.46875, 74.00000
80.96875, 72.00000
81.15625, 74.00000
81.31250, 72.00000
81.46875, 70.00000
81.96875, 69.00000
82.46875, 67.00000
82.96875, 65.00000
83.46875, 64.00000
83.96875, 63.00000
84.46875, 67.00000
84.96875, 62.00000
85.46875, 60.00000
85.96875, 65.00000
86.46875, 63.00000
86.96875, 62.00000
87.46875, 60.00000
87.96875, 63.00000
88.46875, 55.00000
88.96875, 56.00000
89.21875, 60.00000
89.46875, 63.00000
89.71875, 67.00000
89.96875, 70.00000
90.46875, 68.00000
90.96875, 63.00000
91.31250, 60.00000
91.65625, 56.00000
91.96875, 67.00000
92.46875, 66.00000
97.46875, 62.00000
98.96875, 65.00000
99.46875, 62.00000
99.96875, 63.00000
100.46875, 61.00000
100.96875, 62.00000
101.31250, 65.00000
101.62500, 68.00000
101.96875, 71.00000
102.31250, 72.00000
102.62500, 71.00000
102.96875, 70.00000
103.46875, 68.00000
103.96875, 67.00000
104.46875, 65.00000
104.96875, 63.00000
105.46875, 58.00000
105.96875, 61.00000
106.46875, 59.00000
106.96875, 60.00000
107.46875, 68.00000
108.46875, 67.00000
108.71875, 65.00000
108.96875, 64.00000
109.46875, 55.00000
pattern17
occurrence1
0.50000, 60.00000
0.75000, 59.00000
1.00000, 58.00000
1.50000, 56.00000
2.00000, 55.00000
2.50000, 58.00000
3.00000, 62.00000
3.50000, 65.00000
4.00000, 63.00000
4.50000, 58.00000
5.00000, 61.00000
5.50000, 59.00000
6.50000, 57.00000
7.00000, 58.00000
7.50000, 56.00000
8.00000, 55.00000
12.50000, 74.00000
12.75000, 72.00000
13.00000, 70.00000
13.50000, 68.00000
14.00000, 67.00000
14.50000, 65.00000
15.00000, 64.00000
15.50000, 62.00000
15.75000, 61.00000
16.00000, 60.00000
16.50000, 58.00000
17.00000, 57.00000
17.34375, 60.00000
17.65625, 63.00000
18.00000, 74.00000
18.50000, 71.00000
19.00000, 72.00000
19.50000, 79.00000
20.00000, 70.00000
20.50000, 67.00000
21.00000, 68.00000
21.50000, 78.00000
22.50000, 74.00000
22.62500, 72.00000
22.75000, 70.00000
22.87500, 69.00000
23.00000, 68.00000
24.50000, 66.00000
25.00000, 67.00000
25.34375, 70.00000
25.65625, 74.00000
26.00000, 77.00000
26.50000, 75.00000
27.00000, 74.00000
27.50000, 72.00000
28.00000, 70.00000
28.50000, 69.00000
29.00000, 68.00000
29.50000, 60.00000
30.00000, 67.00000
31.00000, 70.00000
32.00000, 65.00000
32.50000, 65.00000
33.00000, 65.00000
33.50000, 65.00000
34.00000, 65.00000
37.50000, 63.00000
38.00000, 66.00000
38.50000, 67.00000
39.00000, 68.00000
39.50000, 69.00000
40.00000, 70.00000
40.50000, 68.00000
41.00000, 67.00000
41.15625, 68.00000
41.34375, 67.00000
41.50000, 65.00000
42.00000, 63.00000
42.50000, 58.00000
43.00000, 61.00000
43.50000, 60.00000
44.50000, 58.00000
45.00000, 56.00000
45.50000, 55.00000
45.75000, 53.00000
46.00000, 52.00000
46.50000, 55.00000
47.00000, 58.00000
47.50000, 61.00000
48.00000, 60.00000
48.50000, 58.00000
49.00000, 57.00000
49.25000, 60.00000
49.50000, 63.00000
49.75000, 67.00000
50.00000, 74.00000
50.50000, 72.00000
53.50000, 60.00000
54.00000, 67.00000
55.00000, 70.00000
55.50000, 68.00000
56.00000, 67.00000
56.50000, 65.00000
57.00000, 63.00000
57.50000, 58.00000
58.00000, 59.00000
59.00000, 56.00000
59.50000, 54.00000
60.00000, 55.00000
60.50000, 63.00000
64.50000, 59.00000
65.00000, 60.00000
65.34375, 63.00000
65.65625, 67.00000
66.00000, 70.00000
66.50000, 68.00000
68.50000, 65.00000
69.00000, 68.00000
69.31250, 71.00000
69.65625, 75.00000
69.96875, 78.00000
70.46875, 74.00000
72.46875, 77.00000
73.96875, 75.00000
74.46875, 74.00000
74.96875, 72.00000
75.15625, 74.00000
75.31250, 72.00000
75.46875, 71.00000
75.96875, 70.00000
76.46875, 68.00000
76.96875, 67.00000
77.46875, 65.00000
77.96875, 64.00000
78.46875, 67.00000
78.96875, 70.00000
79.46875, 74.00000
80.96875, 72.00000
81.15625, 74.00000
81.31250, 72.00000
81.46875, 70.00000
81.96875, 69.00000
82.46875, 67.00000
82.96875, 65.00000
83.46875, 64.00000
83.96875, 63.00000
84.46875, 67.00000
84.96875, 62.00000
85.46875, 60.00000
85.96875, 65.00000
86.46875, 63.00000
86.96875, 62.00000
87.46875, 60.00000
87.96875, 63.00000
88.46875, 55.00000
88.96875, 56.00000
89.21875, 60.00000
89.46875, 63.00000
89.71875, 67.00000
89.96875, 70.00000
90.46875, 68.00000
90.96875, 63.00000
91.31250, 60.00000
91.65625, 56.00000
91.96875, 67.00000
92.46875, 66.00000
97.46875, 62.00000
98.96875, 65.00000
99.46875, 62.00000
99.96875, 63.00000
100.46875, 61.00000
100.96875, 62.00000
101.31250, 65.00000
101.62500, 68.00000
101.96875, 71.00000
102.31250, 72.00000
102.62500, 71.00000
102.96875, 70.00000
103.46875, 68.00000
103.96875, 67.00000
104.46875, 65.00000
104.96875, 63.00000
105.46875, 58.00000
105.96875, 61.00000
106.46875, 59.00000
106.96875, 60.00000
107.46875, 68.00000
108.46875, 67.00000
108.71875, 65.00000
108.96875, 64.00000
109.46875, 55.00000
109.96875, 58.00000
110.46875, 61.00000
110.96875, 60.00000
111.46875, 58.00000
111.96875, 57.00000
112.21875, 60.00000
112.46875, 63.00000
112.71875, 67.00000
112.96875, 74.00000
113.46875, 72.00000
117.96875, 70.00000
118.46875, 72.00000
118.96875, 75.00000
119.46875, 73.00000
120.46875, 75.00000
120.71875, 73.00000
120.96875, 70.00000
121.46875, 72.00000
121.96875, 70.00000
122.46875, 69.00000
122.96875, 68.00000
123.46875, 67.00000
123.96875, 65.00000
124.46875, 63.00000
124.96875, 62.00000
125.31250, 65.00000
125.62500, 68.00000
125.96875, 71.00000
126.28125, 73.00000
126.62500, 71.00000
126.93750, 70.00000
127.43750, 68.00000
127.93750, 67.00000
128.43750, 58.00000
