pattern1
occurrence1
5.50000, 60.00000
6.00000, 62.00000
6.50000, 60.00000
7.00000, 59.00000
occurrence2
35.50000, 65.00000
36.00000, 67.00000
36.50000, 65.00000
37.00000, 64.00000
occurrence3
81.50000, 65.00000
82.00000, 67.00000
82.50000, 65.00000
83.00000, 64.00000
occurrence4
110.00000, 67.00000
110.50000, 69.00000
111.00000, 67.00000
111.50000, 65.00000
occurrence5
113.50000, 66.00000
114.00000, 67.00000
114.50000, 65.00000
115.00000, 64.00000
pattern2
occurrence1
4.50000, 62.00000
4.75000, 60.00000
5.00000, 59.00000
5.50000, 60.00000
6.00000, 62.00000
6.50000, 60.00000
occurrence2
12.50000, 74.00000
12.75000, 72.00000
13.00000, 71.00000
13.50000, 72.00000
14.00000, 74.00000
14.50000, 72.00000
occurrence3
22.50000, 68.00000
23.00000, 64.00000
23.50000, 60.00000
24.00000, 67.00000
24.50000, 65.00000
occurrence4
57.50000, 74.00000
57.75000, 72.00000
58.00000, 71.00000
58.50000, 72.00000
59.00000, 74.00000
59.50000, 72.00000
occurrence5
69.00000, 58.00000
69.50000, 55.00000
70.00000, 61.00000
70.50000, 58.00000
71.00000, 57.00000
pattern3
occurrence1
21.50000, 65.00000
21.75000, 69.00000
22.00000, 72.00000
22.50000, 68.00000
23.00000, 64.00000
23.50000, 60.00000
24.00000, 67.00000
24.50000, 65.00000
25.00000, 60.00000
25.50000, 62.00000
26.00000, 63.00000
26.50000, 60.00000
27.00000, 62.00000
31.50000, 64.00000
31.75000, 62.00000
32.00000, 59.00000
32.50000, 60.00000
33.00000, 62.00000
33.50000, 59.00000
34.00000, 60.00000
34.50000, 62.00000
35.00000, 64.00000
35.50000, 65.00000
36.00000, 67.00000
36.50000, 65.00000
37.00000, 64.00000
occurrence2
65.50000, 65.00000
66.00000, 62.00000
66.50000, 63.00000
67.00000, 64.00000
67.50000, 60.00000
68.00000, 61.00000
68.50000, 62.00000
69.00000, 58.00000
69.50000, 55.00000
70.00000, 61.00000
70.50000, 58.00000
71.00000, 57.00000
71.50000, 67.00000
72.00000, 65.00000
72.50000, 60.00000
73.00000, 62.00000
73.50000, 63.00000
79.50000, 60.00000
80.00000, 67.00000
80.15625, 68.00000
80.31250, 67.00000
80.50000, 65.00000
81.00000, 64.00000
occurrence3
68.50000, 62.00000
69.00000, 58.00000
69.50000, 55.00000
70.00000, 61.00000
70.50000, 58.00000
71.00000, 57.00000
71.50000, 67.00000
72.00000, 65.00000
72.50000, 60.00000
73.00000, 62.00000
73.50000, 63.00000
79.50000, 60.00000
80.00000, 67.00000
80.15625, 68.00000
80.31250, 67.00000
80.50000, 65.00000
81.00000, 64.00000
81.50000, 65.00000
82.00000, 67.00000
82.50000, 65.00000
83.00000, 64.00000
83.50000, 62.00000
84.00000, 61.00000
occurrence4
96.50000, 65.00000
97.00000, 62.00000
97.50000, 63.00000
98.00000, 64.00000
98.50000, 60.00000
105.00000, 67.00000
105.50000, 69.00000
106.00000, 72.00000
106.50000, 75.00000
107.00000, 74.00000
107.50000, 72.00000
108.50000, 70.00000
109.50000, 72.00000
109.75000, 70.00000
110.00000, 67.00000
110.50000, 69.00000
111.00000, 67.00000
111.50000, 65.00000
112.00000, 64.00000
occurrence5
136.46875, 65.00000
139.46875, 76.00000
139.65625, 74.00000
139.81250, 72.00000
139.96875, 69.00000
140.46875, 65.00000
140.96875, 62.00000
141.46875, 57.00000
141.96875, 60.00000
142.46875, 59.00000
144.46875, 67.00000
144.71875, 65.00000
144.96875, 64.00000
145.46875, 60.00000
147.46875, 62.00000
147.71875, 60.00000
147.96875, 59.00000
148.46875, 62.00000
148.96875, 65.00000
150.46875, 68.00000
150.96875, 67.00000
151.15625, 68.00000
151.31250, 67.00000
151.46875, 65.00000
151.96875, 64.00000
pattern4
occurrence1
12.00000, 72.00000
12.50000, 74.00000
12.75000, 72.00000
13.00000, 71.00000
occurrence2
57.00000, 72.00000
57.50000, 74.00000
57.75000, 72.00000
58.00000, 71.00000
occurrence3
86.00000, 70.00000
86.50000, 72.00000
86.75000, 70.00000
87.00000, 69.00000
occurrence4
133.96875, 70.00000
134.46875, 72.00000
134.71875, 70.00000
134.96875, 69.00000
pattern5
occurrence1
25.00000, 60.00000
25.50000, 62.00000
26.00000, 63.00000
26.50000, 60.00000
occurrence2
32.00000, 59.00000
32.50000, 60.00000
33.00000, 62.00000
33.50000, 59.00000
occurrence3
85.50000, 69.00000
86.00000, 70.00000
86.50000, 72.00000
86.75000, 70.00000
87.00000, 69.00000
occurrence4
133.46875, 69.00000
133.96875, 70.00000
134.46875, 72.00000
134.71875, 70.00000
134.96875, 69.00000
pattern6
occurrence1
39.00000, 69.00000
39.50000, 64.00000
40.00000, 67.00000
40.50000, 65.00000
occurrence2
87.00000, 69.00000
87.50000, 64.00000
88.00000, 67.00000
88.50000, 65.00000
occurrence3
134.96875, 69.00000
135.46875, 64.00000
135.96875, 67.00000
136.46875, 65.00000
occurrence4
140.96875, 62.00000
141.46875, 57.00000
141.96875, 60.00000
142.46875, 59.00000
pattern7
occurrence1
36.00000, 67.00000
36.50000, 65.00000
37.00000, 64.00000
37.50000, 62.00000
38.00000, 61.00000
occurrence2
82.00000, 67.00000
82.50000, 65.00000
83.00000, 64.00000
83.50000, 62.00000
84.00000, 61.00000
occurrence3
93.50000, 60.00000
94.00000, 59.00000
94.50000, 62.00000
95.00000, 56.00000
95.50000, 54.00000
occurrence4
129.96875, 79.00000
130.46875, 77.00000
130.96875, 76.00000
131.46875, 74.00000
131.96875, 73.00000
pattern8
occurrence1
36.00000, 67.00000
36.50000, 65.00000
37.00000, 64.00000
37.50000, 62.00000
38.00000, 61.00000
38.50000, 70.00000
39.00000, 69.00000
occurrence2
70.00000, 61.00000
70.50000, 58.00000
71.00000, 57.00000
71.50000, 67.00000
72.00000, 65.00000
72.50000, 60.00000
73.00000, 62.00000
occurrence3
114.00000, 67.00000
114.50000, 65.00000
115.00000, 64.00000
115.50000, 60.00000
116.00000, 62.00000
116.50000, 60.00000
117.00000, 69.00000
occurrence4
120.00000, 60.00000
120.50000, 58.00000
121.00000, 57.00000
121.25000, 60.00000
121.50000, 64.00000
121.75000, 67.00000
122.00000, 65.00000
122.50000, 60.00000
123.00000, 62.00000
pattern9
occurrence1
84.50000, 64.00000
85.00000, 67.00000
85.50000, 69.00000
86.00000, 70.00000
86.50000, 72.00000
86.75000, 70.00000
87.00000, 69.00000
87.50000, 64.00000
88.00000, 67.00000
88.50000, 65.00000
89.00000, 60.00000
89.31250, 57.00000
89.65625, 53.00000
90.00000, 64.00000
93.00000, 62.00000
occurrence2
105.00000, 67.00000
105.50000, 69.00000
106.00000, 72.00000
106.50000, 75.00000
107.00000, 74.00000
107.50000, 72.00000
108.50000, 70.00000
109.50000, 72.00000
109.75000, 70.00000
110.00000, 67.00000
110.50000, 69.00000
111.00000, 67.00000
111.50000, 65.00000
112.00000, 64.00000
113.00000, 65.00000
113.50000, 66.00000
occurrence3
132.46875, 64.00000
132.96875, 67.00000
133.46875, 69.00000
133.96875, 70.00000
134.46875, 72.00000
134.71875, 70.00000
134.96875, 69.00000
135.46875, 64.00000
135.96875, 67.00000
136.46875, 65.00000
139.46875, 76.00000
139.65625, 74.00000
139.81250, 72.00000
139.96875, 69.00000
140.46875, 65.00000
140.96875, 62.00000
pattern10
occurrence1
62.50000, 70.00000
63.00000, 69.00000
63.50000, 68.00000
64.00000, 67.00000
64.50000, 59.00000
65.00000, 60.00000
65.50000, 65.00000
66.00000, 62.00000
66.50000, 63.00000
67.00000, 64.00000
67.50000, 60.00000
68.00000, 61.00000
68.50000, 62.00000
69.00000, 58.00000
69.50000, 55.00000
70.00000, 61.00000
70.50000, 58.00000
71.00000, 57.00000
71.50000, 67.00000
72.00000, 65.00000
72.50000, 60.00000
occurrence2
111.00000, 67.00000
111.50000, 65.00000
112.00000, 64.00000
113.00000, 65.00000
113.50000, 66.00000
114.00000, 67.00000
114.50000, 65.00000
115.00000, 64.00000
115.50000, 60.00000
116.00000, 62.00000
116.50000, 60.00000
117.00000, 69.00000
117.15625, 70.00000
117.31250, 69.00000
117.50000, 66.00000
118.00000, 62.00000
118.50000, 58.00000
119.00000, 59.00000
119.50000, 61.00000
120.00000, 60.00000
120.50000, 58.00000
121.00000, 57.00000
occurrence3
129.96875, 79.00000
130.46875, 77.00000
130.96875, 76.00000
131.46875, 74.00000
131.96875, 73.00000
132.46875, 64.00000
132.96875, 67.00000
133.46875, 69.00000
133.96875, 70.00000
134.46875, 72.00000
134.71875, 70.00000
134.96875, 69.00000
135.46875, 64.00000
135.96875, 67.00000
136.46875, 65.00000
139.46875, 76.00000
139.65625, 74.00000
139.81250, 72.00000
139.96875, 69.00000
pattern11
occurrence1
15.50000, 67.00000
16.50000, 65.00000
17.00000, 64.00000
17.50000, 60.00000
18.00000, 61.00000
18.50000, 62.00000
19.00000, 58.00000
19.50000, 55.00000
20.00000, 60.00000
20.50000, 57.00000
21.00000, 58.00000
21.25000, 62.00000
21.50000, 65.00000
21.75000, 69.00000
22.00000, 72.00000
22.50000, 68.00000
23.00000, 64.00000
23.50000, 60.00000
24.00000, 67.00000
24.50000, 65.00000
25.00000, 60.00000
25.50000, 62.00000
26.00000, 63.00000
26.50000, 60.00000
27.00000, 62.00000
31.50000, 64.00000
31.75000, 62.00000
32.00000, 59.00000
32.50000, 60.00000
33.00000, 62.00000
33.50000, 59.00000
34.00000, 60.00000
34.50000, 62.00000
occurrence2
62.50000, 70.00000
63.00000, 69.00000
63.50000, 68.00000
64.00000, 67.00000
64.50000, 59.00000
65.00000, 60.00000
65.50000, 65.00000
66.00000, 62.00000
66.50000, 63.00000
67.00000, 64.00000
67.50000, 60.00000
68.00000, 61.00000
68.50000, 62.00000
69.00000, 58.00000
69.50000, 55.00000
70.00000, 61.00000
70.50000, 58.00000
71.00000, 57.00000
71.50000, 67.00000
72.00000, 65.00000
72.50000, 60.00000
73.00000, 62.00000
73.50000, 63.00000
79.50000, 60.00000
80.00000, 67.00000
80.15625, 68.00000
80.31250, 67.00000
80.50000, 65.00000
81.00000, 64.00000
81.50000, 65.00000
occurrence3
131.96875, 73.00000
132.46875, 64.00000
132.96875, 67.00000
133.46875, 69.00000
133.96875, 70.00000
134.46875, 72.00000
134.71875, 70.00000
134.96875, 69.00000
135.46875, 64.00000
135.96875, 67.00000
136.46875, 65.00000
139.46875, 76.00000
139.65625, 74.00000
139.81250, 72.00000
139.96875, 69.00000
140.46875, 65.00000
140.96875, 62.00000
141.46875, 57.00000
141.96875, 60.00000
142.46875, 59.00000
144.46875, 67.00000
144.71875, 65.00000
144.96875, 64.00000
145.46875, 60.00000
147.46875, 62.00000
147.71875, 60.00000
147.96875, 59.00000
148.46875, 62.00000
148.96875, 65.00000
150.46875, 68.00000
150.96875, 67.00000
pattern12
occurrence1
17.00000, 64.00000
17.50000, 60.00000
18.00000, 61.00000
18.50000, 62.00000
occurrence2
67.00000, 64.00000
67.50000, 60.00000
68.00000, 61.00000
68.50000, 62.00000
occurrence3
118.00000, 62.00000
118.50000, 58.00000
119.00000, 59.00000
119.50000, 61.00000
pattern13
occurrence1
20.50000, 57.00000
21.00000, 58.00000
21.25000, 62.00000
21.50000, 65.00000
21.75000, 69.00000
22.00000, 72.00000
22.50000, 68.00000
23.00000, 64.00000
23.50000, 60.00000
24.00000, 67.00000
24.50000, 65.00000
25.00000, 60.00000
25.50000, 62.00000
26.00000, 63.00000
26.50000, 60.00000
27.00000, 62.00000
31.50000, 64.00000
31.75000, 62.00000
32.00000, 59.00000
32.50000, 60.00000
33.00000, 62.00000
33.50000, 59.00000
34.00000, 60.00000
34.50000, 62.00000
35.00000, 64.00000
35.50000, 65.00000
36.00000, 67.00000
36.50000, 65.00000
37.00000, 64.00000
37.50000, 62.00000
38.00000, 61.00000
38.50000, 70.00000
39.00000, 69.00000
39.50000, 64.00000
40.00000, 67.00000
40.50000, 65.00000
41.00000, 60.00000
41.34375, 57.00000
41.65625, 53.00000
42.00000, 64.00000
42.50000, 62.00000
45.00000, 70.00000
45.25000, 68.00000
45.50000, 63.00000
45.65625, 60.00000
45.84375, 56.00000
46.00000, 67.00000
46.50000, 65.00000
50.00000, 65.00000
50.31250, 67.00000
50.65625, 67.00000
54.50000, 60.00000
55.00000, 66.00000
occurrence2
21.00000, 58.00000
21.25000, 62.00000
21.50000, 65.00000
21.75000, 69.00000
22.00000, 72.00000
22.50000, 68.00000
23.00000, 64.00000
23.50000, 60.00000
24.00000, 67.00000
24.50000, 65.00000
25.00000, 60.00000
25.50000, 62.00000
26.00000, 63.00000
26.50000, 60.00000
27.00000, 62.00000
31.50000, 64.00000
31.75000, 62.00000
32.00000, 59.00000
32.50000, 60.00000
33.00000, 62.00000
33.50000, 59.00000
34.00000, 60.00000
34.50000, 62.00000
35.00000, 64.00000
35.50000, 65.00000
36.00000, 67.00000
36.50000, 65.00000
37.00000, 64.00000
37.50000, 62.00000
38.00000, 61.00000
38.50000, 70.00000
39.00000, 69.00000
39.50000, 64.00000
40.00000, 67.00000
40.50000, 65.00000
41.00000, 60.00000
41.34375, 57.00000
41.65625, 53.00000
42.00000, 64.00000
42.50000, 62.00000
45.00000, 70.00000
45.25000, 68.00000
45.50000, 63.00000
45.65625, 60.00000
45.84375, 56.00000
46.00000, 67.00000
46.50000, 65.00000
50.00000, 65.00000
50.31250, 67.00000
50.65625, 67.00000
54.50000, 60.00000
55.00000, 66.00000
55.50000, 67.00000
occurrence3
24.50000, 65.00000
25.00000, 60.00000
25.50000, 62.00000
26.00000, 63.00000
26.50000, 60.00000
27.00000, 62.00000
31.50000, 64.00000
31.75000, 62.00000
32.00000, 59.00000
32.50000, 60.00000
33.00000, 62.00000
33.50000, 59.00000
34.00000, 60.00000
34.50000, 62.00000
35.00000, 64.00000
35.50000, 65.00000
36.00000, 67.00000
36.50000, 65.00000
37.00000, 64.00000
37.50000, 62.00000
38.00000, 61.00000
38.50000, 70.00000
39.00000, 69.00000
39.50000, 64.00000
40.00000, 67.00000
40.50000, 65.00000
41.00000, 60.00000
41.34375, 57.00000
41.65625, 53.00000
42.00000, 64.00000
42.50000, 62.00000
45.00000, 70.00000
45.25000, 68.00000
45.50000, 63.00000
45.65625, 60.00000
45.84375, 56.00000
46.00000, 67.00000
46.50000, 65.00000
50.00000, 65.00000
50.31250, 67.00000
50.65625, 67.00000
54.50000, 60.00000
55.00000, 66.00000
55.50000, 67.00000
56.00000, 72.00000
57.00000, 72.00000
57.50000, 74.00000
57.75000, 72.00000
58.00000, 71.00000
58.50000, 72.00000
59.00000, 74.00000
occurrence4
70.50000, 58.00000
71.00000, 57.00000
71.50000, 67.00000
72.00000, 65.00000
72.50000, 60.00000
73.00000, 62.00000
73.50000, 63.00000
79.50000, 60.00000
80.00000, 67.00000
80.15625, 68.00000
80.31250, 67.00000
80.50000, 65.00000
81.00000, 64.00000
81.50000, 65.00000
82.00000, 67.00000
82.50000, 65.00000
83.00000, 64.00000
83.50000, 62.00000
84.00000, 61.00000
84.50000, 64.00000
85.00000, 67.00000
85.50000, 69.00000
86.00000, 70.00000
86.50000, 72.00000
86.75000, 70.00000
87.00000, 69.00000
87.50000, 64.00000
88.00000, 67.00000
88.50000, 65.00000
89.00000, 60.00000
89.31250, 57.00000
89.65625, 53.00000
90.00000, 64.00000
93.00000, 62.00000
93.50000, 60.00000
94.00000, 59.00000
94.50000, 62.00000
95.00000, 56.00000
95.50000, 54.00000
96.00000, 55.00000
96.50000, 65.00000
97.00000, 62.00000
97.50000, 63.00000
98.00000, 64.00000
98.50000, 60.00000
105.00000, 67.00000
pattern14
occurrence1
7.50000, 60.00000
8.00000, 64.00000
8.50000, 67.00000
12.00000, 72.00000
12.50000, 74.00000
12.75000, 72.00000
13.00000, 71.00000
13.50000, 72.00000
14.00000, 74.00000
14.50000, 72.00000
15.00000, 69.00000
15.50000, 67.00000
16.50000, 65.00000
17.00000, 64.00000
17.50000, 60.00000
18.00000, 61.00000
occurrence2
21.25000, 62.00000
21.50000, 65.00000
21.75000, 69.00000
22.00000, 72.00000
22.50000, 68.00000
23.00000, 64.00000
23.50000, 60.00000
24.00000, 67.00000
24.50000, 65.00000
25.00000, 60.00000
25.50000, 62.00000
26.00000, 63.00000
26.50000, 60.00000
27.00000, 62.00000
31.50000, 64.00000
31.75000, 62.00000
occurrence3
23.50000, 60.00000
24.00000, 67.00000
24.50000, 65.00000
25.00000, 60.00000
25.50000, 62.00000
26.00000, 63.00000
26.50000, 60.00000
27.00000, 62.00000
31.50000, 64.00000
31.75000, 62.00000
32.00000, 59.00000
32.50000, 60.00000
33.00000, 62.00000
33.50000, 59.00000
34.00000, 60.00000
occurrence4
27.00000, 62.00000
31.50000, 64.00000
31.75000, 62.00000
32.00000, 59.00000
32.50000, 60.00000
33.00000, 62.00000
33.50000, 59.00000
34.00000, 60.00000
34.50000, 62.00000
35.00000, 64.00000
35.50000, 65.00000
36.00000, 67.00000
36.50000, 65.00000
37.00000, 64.00000
37.50000, 62.00000
occurrence5
31.50000, 64.00000
31.75000, 62.00000
32.00000, 59.00000
32.50000, 60.00000
33.00000, 62.00000
33.50000, 59.00000
34.00000, 60.00000
34.50000, 62.00000
35.00000, 64.00000
35.50000, 65.00000
36.00000, 67.00000
36.50000, 65.00000
37.00000, 64.00000
37.50000, 62.00000
38.00000, 61.00000
38.50000, 70.00000
39.00000, 69.00000
39.50000, 64.00000
40.00000, 67.00000
40.50000, 65.00000
41.00000, 60.00000
41.34375, 57.00000
41.65625, 53.00000
42.00000, 64.00000
occurrence6
35.00000, 64.00000
35.50000, 65.00000
36.00000, 67.00000
36.50000, 65.00000
37.00000, 64.00000
37.50000, 62.00000
38.00000, 61.00000
38.50000, 70.00000
39.00000, 69.00000
39.50000, 64.00000
40.00000, 67.00000
40.50000, 65.00000
41.00000, 60.00000
41.34375, 57.00000
41.65625, 53.00000
42.00000, 64.00000
42.50000, 62.00000
45.00000, 70.00000
45.25000, 68.00000
45.50000, 63.00000
occurrence7
54.50000, 60.00000
55.00000, 66.00000
55.50000, 67.00000
56.00000, 72.00000
57.00000, 72.00000
57.50000, 74.00000
57.75000, 72.00000
58.00000, 71.00000
58.50000, 72.00000
59.00000, 74.00000
59.50000, 72.00000
61.50000, 67.00000
62.00000, 71.00000
62.50000, 70.00000
63.00000, 69.00000
63.50000, 68.00000
64.00000, 67.00000
64.50000, 59.00000
65.00000, 60.00000
occurrence8
55.00000, 66.00000
55.50000, 67.00000
56.00000, 72.00000
57.00000, 72.00000
57.50000, 74.00000
57.75000, 72.00000
58.00000, 71.00000
58.50000, 72.00000
59.00000, 74.00000
59.50000, 72.00000
61.50000, 67.00000
62.00000, 71.00000
62.50000, 70.00000
63.00000, 69.00000
63.50000, 68.00000
64.00000, 67.00000
64.50000, 59.00000
65.00000, 60.00000
65.50000, 65.00000
occurrence9
71.50000, 67.00000
72.00000, 65.00000
72.50000, 60.00000
73.00000, 62.00000
73.50000, 63.00000
79.50000, 60.00000
80.00000, 67.00000
80.15625, 68.00000
80.31250, 67.00000
80.50000, 65.00000
81.00000, 64.00000
81.50000, 65.00000
82.00000, 67.00000
occurrence10
72.00000, 65.00000
72.50000, 60.00000
73.00000, 62.00000
73.50000, 63.00000
79.50000, 60.00000
80.00000, 67.00000
80.15625, 68.00000
80.31250, 67.00000
80.50000, 65.00000
81.00000, 64.00000
81.50000, 65.00000
82.00000, 67.00000
82.50000, 65.00000
occurrence11
73.00000, 62.00000
73.50000, 63.00000
79.50000, 60.00000
80.00000, 67.00000
80.15625, 68.00000
80.31250, 67.00000
80.50000, 65.00000
81.00000, 64.00000
81.50000, 65.00000
82.00000, 67.00000
82.50000, 65.00000
83.00000, 64.00000
83.50000, 62.00000
occurrence12
87.50000, 64.00000
88.00000, 67.00000
88.50000, 65.00000
89.00000, 60.00000
89.31250, 57.00000
89.65625, 53.00000
90.00000, 64.00000
93.00000, 62.00000
93.50000, 60.00000
94.00000, 59.00000
94.50000, 62.00000
95.00000, 56.00000
95.50000, 54.00000
96.00000, 55.00000
96.50000, 65.00000
97.00000, 62.00000
97.50000, 63.00000
98.00000, 64.00000
occurrence13
111.50000, 65.00000
112.00000, 64.00000
113.00000, 65.00000
113.50000, 66.00000
114.00000, 67.00000
114.50000, 65.00000
115.00000, 64.00000
115.50000, 60.00000
116.00000, 62.00000
116.50000, 60.00000
117.00000, 69.00000
117.15625, 70.00000
117.31250, 69.00000
117.50000, 66.00000
118.00000, 62.00000
118.50000, 58.00000
119.00000, 59.00000
119.50000, 61.00000
120.00000, 60.00000
120.50000, 58.00000
121.00000, 57.00000
121.25000, 60.00000
121.50000, 64.00000
121.75000, 67.00000
122.00000, 65.00000
occurrence14
129.31250, 72.00000
129.65625, 76.00000
129.96875, 79.00000
130.46875, 77.00000
130.96875, 76.00000
131.46875, 74.00000
131.96875, 73.00000
132.46875, 64.00000
132.96875, 67.00000
133.46875, 69.00000
133.96875, 70.00000
134.46875, 72.00000
134.71875, 70.00000
134.96875, 69.00000
135.46875, 64.00000
135.96875, 67.00000
136.46875, 65.00000
139.46875, 76.00000
139.65625, 74.00000
139.81250, 72.00000
pattern15
occurrence1
7.50000, 60.00000
8.00000, 64.00000
8.50000, 67.00000
occurrence2
54.50000, 60.00000
55.00000, 66.00000
55.50000, 67.00000
occurrence3
55.00000, 66.00000
55.50000, 67.00000
56.00000, 72.00000
occurrence4
64.50000, 59.00000
65.00000, 60.00000
65.50000, 65.00000
occurrence5
84.00000, 61.00000
84.50000, 64.00000
85.00000, 67.00000
occurrence6
96.00000, 55.00000
96.50000, 65.00000
97.00000, 62.00000
occurrence7
105.50000, 69.00000
106.00000, 72.00000
106.50000, 75.00000
occurrence8
116.00000, 62.00000
116.50000, 60.00000
117.00000, 69.00000
occurrence9
147.96875, 59.00000
148.46875, 62.00000
148.96875, 65.00000
pattern16
occurrence1
8.00000, 64.00000
8.50000, 67.00000
12.00000, 72.00000
12.50000, 74.00000
12.75000, 72.00000
13.00000, 71.00000
13.50000, 72.00000
14.00000, 74.00000
14.50000, 72.00000
15.00000, 69.00000
15.50000, 67.00000
16.50000, 65.00000
17.00000, 64.00000
17.50000, 60.00000
18.00000, 61.00000
18.50000, 62.00000
19.00000, 58.00000
19.50000, 55.00000
20.00000, 60.00000
occurrence2
26.00000, 63.00000
26.50000, 60.00000
27.00000, 62.00000
31.50000, 64.00000
31.75000, 62.00000
32.00000, 59.00000
32.50000, 60.00000
33.00000, 62.00000
33.50000, 59.00000
34.00000, 60.00000
34.50000, 62.00000
35.00000, 64.00000
35.50000, 65.00000
36.00000, 67.00000
36.50000, 65.00000
37.00000, 64.00000
37.50000, 62.00000
38.00000, 61.00000
occurrence3
61.50000, 67.00000
62.00000, 71.00000
62.50000, 70.00000
63.00000, 69.00000
63.50000, 68.00000
64.00000, 67.00000
64.50000, 59.00000
65.00000, 60.00000
65.50000, 65.00000
66.00000, 62.00000
66.50000, 63.00000
67.00000, 64.00000
67.50000, 60.00000
68.00000, 61.00000
68.50000, 62.00000
69.00000, 58.00000
69.50000, 55.00000
70.00000, 61.00000
70.50000, 58.00000
71.00000, 57.00000
71.50000, 67.00000
72.00000, 65.00000
72.50000, 60.00000
73.00000, 62.00000
73.50000, 63.00000
occurrence4
82.50000, 65.00000
83.00000, 64.00000
83.50000, 62.00000
84.00000, 61.00000
84.50000, 64.00000
85.00000, 67.00000
85.50000, 69.00000
86.00000, 70.00000
86.50000, 72.00000
86.75000, 70.00000
87.00000, 69.00000
87.50000, 64.00000
88.00000, 67.00000
88.50000, 65.00000
89.00000, 60.00000
89.31250, 57.00000
89.65625, 53.00000
90.00000, 64.00000
93.00000, 62.00000
93.50000, 60.00000
94.00000, 59.00000
94.50000, 62.00000
occurrence5
105.50000, 69.00000
106.00000, 72.00000
106.50000, 75.00000
107.00000, 74.00000
107.50000, 72.00000
108.50000, 70.00000
109.50000, 72.00000
109.75000, 70.00000
110.00000, 67.00000
110.50000, 69.00000
111.00000, 67.00000
111.50000, 65.00000
112.00000, 64.00000
113.00000, 65.00000
113.50000, 66.00000
114.00000, 67.00000
114.50000, 65.00000
115.00000, 64.00000
115.50000, 60.00000
116.00000, 62.00000
116.50000, 60.00000
117.00000, 69.00000
117.15625, 70.00000
117.31250, 69.00000
117.50000, 66.00000
occurrence6
109.75000, 70.00000
110.00000, 67.00000
110.50000, 69.00000
111.00000, 67.00000
111.50000, 65.00000
112.00000, 64.00000
113.00000, 65.00000
113.50000, 66.00000
114.00000, 67.00000
114.50000, 65.00000
115.00000, 64.00000
115.50000, 60.00000
116.00000, 62.00000
116.50000, 60.00000
117.00000, 69.00000
117.15625, 70.00000
117.31250, 69.00000
117.50000, 66.00000
118.00000, 62.00000
118.50000, 58.00000
119.00000, 59.00000
119.50000, 61.00000
120.00000, 60.00000
120.50000, 58.00000
121.00000, 57.00000
121.25000, 60.00000
121.50000, 64.00000
121.75000, 67.00000
occurrence7
132.96875, 67.00000
133.46875, 69.00000
133.96875, 70.00000
134.46875, 72.00000
134.71875, 70.00000
134.96875, 69.00000
135.46875, 64.00000
135.96875, 67.00000
136.46875, 65.00000
139.46875, 76.00000
139.65625, 74.00000
139.81250, 72.00000
139.96875, 69.00000
140.46875, 65.00000
140.96875, 62.00000
141.46875, 57.00000
141.96875, 60.00000
142.46875, 59.00000
144.46875, 67.00000
144.71875, 65.00000
144.96875, 64.00000
occurrence8
136.46875, 65.00000
139.46875, 76.00000
139.65625, 74.00000
139.81250, 72.00000
139.96875, 69.00000
140.46875, 65.00000
140.96875, 62.00000
141.46875, 57.00000
141.96875, 60.00000
142.46875, 59.00000
144.46875, 67.00000
144.71875, 65.00000
144.96875, 64.00000
145.46875, 60.00000
147.46875, 62.00000
147.71875, 60.00000
147.96875, 59.00000
148.46875, 62.00000
pattern17
occurrence1
24.00000, 67.00000
24.50000, 65.00000
25.00000, 60.00000
25.50000, 62.00000
26.00000, 63.00000
26.50000, 60.00000
27.00000, 62.00000
31.50000, 64.00000
31.75000, 62.00000
32.00000, 59.00000
32.50000, 60.00000
33.00000, 62.00000
33.50000, 59.00000
34.00000, 60.00000
34.50000, 62.00000
35.00000, 64.00000
35.50000, 65.00000
36.00000, 67.00000
36.50000, 65.00000
37.00000, 64.00000
37.50000, 62.00000
38.00000, 61.00000
38.50000, 70.00000
39.00000, 69.00000
39.50000, 64.00000
40.00000, 67.00000
40.50000, 65.00000
41.00000, 60.00000
41.34375, 57.00000
41.65625, 53.00000
42.00000, 64.00000
42.50000, 62.00000
45.00000, 70.00000
45.25000, 68.00000
45.50000, 63.00000
45.65625, 60.00000
45.84375, 56.00000
46.00000, 67.00000
46.50000, 65.00000
occurrence2
128.96875, 67.00000
129.31250, 72.00000
129.65625, 76.00000
129.96875, 79.00000
130.46875, 77.00000
130.96875, 76.00000
131.46875, 74.00000
131.96875, 73.00000
132.46875, 64.00000
132.96875, 67.00000
133.46875, 69.00000
133.96875, 70.00000
134.46875, 72.00000
134.71875, 70.00000
134.96875, 69.00000
135.46875, 64.00000
135.96875, 67.00000
136.46875, 65.00000
139.46875, 76.00000
139.65625, 74.00000
139.81250, 72.00000
139.96875, 69.00000
140.46875, 65.00000
140.96875, 62.00000
141.46875, 57.00000
141.96875, 60.00000
142.46875, 59.00000
144.46875, 67.00000
144.71875, 65.00000
144.96875, 64.00000
145.46875, 60.00000
147.46875, 62.00000
147.71875, 60.00000
147.96875, 59.00000
148.46875, 62.00000
148.96875, 65.00000
150.46875, 68.00000
150.96875, 67.00000
151.15625, 68.00000
151.31250, 67.00000
151.46875, 65.00000
pattern18
occurrence1
15.00000, 69.00000
15.50000, 67.00000
16.50000, 65.00000
17.00000, 64.00000
17.50000, 60.00000
18.00000, 61.00000
18.50000, 62.00000
19.00000, 58.00000
19.50000, 55.00000
20.00000, 60.00000
20.50000, 57.00000
21.00000, 58.00000
21.25000, 62.00000
21.50000, 65.00000
21.75000, 69.00000
22.00000, 72.00000
22.50000, 68.00000
23.00000, 64.00000
23.50000, 60.00000
24.00000, 67.00000
24.50000, 65.00000
25.00000, 60.00000
25.50000, 62.00000
26.00000, 63.00000
26.50000, 60.00000
27.00000, 62.00000
31.50000, 64.00000
31.75000, 62.00000
32.00000, 59.00000
32.50000, 60.00000
33.00000, 62.00000
33.50000, 59.00000
34.00000, 60.00000
34.50000, 62.00000
35.00000, 64.00000
35.50000, 65.00000
36.00000, 67.00000
36.50000, 65.00000
37.00000, 64.00000
37.50000, 62.00000
38.00000, 61.00000
38.50000, 70.00000
39.00000, 69.00000
39.50000, 64.00000
40.00000, 67.00000
40.50000, 65.00000
41.00000, 60.00000
41.34375, 57.00000
41.65625, 53.00000
42.00000, 64.00000
42.50000, 62.00000
45.00000, 70.00000
45.25000, 68.00000
45.50000, 63.00000
45.65625, 60.00000
45.84375, 56.00000
46.00000, 67.00000
46.50000, 65.00000
50.00000, 65.00000
occurrence2
87.50000, 64.00000
88.00000, 67.00000
88.50000, 65.00000
89.00000, 60.00000
89.31250, 57.00000
89.65625, 53.00000
90.00000, 64.00000
93.00000, 62.00000
93.50000, 60.00000
94.00000, 59.00000
94.50000, 62.00000
95.00000, 56.00000
95.50000, 54.00000
96.00000, 55.00000
96.50000, 65.00000
97.00000, 62.00000
97.50000, 63.00000
98.00000, 64.00000
98.50000, 60.00000
105.00000, 67.00000
105.50000, 69.00000
106.00000, 72.00000
106.50000, 75.00000
107.00000, 74.00000
107.50000, 72.00000
108.50000, 70.00000
109.50000, 72.00000
109.75000, 70.00000
110.00000, 67.00000
110.50000, 69.00000
111.00000, 67.00000
111.50000, 65.00000
112.00000, 64.00000
113.00000, 65.00000
113.50000, 66.00000
114.00000, 67.00000
114.50000, 65.00000
115.00000, 64.00000
115.50000, 60.00000
116.00000, 62.00000
116.50000, 60.00000
117.00000, 69.00000
117.15625, 70.00000
117.31250, 69.00000
117.50000, 66.00000
118.00000, 62.00000
118.50000, 58.00000
119.00000, 59.00000
119.50000, 61.00000
120.00000, 60.00000
120.50000, 58.00000
121.00000, 57.00000
121.25000, 60.00000
121.50000, 64.00000
121.75000, 67.00000
122.00000, 65.00000
122.50000, 60.00000
pattern19
occurrence1
97.50000, 63.00000
98.00000, 64.00000
98.50000, 60.00000
105.00000, 67.00000
105.50000, 69.00000
106.00000, 72.00000
106.50000, 75.00000
107.00000, 74.00000
107.50000, 72.00000
108.50000, 70.00000
109.50000, 72.00000
109.75000, 70.00000
110.00000, 67.00000
110.50000, 69.00000
111.00000, 67.00000
111.50000, 65.00000
112.00000, 64.00000
113.00000, 65.00000
113.50000, 66.00000
114.00000, 67.00000
114.50000, 65.00000
115.00000, 64.00000
115.50000, 60.00000
116.00000, 62.00000
116.50000, 60.00000
117.00000, 69.00000
117.15625, 70.00000
117.31250, 69.00000
117.50000, 66.00000
118.00000, 62.00000
118.50000, 58.00000
119.00000, 59.00000
119.50000, 61.00000
120.00000, 60.00000
120.50000, 58.00000
121.00000, 57.00000
121.25000, 60.00000
121.50000, 64.00000
121.75000, 67.00000
122.00000, 65.00000
occurrence2
128.46875, 66.00000
128.96875, 67.00000
129.31250, 72.00000
129.65625, 76.00000
129.96875, 79.00000
130.46875, 77.00000
130.96875, 76.00000
131.46875, 74.00000
131.96875, 73.00000
132.46875, 64.00000
132.96875, 67.00000
133.46875, 69.00000
133.96875, 70.00000
134.46875, 72.00000
134.71875, 70.00000
134.96875, 69.00000
135.46875, 64.00000
135.96875, 67.00000
136.46875, 65.00000
139.46875, 76.00000
139.65625, 74.00000
139.81250, 72.00000
139.96875, 69.00000
140.46875, 65.00000
140.96875, 62.00000
141.46875, 57.00000
141.96875, 60.00000
142.46875, 59.00000
144.46875, 67.00000
144.71875, 65.00000
144.96875, 64.00000
145.46875, 60.00000
147.46875, 62.00000
147.71875, 60.00000
147.96875, 59.00000
148.46875, 62.00000
148.96875, 65.00000
150.46875, 68.00000
150.96875, 67.00000
151.15625, 68.00000
151.31250, 67.00000
151.46875, 65.00000
151.96875, 64.00000
152.96875, 67.00000
pattern20
occurrence1
3.50000, 69.00000
4.00000, 67.00000
4.50000, 62.00000
4.75000, 60.00000
5.00000, 59.00000
5.50000, 60.00000
6.00000, 62.00000
6.50000, 60.00000
7.00000, 59.00000
7.50000, 60.00000
8.00000, 64.00000
8.50000, 67.00000
12.00000, 72.00000
12.50000, 74.00000
12.75000, 72.00000
13.00000, 71.00000
13.50000, 72.00000
14.00000, 74.00000
14.50000, 72.00000
15.00000, 69.00000
15.50000, 67.00000
16.50000, 65.00000
17.00000, 64.00000
17.50000, 60.00000
18.00000, 61.00000
18.50000, 62.00000
19.00000, 58.00000
19.50000, 55.00000
20.00000, 60.00000
20.50000, 57.00000
21.00000, 58.00000
21.25000, 62.00000
21.50000, 65.00000
21.75000, 69.00000
22.00000, 72.00000
22.50000, 68.00000
23.00000, 64.00000
23.50000, 60.00000
24.00000, 67.00000
24.50000, 65.00000
25.00000, 60.00000
25.50000, 62.00000
26.00000, 63.00000
26.50000, 60.00000
27.00000, 62.00000
31.50000, 64.00000
31.75000, 62.00000
32.00000, 59.00000
32.50000, 60.00000
33.00000, 62.00000
33.50000, 59.00000
34.00000, 60.00000
34.50000, 62.00000
35.00000, 64.00000
35.50000, 65.00000
36.00000, 67.00000
36.50000, 65.00000
37.00000, 64.00000
37.50000, 62.00000
38.00000, 61.00000
38.50000, 70.00000
39.00000, 69.00000
39.50000, 64.00000
40.00000, 67.00000
40.50000, 65.00000
41.00000, 60.00000
41.34375, 57.00000
41.65625, 53.00000
42.00000, 64.00000
42.50000, 62.00000
45.00000, 70.00000
45.25000, 68.00000
45.50000, 63.00000
45.65625, 60.00000
45.84375, 56.00000
46.00000, 67.00000
46.50000, 65.00000
50.00000, 65.00000
50.31250, 67.00000
50.65625, 67.00000
54.50000, 60.00000
55.00000, 66.00000
55.50000, 67.00000
56.00000, 72.00000
57.00000, 72.00000
57.50000, 74.00000
57.75000, 72.00000
58.00000, 71.00000
58.50000, 72.00000
59.00000, 74.00000
59.50000, 72.00000
61.50000, 67.00000
62.00000, 71.00000
62.50000, 70.00000
63.00000, 69.00000
63.50000, 68.00000
64.00000, 67.00000
64.50000, 59.00000
65.00000, 60.00000
65.50000, 65.00000
66.00000, 62.00000
66.50000, 63.00000
67.00000, 64.00000
67.50000, 60.00000
68.00000, 61.00000
68.50000, 62.00000
69.00000, 58.00000
69.50000, 55.00000
70.00000, 61.00000
70.50000, 58.00000
71.00000, 57.00000
71.50000, 67.00000
72.00000, 65.00000
72.50000, 60.00000
73.00000, 62.00000
73.50000, 63.00000
79.50000, 60.00000
80.00000, 67.00000
80.15625, 68.00000
80.31250, 67.00000
80.50000, 65.00000
81.00000, 64.00000
81.50000, 65.00000
82.00000, 67.00000
82.50000, 65.00000
83.00000, 64.00000
83.50000, 62.00000
84.00000, 61.00000
84.50000, 64.00000
85.00000, 67.00000
85.50000, 69.00000
86.00000, 70.00000
86.50000, 72.00000
86.75000, 70.00000
87.00000, 69.00000
87.50000, 64.00000
88.00000, 67.00000
88.50000, 65.00000
89.00000, 60.00000
89.31250, 57.00000
89.65625, 53.00000
90.00000, 64.00000
93.00000, 62.00000
93.50000, 60.00000
94.00000, 59.00000
94.50000, 62.00000
95.00000, 56.00000
95.50000, 54.00000
96.00000, 55.00000
96.50000, 65.00000
97.00000, 62.00000
97.50000, 63.00000
98.00000, 64.00000
98.50000, 60.00000
105.00000, 67.00000
105.50000, 69.00000
106.00000, 72.00000
106.50000, 75.00000
107.00000, 74.00000
107.50000, 72.00000
108.50000, 70.00000
109.50000, 72.00000
109.75000, 70.00000
110.00000, 67.00000
110.50000, 69.00000
111.00000, 67.00000
111.50000, 65.00000
112.00000, 64.00000
113.00000, 65.00000
113.50000, 66.00000
114.00000, 67.00000
114.50000, 65.00000
115.00000, 64.00000
115.50000, 60.00000
116.00000, 62.00000
116.50000, 60.00000
117.00000, 69.00000
117.15625, 70.00000
117.31250, 69.00000
117.50000, 66.00000
118.00000, 62.00000
118.50000, 58.00000
119.00000, 59.00000
119.50000, 61.00000
120.00000, 60.00000
120.50000, 58.00000
121.00000, 57.00000
121.25000, 60.00000
121.50000, 64.00000
121.75000, 67.00000
122.00000, 65.00000
122.50000, 60.00000
123.00000, 62.00000
123.50000, 63.00000
128.46875, 66.00000
128.96875, 67.00000
129.31250, 72.00000
129.65625, 76.00000
129.96875, 79.00000
130.46875, 77.00000
130.96875, 76.00000
131.46875, 74.00000
131.96875, 73.00000
132.46875, 64.00000
132.96875, 67.00000
133.46875, 69.00000
133.96875, 70.00000
134.46875, 72.00000
134.71875, 70.00000
134.96875, 69.00000
135.46875, 64.00000
135.96875, 67.00000
136.46875, 65.00000
139.46875, 76.00000
139.65625, 74.00000
139.81250, 72.00000
139.96875, 69.00000
140.46875, 65.00000
140.96875, 62.00000
141.46875, 57.00000
141.96875, 60.00000
142.46875, 59.00000
144.46875, 67.00000
144.71875, 65.00000
144.96875, 64.00000
145.46875, 60.00000
147.46875, 62.00000
147.71875, 60.00000
147.96875, 59.00000
148.46875, 62.00000
148.96875, 65.00000
150.46875, 68.00000
150.96875, 67.00000
151.15625, 68.00000
151.31250, 67.00000
