(0 63 62 1 1)
(1 68 65 1/2 1)
(3/2 72 67 1/2 1)
(2 75 69 1/2 1)
(5/2 76 69 1/2 1)
(3 77 70 1/2 1)
(7/2 67 64 1/2 1)
(4 68 65 1/2 1)
(9/2 72 67 1/2 1)
(5 75 69 1/2 1)
(11/2 74 68 1/2 1)
(6 75 69 1 1)
(7 73 68 1/2 1)
(15/2 77 70 1/2 1)
(8 79 71 1/2 1)
(17/2 82 73 1/2 1)
(9 80 72 1/2 1)
(19/2 77 70 1/2 1)
(10 73 68 1/2 1)
(21/2 76 69 1/2 1)
(11 77 70 1/2 1)
(23/2 76 69 1/2 1)
(12 77 70 1 1)
(13 67 64 1/2 1)
(27/2 68 65 1/2 1)
(14 70 66 1/2 1)
(29/2 72 67 1/2 1)
(15 73 68 1/2 1)
(31/2 71 67 1/2 1)
(16 72 67 1/2 1)
(67/4 62 61 1/4 1)
(17 63 62 1/2 1)
(35/2 62 61 1/2 1)
(18 63 62 1 1)
(19 70 66 1/2 1)
(19 67 64 1/2 1)
(39/2 72 67 1/2 1)
(39/2 68 65 1/2 1)
(20 73 68 1/2 1)
(20 70 66 1/2 1)
(41/2 72 67 1/2 1)
(41/2 75 69 1/2 1)
(21 73 68 1/2 1)
(21 77 70 1/2 1)
(43/2 74 68 1/2 1)
(43/2 71 67 1/2 1)
(22 72 67 1/2 1)
(22 75 69 1/2 1)
(91/4 62 61 1/4 1)
(23 63 62 1/2 1)
(47/2 62 61 1/2 1)
(24 63 62 1 1)
(25 68 65 1/2 1)
(51/2 72 67 1/2 1)
(26 75 69 1/2 1)
(53/2 76 69 1/2 1)
(27 77 70 1/2 1)
(55/2 67 64 1/2 1)
(28 68 65 1/2 1)
(57/2 72 67 1/2 1)
(29 75 69 1/2 1)
(59/2 74 68 1/2 1)
(30 75 69 1 1)
(31 73 68 1/2 1)
(63/2 77 70 1/2 1)
(32 79 71 1/2 1)
(65/2 82 73 1/2 1)
(33 80 72 1/2 1)
(67/2 77 70 1/2 1)
(34 73 68 1/2 1)
(69/2 76 69 1/2 1)
(35 77 70 1/2 1)
(71/2 76 69 1/2 1)
(36 77 70 1 1)
(37 67 64 1/2 1)
(75/2 68 65 1/2 1)
(38 70 66 1/2 1)
(77/2 72 67 1/2 1)
(39 73 68 1/2 1)
(79/2 71 67 1/2 1)
(40 72 67 1/2 1)
(163/4 62 61 1/4 1)
(41 63 62 1/2 1)
(83/2 62 61 1/2 1)
(42 63 62 1 1)
(43 70 66 1/2 1)
(43 67 64 1/2 1)
(87/2 72 67 1/2 1)
(87/2 68 65 1/2 1)
(44 70 66 1/2 1)
(44 73 68 1/2 1)
(89/2 72 67 1/2 1)
(89/2 75 69 1/2 1)
(45 77 70 1/2 1)
(45 73 68 1/2 1)
(91/2 74 68 1/2 1)
(91/2 71 67 1/2 1)
(46 72 67 1/2 1)
(46 75 69 1/2 1)
(187/4 62 61 1/4 1)
(47 63 62 1/2 1)
(95/2 62 61 1/2 1)
(48 63 62 2 1)
(49 65 63 2 1)
(50 61 61 2 1)
(51 67 64 1 1)
(52 60 60 2 1)
(52 67 64 3/4 1)
(211/4 68 65 1/4 1)
(53 68 65 1/2 1)
(107/2 70 66 1/2 1)
(54 66 64 1 1)
(54 72 67 1 1)
(55 65 63 2 1)
(55 72 67 1/2 1)
(111/2 73 68 1/2 1)
(56 72 67 3/2 1)
(57 67 64 1 1)
(115/2 70 66 1/2 1)
(58 65 63 1/2 1)
(58 73 68 1/2 1)
(117/2 63 62 1/2 1)
(117/2 72 67 1/2 1)
(59 72 67 1/2 1)
(59 63 62 1/2 1)
(119/2 62 61 1/2 1)
(119/2 71 67 1/2 1)
(60 72 67 1 1)
(60 63 62 2 1)
(61 65 63 2 1)
(62 61 61 2 1)
(63 67 64 7/4 1)
(64 60 60 2 1)
(259/4 68 65 1/4 1)
(65 68 65 1/2 1)
(131/2 70 66 1/2 1)
(66 62 61 1 1)
(66 72 67 3/2 1)
(67 63 62 1 1)
(135/2 74 68 1/2 1)
(68 71 67 3/2 1)
(68 62 61 1 1)
(69 65 63 1 1)
(139/2 67 64 1/2 1)
(70 74 68 1/2 1)
(70 63 62 4 1)
(141/2 75 69 1/2 1)
(71 72 67 2 1)
(73 65 63 2 1)
(74 61 61 2 1)
(75 67 64 7/4 1)
(76 60 60 2 1)
(307/4 68 65 1/4 1)
(77 68 65 1/2 1)
(155/2 70 66 1/2 1)
(78 66 64 1 1)
(78 72 67 3/2 1)
(79 65 63 2 1)
(159/2 73 68 1/2 1)
(80 72 67 3/2 1)
(81 67 64 1 1)
(163/2 70 66 1/2 1)
(82 73 68 1/2 1)
(82 65 63 1/2 1)
(165/2 72 67 1/2 1)
(165/2 63 62 1/2 1)
(83 63 62 1/2 1)
(83 72 67 1/2 1)
(167/2 62 61 1/2 1)
(167/2 71 67 1/2 1)
(84 63 62 2 1)
(84 72 67 1 1)
(85 65 63 2 1)
(86 61 61 2 1)
(87 67 64 7/4 1)
(88 60 60 2 1)
(355/4 68 65 1/4 1)
(89 68 65 1/2 1)
(179/2 70 66 1/2 1)
(90 62 61 1 1)
(90 72 67 3/2 1)
(91 63 62 1 1)
(183/2 74 68 1/2 1)
(92 62 61 1 1)
(92 71 67 3/2 1)
(93 65 63 1 1)
(187/2 67 64 1/2 1)
(94 74 68 1/2 1)
(94 63 62 2 1)
(189/2 75 69 1/2 1)
(95 72 67 3/2 1)
(96 63 62 2 1)
(193/2 75 69 1/2 1)
(97 75 69 5/2 1)
(98 65 63 1/2 1)
(197/2 67 64 1/2 1)
(99 65 63 3/2 1)
(199/2 75 69 1/2 1)
(100 74 68 2 1)
(201/2 65 63 1/2 1)
(101 63 62 1 1)
(102 63 62 1 1)
(102 72 67 1 1)
(103 67 64 1/2 1)
(103 75 69 5/2 1)
(207/2 68 65 1/2 1)
(104 67 64 1/2 1)
(209/2 68 65 1/2 1)
(105 65 63 3/2 1)
(211/2 75 69 1/2 1)
(106 74 68 1 1)
(213/2 65 63 1/2 1)
(107 72 67 2 1)
(107 63 62 2 1)
(109 75 69 5/2 1)
(110 67 64 1/2 1)
(221/2 68 65 1/2 1)
(111 65 63 3/2 1)
(223/2 75 69 1/2 1)
(112 74 68 2 1)
(225/2 65 63 1/2 1)
(113 63 62 1 1)
(114 63 62 1 1)
(114 72 67 1 1)
(115 67 64 1/2 1)
(115 75 69 5/2 1)
(231/2 68 65 1/2 1)
(116 67 64 1/2 1)
(233/2 68 65 1/2 1)
(117 65 63 3/2 1)
(235/2 75 69 1/2 1)
(118 74 68 1 1)
(237/2 65 63 1/2 1)
(119 72 67 2 1)
(119 64 62 2 1)
(122 67 64 1/2 1)
(245/2 68 65 1/2 1)
(123 69 65 1/2 1)
(247/2 55 57 1/2 1)
(124 60 60 1/2 1)
(125 67 64 1/2 1)
(251/2 66 64 1/2 1)
(126 67 64 1 1)
(127 60 60 1 1)
(128 67 64 1/2 1)
(257/2 71 67 1/2 1)
(129 69 65 1/2 1)
(259/2 59 60 1/2 1)
(130 60 60 3 1)
(133 64 62 2 1)
(135 65 63 3/2 1)
(273/2 64 62 1/2 1)
(137 64 62 1/2 1)
(275/2 63 62 1/2 1)
(138 64 62 2 1)
(140 64 62 1/2 1)
(281/2 67 64 1/2 1)
(141 65 63 1 1)
(142 64 62 1/2 1)
(285/2 59 60 1/2 1)
(143 60 60 1 1)
(144 67 64 1/2 1)
(289/2 71 67 1/2 1)
(145 72 67 2 1)
(147 67 64 1/2 1)
(295/2 71 67 1/2 1)
(148 72 67 1/2 1)
(297/2 71 67 1/2 1)
(149 67 64 1/2 1)
(299/2 74 68 1/2 1)
(150 72 67 1/2 1)
(301/2 71 67 1/2 1)
(151 67 64 1/2 1)
(303/2 73 68 1/2 1)
(152 72 67 1/2 1)
(305/2 71 67 1/2 1)
(153 67 64 1/2 1)
(307/2 73 68 1/2 1)
(154 72 67 1/2 1)
(309/2 71 67 1/2 1)
(155 70 66 1/2 1)
(311/2 73 68 1/2 1)
(156 72 67 1/2 1)
(313/2 70 66 1/2 1)
(157 68 65 1/2 1)
(315/2 72 67 1/2 1)
(158 75 69 1/2 1)
(317/2 76 69 1/2 1)
(159 77 70 1/2 1)
(319/2 67 64 1/2 1)
(160 68 65 1/2 1)
(321/2 72 67 1/2 1)
(161 75 69 1/2 1)
(323/2 74 68 1/2 1)
(162 75 69 1 1)
(163 73 68 1/2 1)
(327/2 77 70 1/2 1)
(164 79 71 1/2 1)
(329/2 82 73 1/2 1)
(165 80 72 1/2 1)
(331/2 77 70 1/2 1)
(166 73 68 1/2 1)
(333/2 76 69 1/2 1)
(167 77 70 1/2 1)
(335/2 76 69 1/2 1)
(168 77 70 1 1)
(169 67 64 1/2 1)
(339/2 68 65 1/2 1)
(170 70 66 1/2 1)
(341/2 72 67 1/2 1)
(171 73 68 1/2 1)
(343/2 71 67 1/2 1)
(172 72 67 1/2 1)
(691/4 62 61 1/4 1)
(173 63 62 1/2 1)
(347/2 62 61 1/2 1)
(174 63 62 1 1)
(175 70 66 1/2 1)
(175 67 64 1/2 1)
(351/2 68 65 1/2 1)
(351/2 72 67 1/2 1)
(176 73 68 1/2 1)
(176 70 66 1/2 1)
(353/2 75 69 1/2 1)
(353/2 72 67 1/2 1)
(177 77 70 1/2 1)
(177 73 68 1/2 1)
(355/2 71 67 1/2 1)
(355/2 74 68 1/2 1)
(178 72 67 1/2 1)
(178 75 69 1/2 1)
(715/4 62 61 1/4 1)
(179 63 62 1/2 1)
(359/2 62 61 1/2 1)
(180 63 62 2 1)
(181 65 63 2 1)
(182 61 61 2 1)
(183 67 64 7/4 1)
(184 60 60 2 1)
(739/4 68 65 1/4 1)
(185 68 65 1/2 1)
(371/2 70 66 1/2 1)
(186 66 64 1 1)
(186 72 67 3/2 1)
(187 65 63 2 1)
(375/2 73 68 1/2 1)
(188 72 67 3/2 1)
(189 67 64 1 1)
(379/2 70 66 1/2 1)
(190 73 68 1/2 1)
(190 65 63 1/2 1)
(381/2 72 67 1/2 1)
(381/2 63 62 1/2 1)
(191 63 62 1/2 1)
(191 72 67 1/2 1)
(383/2 62 61 1/2 1)
(383/2 71 67 1/2 1)
(192 72 67 1 1)
(192 63 62 2 1)
(193 65 63 2 1)
(194 61 61 2 1)
(195 67 64 7/4 1)
(196 60 60 2 1)
(787/4 68 65 1/4 1)
(197 68 65 1/2 1)
(395/2 70 66 1/2 1)
(198 72 67 3/2 1)
(198 62 61 1 1)
(199 63 62 1 1)
(399/2 74 68 1/2 1)
(200 71 67 3/2 1)
(200 62 61 1 1)
(201 65 63 1 1)
(403/2 67 64 1/2 1)
(202 74 68 1/2 1)
(202 63 62 4 1)
(405/2 75 69 1/2 1)
(203 72 67 2 1)
(205 65 63 2 1)
(206 61 61 2 1)
(207 67 64 7/4 1)
(208 60 60 2 1)
(835/4 68 65 1/4 1)
(209 68 65 1/2 1)
(419/2 70 66 1/2 1)
(210 72 67 3/2 1)
(210 66 64 1 1)
(211 65 63 2 1)
(423/2 73 68 1/2 1)
(212 72 67 3/2 1)
(213 67 64 1 1)
(427/2 70 66 1/2 1)
(214 65 63 1/2 1)
(214 73 68 1/2 1)
(429/2 72 67 1/2 1)
(429/2 63 62 1/2 1)
(215 72 67 1/2 1)
(215 63 62 1/2 1)
(431/2 62 61 1/2 1)
(431/2 71 67 1/2 1)
(216 63 62 2 1)
(216 72 67 1 1)
(217 65 63 2 1)
(218 61 61 2 1)
(219 67 64 7/4 1)
(220 60 60 2 1)
(883/4 68 65 1/4 1)
(221 68 65 1/2 1)
(443/2 70 66 1/2 1)
(222 63 62 1 1)
(222 72 67 1 1)
