(0 68 65 1 1)
(1 68 65 2 1)
(3 68 65 1 1)
(3 63 62 1/2 1)
(7/2 60 60 1/2 1)
(4 61 61 3/2 1)
(4 68 65 2 1)
(11/2 58 59 1/2 1)
(6 68 65 1 1)
(7 68 65 2 1)
(9 68 65 1 1)
(9 63 62 16666667/50000000 1)
(9333333/1000000 66 64 16666667/50000000 1)
(9666667/1000000 64 62 16666667/50000000 1)
(10 68 65 2 1)
(10 63 62 2 1)
(12 68 65 1 1)
(13 68 65 1 1)
(14 68 65 1 1)
(15 63 62 1/2 1)
(15 68 65 1 1)
(31/2 60 60 1/2 1)
(16 61 61 1/2 1)
(16 68 65 1 1)
(33/2 60 60 1/2 1)
(17 61 61 1/2 1)
(17 68 65 1 1)
(35/2 58 59 1/2 1)
(18 68 65 1 1)
(19 68 65 1 1)
(20 68 65 1/4 1)
(20 60 60 1/4 1)
(41/2 61 61 1/4 1)
(41/2 68 65 1/4 1)
(21 68 65 16666667/100000000 1)
(21 63 62 16666667/100000000 1)
(10666667/500000 68 65 16666667/100000000 1)
(10666667/500000 66 64 16666667/100000000 1)
(10833333/500000 64 62 16666667/100000000 1)
(10833333/500000 68 65 16666667/100000000 1)
(22 63 62 1 1)
(22 68 65 1 1)
(23 68 65 1 1)
(24 80 72 1/2 1)
(99/4 81 72 1/4 1)
(25 78 71 3/2 1)
(53/2 80 72 1/2 1)
(27 76 69 3/4 1)
(111/4 80 72 1/4 1)
(28 73 68 1 1)
(29 76 69 1 1)
(30 80 72 3/4 1)
(123/4 81 72 1/4 1)
(31 78 71 1 1)
(32 80 72 1 1)
(33 76 69 16666667/50000000 1)
(8333333/250000 78 71 16666667/50000000 1)
(33658333/1000000 80 72 16666667/50000000 1)
(34 73 68 3/2 1)
(71/2 74 68 1/2 1)
(36 75 69 1/4 1)
(147/4 76 69 1/4 1)
(37 73 68 3/2 1)
(77/2 75 69 1/2 1)
(39 72 67 3/4 1)
(159/4 75 69 1/4 1)
(40 68 65 1 1)
(41 69 65 1 1)
(42 68 65 1/4 1)
(171/4 66 64 1/4 1)
(43 63 62 1 1)
(44 68 65 1 1)
(45 61 61 2 1)
(47 62 61 1 1)
(48 63 62 1/2 1)
(195/4 67 64 1/4 1)
(49 68 65 1 1)
(50 72 67 1/2 1)
(101/2 75 69 1/2 1)
(51 63 62 1/4 1)
(207/4 67 64 1/4 1)
(52 68 65 1/2 1)
(105/2 72 67 1/2 1)
(53 75 69 1 1)
(54 74 68 3/4 1)
(219/4 70 66 1/4 1)
(55 73 68 1/2 1)
(56 72 67 1/2 1)
(113/2 68 65 1/2 1)
(57 74 68 16666667/50000000 1)
(14333333/250000 70 66 16666667/50000000 1)
(14416667/250000 72 67 16666667/50000000 1)
(58 73 68 1 1)
(59 72 67 1/2 1)
(119/2 68 65 1/2 1)
(60 63 62 1/2 1)
(243/4 67 64 1/4 1)
(61 68 65 1 1)
(62 72 67 1/2 1)
(125/2 75 69 1/2 1)
(63 63 62 1/2 1)
(255/4 67 64 1/4 1)
(64 68 65 1/2 1)
(129/2 72 67 1/2 1)
(65 75 69 1 1)
(66 74 68 1/2 1)
(133/2 70 66 1/2 1)
(67 73 68 1 1)
(68 72 67 1/2 1)
(137/2 68 65 1/2 1)
(69 80 72 3/4 1)
(279/4 68 65 1/4 1)
(70 80 72 3/4 1)
(283/4 68 65 1/4 1)
(71 80 72 3/4 1)
(287/4 68 65 1/4 1)
(72 80 72 3/4 1)
(291/4 81 72 1/4 1)
(73 78 71 3/2 1)
(149/2 80 72 1/2 1)
(75 76 69 3/4 1)
(303/4 80 72 1/4 1)
(76 73 68 1 1)
(77 76 69 1 1)
(78 80 72 1/4 1)
(315/4 81 72 1/4 1)
(79 78 71 1 1)
(80 80 72 1 1)
(81 76 69 16666667/50000000 1)
(10166667/125000 78 71 16666667/50000000 1)
(10208333/125000 80 72 16666667/50000000 1)
(82 73 68 3/2 1)
(167/2 74 68 1/2 1)
(84 75 69 1/2 1)
(169/2 76 69 1/2 1)
(85 73 68 1 1)
(86 75 69 1 1)
(87 72 67 1/2 1)
(175/2 75 69 1/2 1)
(88 68 65 1/2 1)
(89 69 65 1 1)
(90 68 65 1/4 1)
(363/4 66 64 1/4 1)
(91 63 62 1 1)
(92 68 65 1 1)
(93 61 61 2 1)
(95 61 61 1 1)
(96 73 68 1/2 1)
(193/2 75 69 1/2 1)
(97 76 69 3/2 1)
(197/2 73 68 1/2 1)
(99 71 67 1/2 1)
(199/2 68 65 1/2 1)
(100 64 62 2 1)
(102 73 68 1/2 1)
(205/2 75 69 1/2 1)
(103 76 69 1/2 1)
(104 76 69 1/2 1)
(209/2 73 68 1/2 1)
(105 71 67 1/2 1)
(211/2 68 65 1/2 1)
(106 64 62 5/2 1)
(108 61 61 1 1)
(217/2 69 65 1/2 1)
(109 68 65 2 1)
(109 59 60 1 1)
(110 59 60 1 1)
(111 61 61 1 1)
(111 64 62 1/2 1)
(223/2 69 65 1/2 1)
(112 59 60 1 1)
(112 68 65 2 1)
(113 59 60 1 1)
(114 64 62 1/2 1)
(114 61 61 1 1)
(229/2 69 65 1/2 1)
(115 68 65 1 1)
(115 59 60 1 1)
(116 59 60 1 1)
(116 68 65 1 1)
(117 64 62 1/2 1)
(117 61 61 1 1)
(235/2 69 65 1/2 1)
(118 56 58 1 1)
(118 68 65 1 1)
(120 77 70 1/2 1)
(241/2 79 71 1/2 1)
(121 80 72 3/2 1)
(245/2 77 70 1/2 1)
(123 75 69 1/2 1)
(247/2 72 67 1/2 1)
(124 68 65 2 1)
(126 77 70 1/2 1)
(253/2 79 71 1/2 1)
(127 80 72 1 1)
(128 80 72 1/2 1)
(257/2 77 70 1/2 1)
(129 75 69 1/2 1)
(259/2 72 67 1/2 1)
(130 68 65 5/2 1)
(132 65 63 1 1)
(265/2 73 68 1/2 1)
(133 72 67 2 1)
(133 63 62 1 1)
(134 63 62 1 1)
(135 65 63 1 1)
(135 68 65 1/2 1)
(271/2 73 68 1/2 1)
(136 72 67 2 1)
(136 63 62 1 1)
(137 63 62 1/2 1)
(138 65 63 1 1)
(138 68 65 1/2 1)
(277/2 73 68 1/2 1)
(139 63 62 1 1)
(139 72 67 1/2 1)
(140 72 67 1/2 1)
(140 63 62 1 1)
(141 68 65 1/2 1)
(141 65 63 1 1)
(283/2 73 68 1/2 1)
(142 63 62 1 1)
(142 72 67 1 1)
(143 63 62 1/2 1)
(287/2 61 61 1/2 1)
(144 68 65 1 1)
(145 68 65 2 1)
(147 63 62 1/2 1)
(147 68 65 1 1)
(295/2 60 60 1/2 1)
(148 61 61 3/2 1)
(148 68 65 2 1)
(299/2 58 59 1/2 1)
(150 68 65 1 1)
(151 68 65 2 1)
(153 63 62 16666667/50000000 1)
(153 68 65 1 1)
(15333333/100000 66 64 16666667/50000000 1)
(15366667/100000 64 62 16666667/50000000 1)
(154 63 62 2 1)
(154 68 65 2 1)
(156 68 65 1 1)
(157 68 65 1 1)
(158 68 65 1 1)
(159 68 65 1 1)
(159 63 62 1/2 1)
(319/2 60 60 1/2 1)
(160 68 65 1 1)
(160 61 61 1/2 1)
(321/2 60 60 1/2 1)
(161 68 65 1 1)
(161 61 61 1/2 1)
(323/2 58 59 1/2 1)
(162 68 65 1 1)
(163 68 65 1 1)
(164 60 60 1/4 1)
(164 68 65 1/4 1)
(329/2 61 61 1/4 1)
(329/2 68 65 1/4 1)
(165 68 65 16666667/100000000 1)
(165 63 62 16666667/100000000 1)
(16533333/100000 66 64 16666667/100000000 1)
(16533333/100000 68 65 16666667/100000000 1)
(16566667/100000 64 62 16666667/100000000 1)
(16566667/100000 68 65 16666667/100000000 1)
(166 63 62 1 1)
(166 68 65 1 1)
(167 68 65 1 1)
(168 80 72 1/2 1)
(675/4 81 72 1/4 1)
(169 78 71 3/2 1)
(341/2 80 72 1/2 1)
(171 76 69 3/4 1)
(687/4 80 72 1/4 1)
(172 73 68 1 1)
(173 76 69 1 1)
(174 80 72 3/4 1)
(699/4 81 72 1/4 1)
(175 78 71 1 1)
(176 80 72 1 1)
(177 76 69 16666667/50000000 1)
(17733333/100000 78 71 16666667/50000000 1)
(17766667/100000 80 72 16666667/50000000 1)
(178 73 68 3/2 1)
(359/2 74 68 1/2 1)
(180 75 69 1/4 1)
(723/4 76 69 1/4 1)
(181 73 68 3/2 1)
(365/2 75 69 1/2 1)
(183 72 67 3/4 1)
(735/4 75 69 1/4 1)
(184 68 65 1 1)
(185 69 65 1 1)
(186 68 65 1/2 1)
(747/4 66 64 1/4 1)
(187 63 62 1 1)
(188 68 65 1 1)
(189 61 61 2 1)
(191 68 65 1 1)
(192 80 72 1/4 1)
(385/2 81 72 1/4 1)
(193 78 71 1/2 1)
(194 80 72 1/2 1)
(195 76 69 1/4 1)
(391/2 80 72 1/4 1)
(196 73 68 1/2 1)
(197 76 69 1/2 1)
(198 80 72 16666667/50000000 1)
(19833333/100000 81 72 16666667/50000000 1)
(19883333/100000 80 72 16666667/100000000 1)
(199 75 69 1 1)
(200 80 72 1 1)
(201 76 69 16666667/50000000 1)
(20133333/100000 78 71 16666667/50000000 1)
(20166667/100000 80 72 16666667/50000000 1)
(202 73 68 3/2 1)
(407/2 74 68 1/2 1)
(204 75 69 1/4 1)
(819/4 76 69 1/8 1)
(205 73 68 1/2 1)
(206 75 69 1/2 1)
(207 72 67 1/4 1)
(831/4 75 69 1/8 1)
(208 68 65 1 1)
(209 69 65 1 1)
(210 68 65 1/2 1)
(843/4 66 64 1/4 1)
(211 63 62 1 1)
(212 68 65 1 1)
(213 61 61 3 1)
