(0 69 65 1 1)
(0 60 60 1 1)
(0 64 62 1 1)
(1 64 62 1 1)
(1 60 60 1 1)
(1 69 65 1 1)
(2 52 55 3/2 1)
(2 59 59 3/2 1)
(2 64 62 3/2 1)
(2 68 64 3/2 1)
(7/2 52 55 1/2 1)
(7/2 57 58 1/2 1)
(7/2 64 62 1/2 1)
(7/2 66 63 1/2 1)
(4 52 55 3/4 1)
(4 68 64 3/4 1)
(4 64 62 3/4 1)
(4 59 59 3/4 1)
(19/4 45 51 1/4 1)
(19/4 60 60 1/4 1)
(19/4 69 65 1/4 1)
(19/4 64 62 1/4 1)
(5 52 55 2 1)
(5 68 64 2 1)
(5 64 62 2 1)
(5 72 67 2 1)
(7 71 66 3/4 1)
(7 40 48 3/4 1)
(7 62 61 3/4 1)
(7 64 62 3/4 1)
(31/4 64 62 1/4 1)
(31/4 45 51 1/4 1)
(31/4 69 65 1/4 1)
(31/4 60 60 1/4 1)
(8 68 64 1 1)
(8 64 62 1 1)
(8 52 55 1 1)
(8 59 59 1 1)
(9 40 48 1 1)
(9 64 62 1 1)
(9 57 58 1 1)
(9 66 63 1 1)
(10 52 55 3/2 1)
(10 59 59 3/4 1)
(10 64 62 3/4 1)
(10 68 64 3/4 1)
(43/4 64 62 1/4 1)
(43/4 71 66 1/4 1)
(43/4 62 61 1/4 1)
(11 64 62 2 1)
(11 60 60 2 1)
(11 69 65 2 1)
(23/2 53 56 1/2 1)
(12 52 55 1/2 1)
(25/2 45 51 1/2 1)
(13 64 62 1 1)
(13 67 64 1 1)
(13 43 50 1 1)
(13 72 67 1 1)
(14 71 66 3/2 1)
(14 62 61 3/2 1)
(14 67 64 3/2 1)
(14 55 57 3/2 1)
(31/2 55 57 1/2 1)
(31/2 67 64 1/2 1)
(31/2 60 60 1/2 1)
(31/2 69 65 1/2 1)
(16 55 57 3/4 1)
(16 62 61 3/4 1)
(16 71 66 3/4 1)
(16 67 64 3/4 1)
(67/4 64 62 1/4 1)
(67/4 48 53 1/4 1)
(67/4 72 67 1/4 1)
(67/4 67 64 1/4 1)
(17 76 69 2 1)
(17 67 64 2 1)
(17 55 57 2 1)
(17 71 66 2 1)
(19 65 63 3/4 1)
(19 43 50 3/4 1)
(19 67 64 3/4 1)
(19 74 68 3/4 1)
(79/4 67 64 1/4 1)
(79/4 48 53 1/4 1)
(79/4 72 67 1/4 1)
(79/4 64 62 1/4 1)
(20 62 61 1 1)
(20 55 57 1 1)
(20 67 64 1 1)
(20 71 66 1 1)
(21 67 64 1 1)
(21 60 60 1 1)
(21 43 50 1 1)
(21 69 65 1 1)
(22 71 66 3/4 1)
(22 55 57 1 1)
(22 62 61 3/4 1)
(22 67 64 3/4 1)
(91/4 67 64 1/4 1)
(91/4 65 63 1/4 1)
(91/4 74 68 1/4 1)
(23 48 53 1 1)
(23 64 62 1 1)
(23 72 67 1 1)
(23 67 64 1 1)
(24 50 54 3/4 1)
(24 62 61 3/4 1)
(24 71 66 3/4 1)
(24 65 63 3/4 1)
(99/4 69 65 1/4 1)
(99/4 60 60 1/4 1)
(99/4 66 63 1/4 1)
(99/4 51 54 1/4 1)
(25 60 60 1 1)
(25 64 62 1 1)
(25 69 65 1 1)
(25 52 55 2 1)
(26 64 62 3/2 1)
(26 59 59 3/2 1)
(26 68 64 3/2 1)
(27 52 55 7/4 1)
(55/2 57 58 1/2 1)
(55/2 66 63 1/2 1)
(55/2 64 62 1/2 1)
(28 59 59 3/4 1)
(28 64 62 3/4 1)
(28 68 64 3/4 1)
(115/4 45 51 1/4 1)
(115/4 60 60 1/4 1)
(115/4 69 65 1/4 1)
(115/4 64 62 1/4 1)
(29 68 64 2 1)
(29 72 67 2 1)
(29 52 55 2 1)
(29 64 62 2 1)
(31 64 62 3/4 1)
(31 62 61 3/4 1)
(31 40 48 3/4 1)
(31 71 66 3/4 1)
(127/4 45 51 1/4 1)
(127/4 64 62 1/4 1)
(127/4 69 65 1/4 1)
(127/4 60 60 1/4 1)
(32 59 59 1 1)
(32 64 62 1 1)
(32 52 55 1 1)
(32 68 64 1 1)
(33 40 48 1 1)
(33 66 63 1 1)
(33 57 58 1 1)
(33 64 62 1 1)
(34 52 55 3/2 1)
(34 59 59 3/4 1)
(34 68 64 3/4 1)
(34 64 62 3/4 1)
(139/4 62 61 1/4 1)
(139/4 64 62 1/4 1)
(139/4 71 66 1/4 1)
(35 60 60 2 1)
(35 64 62 2 1)
(35 69 65 2 1)
(71/2 53 56 1/2 1)
(36 52 55 1/2 1)
(73/2 45 51 1/2 1)
(37 43 50 1 1)
(37 64 62 1 1)
(37 72 67 1 1)
(37 67 64 1 1)
(38 55 57 3/2 1)
(38 62 61 3/2 1)
(38 71 66 3/2 1)
(38 67 64 3/2 1)
(79/2 60 60 1/2 1)
(79/2 67 64 1/2 1)
(79/2 69 65 1/2 1)
(79/2 55 57 1/2 1)
(40 55 57 3/4 1)
(40 71 66 3/4 1)
(40 67 64 3/4 1)
(40 62 61 3/4 1)
(163/4 64 62 1/4 1)
(163/4 72 67 1/4 1)
(163/4 67 64 1/4 1)
(163/4 48 53 1/4 1)
(41 55 57 2 1)
(41 71 66 2 1)
(41 67 64 2 1)
(41 76 69 2 1)
(43 65 63 3/4 1)
(43 74 68 3/4 1)
(43 43 50 3/4 1)
(43 67 64 3/4 1)
(175/4 72 67 1/4 1)
(175/4 48 53 1/4 1)
(175/4 67 64 1/4 1)
(175/4 64 62 1/4 1)
(44 67 64 1 1)
(44 62 61 1 1)
(44 55 57 1 1)
(44 71 66 1 1)
(45 60 60 1 1)
(45 67 64 1 1)
(45 43 50 1 1)
(45 69 65 1 1)
(46 55 57 1 1)
(46 71 66 3/4 1)
(46 62 61 3/4 1)
(46 67 64 3/4 1)
(187/4 65 63 1/4 1)
(187/4 67 64 1/4 1)
(187/4 74 68 1/4 1)
(47 67 64 2 1)
(47 48 53 1 1)
(47 64 62 2 1)
(47 72 67 2 1)
(48 60 60 7/4 1)
(49 64 62 1 1)
(49 67 64 1 1)
(49 72 67 3/4 1)
(199/4 59 59 1/4 1)
(199/4 72 67 1/4 1)
(50 72 67 7/4 1)
(50 57 58 16666667/50000000 1)
(50 69 65 2 1)
(50 65 63 2 1)
(12583333/250000 59 59 16666667/50000000 1)
(12666667/250000 57 58 16666667/50000000 1)
(51 55 57 1/2 1)
(103/2 53 56 1/2 1)
(207/4 74 68 1/4 1)
(52 67 64 1/2 1)
(52 76 69 1/2 1)
(52 52 55 3/4 1)
(211/4 64 62 1/4 1)
(211/4 68 64 1/4 1)
(211/4 50 54 1/4 1)
(211/4 76 69 1/4 1)
(53 48 53 16666667/50000000 1)
(53 64 62 2 1)
(53 69 65 1 1)
(53 76 69 2 1)
(13333333/250000 50 54 16666667/50000000 1)
(13416667/250000 48 53 16666667/50000000 1)
(54 47 52 1/2 1)
(54 71 66 1/2 1)
(109/2 72 67 1/2 1)
(109/2 45 51 1/2 1)
(55 64 62 3/4 1)
(55 71 66 3/4 1)
(55 76 69 3/4 1)
(55 43 50 3/4 1)
(223/4 69 65 1/4 1)
(223/4 71 66 1/4 1)
(223/4 76 69 1/4 1)
(223/4 42 49 1/4 1)
(56 76 69 1 1)
(56 40 48 1 1)
(56 67 64 1 1)
(56 71 66 1 1)
(57 71 66 1 1)
(57 66 63 1 1)
(57 75 68 1 1)
(57 35 45 1 1)
(58 28 41 1 1)
(58 76 69 3 1)
(58 64 62 3 1)
(58 68 64 3 1)
(59 40 48 1 1)
(60 52 55 1 1)
(61 69 65 3/4 1)
(61 60 60 3/4 1)
(61 64 62 1 1)
(247/4 69 65 1/4 1)
(247/4 59 59 1/4 1)
(62 69 65 7/4 1)
(62 69 65 2 1)
(62 57 58 16666667/50000000 1)
(62 62 61 2 1)
(62 65 63 7/4 1)
(15583333/250000 59 59 16666667/50000000 1)
(15666667/250000 57 58 16666667/50000000 1)
(63 55 57 1/2 1)
(127/2 53 56 1/2 1)
(255/4 71 66 1/4 1)
(64 60 60 1 1)
(64 52 55 3/4 1)
(64 72 67 3/4 1)
(64 69 65 1 1)
(259/4 50 54 1/4 1)
(259/4 72 67 1/4 1)
(65 48 53 16666667/50000000 1)
(65 72 67 2 1)
(65 64 62 11/4 1)
(65 69 65 2 1)
(2613/40 50 54 16666667/50000000 1)
(8208333/125000 48 53 16666667/50000000 1)
(66 47 52 1/2 1)
(133/2 45 51 1/2 1)
(67 43 50 3/4 1)
(271/4 63 61 1/4 1)
(271/4 41 49 1/4 1)
(271/4 72 67 1/4 1)
(271/4 69 65 1/4 1)
(68 64 62 1 1)
(68 40 48 1 1)
(68 69 65 1 1)
(68 72 67 1 1)
(69 71 66 1 1)
(69 68 64 1 1)
(69 62 61 1 1)
(69 28 41 1 1)
(69 64 62 1 1)
(70 60 60 1 1)
(70 33 44 1 1)
(70 69 65 1 1)
(71 45 51 1 1)
(72 57 58 1 1)
(73 64 62 1 1)
(73 67 64 3/4 1)
(73 60 60 3/4 1)
(295/4 59 59 1/4 1)
(295/4 72 67 1/4 1)
(74 57 58 16666667/50000000 1)
(74 65 63 2 1)
(74 69 65 2 1)
(74 72 67 7/4 1)
(9291667/125000 59 59 16666667/50000000 1)
(9333333/125000 57 58 16666667/50000000 1)
(75 55 57 1/2 1)
(151/2 53 56 1/2 1)
(303/4 74 68 1/4 1)
(76 52 55 3/4 1)
(76 67 64 1/2 1)
(76 76 69 1/2 1)
(307/4 68 64 1/4 1)
(307/4 76 69 1/4 1)
(307/4 64 62 1/4 1)
(307/4 50 54 1/4 1)
(77 48 53 16666667/50000000 1)
(77 64 62 2 1)
(77 76 69 2 1)
(77 69 65 1 1)
(9666667/125000 50 54 16666667/50000000 1)
(9708333/125000 48 53 16666667/50000000 1)
(78 47 52 1/2 1)
(78 71 66 1/2 1)
(157/2 72 67 1/2 1)
(157/2 45 51 1/2 1)
(79 71 66 3/4 1)
(79 64 62 3/4 1)
(79 43 50 3/4 1)
(79 76 69 3/4 1)
(319/4 42 49 1/4 1)
(319/4 69 65 1/4 1)
(319/4 76 69 1/4 1)
(319/4 71 66 1/4 1)
(80 67 64 1 1)
(80 40 48 1 1)
(80 76 69 1 1)
(80 71 66 1 1)
(81 35 45 1 1)
(81 75 68 1 1)
(81 71 66 1 1)
(81 66 63 1 1)
(82 68 64 3 1)
(82 76 69 3 1)
(82 28 41 1 1)
(82 64 62 3 1)
(83 40 48 1 1)
(84 52 55 1 1)
(85 60 60 3/4 1)
(85 64 62 1 1)
(85 69 65 3/4 1)
(343/4 69 65 1/4 1)
(343/4 59 59 1/4 1)
(86 57 58 16666667/50000000 1)
(86 62 61 2 1)
(86 65 63 7/4 1)
(86 69 65 2 1)
(10791667/125000 59 59 16666667/50000000 1)
(10833333/125000 57 58 16666667/50000000 1)
(87 55 57 1/2 1)
(175/2 53 56 1/2 1)
(351/4 71 66 1/4 1)
(88 72 67 3/4 1)
(88 60 60 1 1)
(88 69 65 1 1)
(88 52 55 3/4 1)
(355/4 50 54 1/4 1)
(355/4 72 67 1/4 1)
(89 64 62 11/4 1)
(89 69 65 2 1)
(89 72 67 2 1)
(89 48 53 16666667/50000000 1)
(11166667/125000 50 54 16666667/50000000 1)
(11208333/125000 48 53 16666667/50000000 1)
(90 47 52 1/2 1)
(181/2 45 51 1/2 1)
(91 43 50 3/4 1)
(367/4 69 65 1/4 1)
(367/4 72 67 1/4 1)
(367/4 63 61 1/4 1)
(367/4 41 49 1/4 1)
(92 69 65 1 1)
(92 40 48 1 1)
(92 64 62 1 1)
(92 72 67 1 1)
(93 68 64 1 1)
(93 71 66 1 1)
(93 62 61 1 1)
(93 28 41 1 1)
(94 69 65 3 1)
(94 33 44 1 1)
(95 45 51 2 1)
(96 52 55 1 1)
(96 61 60 1 1)
(96 64 62 1 1)
(97 59 59 2 1)
(97 71 66 2 1)
(98 62 61 1 1)
(98 64 62 1 1)
(98 68 64 1 1)
(98 52 55 1 1)
(99 62 61 1 1)
(99 74 68 1 1)
(100 61 60 1/2 1)
(100 73 67 3/4 1)
(403/4 68 64 1/4 1)
(403/4 64 62 1/4 1)
(403/4 61 60 1/4 1)
(403/4 45 51 1/4 1)
(101 71 66 1 1)
(101 59 59 1 1)
(102 64 62 1 1)
(102 61 60 1 1)
(102 69 65 1 1)
(102 57 58 1 1)
(103 62 61 2 1)
(103 74 68 2 1)
(104 66 63 1 1)
(104 57 58 1 1)
(104 69 65 1 1)
(104 50 54 1 1)
(105 78 70 1 1)
(105 66 63 1 1)
(106 66 63 3/4 1)
(106 78 70 3/4 1)
(427/4 75 68 1/4 1)
(427/4 73 67 1/4 1)
(427/4 57 58 1/4 1)
(427/4 69 65 1/4 1)
(427/4 63 61 1/4 1)
(107 66 63 1 1)
(107 78 70 1 1)
(108 73 67 1 1)
(108 76 69 1 1)
(108 64 62 1 1)
(108 69 65 1 1)
(109 66 63 3/4 1)
(109 78 70 3/4 1)
(439/4 52 55 1/4 1)
(439/4 68 64 1/4 1)
(439/4 75 68 1/4 1)
(439/4 74 68 1/4 1)
(110 66 63 1 1)
(110 78 70 1 1)
(111 74 68 1 1)
(111 76 69 1 1)
(111 64 62 1 1)
(111 68 64 1 1)
(112 69 65 1/2 1)
(112 81 72 1/2 1)
(451/4 69 65 1/4 1)
(451/4 63 61 1/4 1)
(451/4 73 67 1/4 1)
(451/4 75 68 1/4 1)
(113 66 63 1 1)
(113 78 70 1 1)
(114 69 65 1 1)
(114 64 62 1 1)
(114 73 67 1 1)
(114 76 69 1 1)
(115 61 60 3/4 1)
(115 73 67 3/4 1)
(463/4 47 52 1/4 1)
(463/4 69 65 1/4 1)
(463/4 63 61 1/4 1)
(463/4 70 66 1/4 1)
(116 61 60 1 1)
(116 73 67 1 1)
(117 63 61 1 1)
(117 71 66 1 1)
(117 69 65 1 1)
(117 59 59 1 1)
(118 73 67 3/4 1)
(118 61 60 3/4 1)
(475/4 64 62 1/4 1)
(475/4 68 64 1/4 1)
(475/4 58 59 1/4 1)
(475/4 52 55 1/4 1)
(475/4 70 66 1/4 1)
(119 61 60 1 1)
(119 73 67 1 1)
(120 59 59 1 1)
(120 64 62 1 1)
(120 71 66 1 1)
(120 68 64 1 1)
(121 59 59 2 1)
(121 71 66 2 1)
(122 54 56 1 1)
(122 66 63 1 1)
(122 47 52 1 1)
(122 62 61 1 1)
(123 62 61 1 1)
(123 74 68 1 1)
(124 61 60 3/4 1)
(124 73 67 3/4 1)
(499/4 66 63 1/4 1)
(499/4 68 64 1/4 1)
(499/4 61 60 1/4 1)
(499/4 42 49 1/4 1)
(125 59 59 1 1)
(125 71 66 1 1)
(126 66 63 1 1)
(126 61 60 1 1)
(126 69 65 1 1)
(126 57 58 1 1)
(127 74 68 2 1)
(127 62 61 2 1)
(128 66 63 1 1)
(128 57 58 1 1)
(128 50 54 1 1)
(128 69 65 1 1)
(129 78 70 1 1)
(129 66 63 1 1)
(130 66 63 3/4 1)
(130 78 70 3/4 1)
(523/4 63 61 1/4 1)
(523/4 57 58 1/4 1)
(523/4 69 65 1/4 1)
(523/4 73 67 1/4 1)
(523/4 75 68 1/4 1)
(131 78 70 1 1)
(131 66 63 1 1)
(132 69 65 1 1)
(132 73 67 1 1)
(132 64 62 1 1)
(132 76 69 1 1)
(133 66 63 3/4 1)
(133 78 70 3/4 1)
(535/4 68 64 1/4 1)
(535/4 74 68 1/4 1)
(535/4 52 55 1/4 1)
(535/4 75 68 1/4 1)
(134 66 63 1 1)
(134 78 70 1 1)
(135 64 62 1 1)
(135 74 68 1 1)
(135 68 64 1 1)
(135 76 69 1 1)
(136 73 67 1/2 1)
(136 85 74 1/2 1)
(547/4 69 65 1/4 1)
(547/4 75 68 1/4 1)
(547/4 63 61 1/4 1)
(547/4 73 67 1/4 1)
(137 66 63 1 1)
(137 78 70 1 1)
(138 73 67 1 1)
(138 76 69 1 1)
(138 64 62 1 1)
(138 69 65 1 1)
(139 62 61 3/4 1)
(139 74 68 3/4 1)
(559/4 61 60 1/4 1)
(559/4 69 65 1/4 1)
(559/4 73 67 1/4 1)
(559/4 64 62 1/4 1)
(140 62 61 1 1)
(140 74 68 1 1)
(141 61 60 1 1)
(141 69 65 1 1)
(141 64 62 1 1)
(141 73 67 1 1)
(142 59 59 3/4 1)
(142 71 66 3/4 1)
(571/4 69 65 1/4 1)
(571/4 61 60 1/4 1)
(571/4 57 58 1/4 1)
(571/4 64 62 1/4 1)
(143 59 59 1 1)
(143 71 66 1 1)
(144 57 58 1 1)
(144 69 65 1 1)
(144 61 60 1 1)
(144 64 62 1 1)
(145 56 57 2 1)
(145 68 64 2 1)
(146 64 62 1 1)
(146 49 53 1 1)
(146 61 60 1 1)
(147 73 67 1 1)
(147 61 60 1 1)
(148 60 60 1/2 1)
(148 72 67 3/4 1)
(595/4 68 64 1/4 1)
(595/4 44 50 1/4 1)
(595/4 60 60 1/4 1)
(595/4 66 63 1/4 1)
(149 57 58 1 1)
(149 69 65 1 1)
(150 68 64 1 1)
(150 56 57 1 1)
(150 60 60 1 1)
(150 66 63 1 1)
(151 56 57 2 1)
(151 68 64 2 1)
(152 49 53 1 1)
(152 64 62 1 1)
(152 61 60 1 1)
(153 61 60 1 1)
(153 73 67 1 1)
(154 71 66 3/4 1)
(154 59 59 3/4 1)
(619/4 44 50 1/4 1)
(619/4 65 63 1/4 1)
(619/4 59 59 1/4 1)
(619/4 68 64 1/4 1)
(155 57 58 1 1)
(155 69 65 1 1)
(156 56 57 1 1)
(156 62 61 1 1)
(156 68 64 1 1)
(156 59 59 1 1)
(157 52 55 2 1)
(157 64 62 2 1)
(158 61 60 1 1)
(158 57 58 1 1)
(158 45 51 1 1)
(159 69 65 1 1)
(159 57 58 1 1)
(160 68 64 1/2 1)
(160 56 57 3/4 1)
(643/4 56 57 1/4 1)
(643/4 64 62 1/4 1)
(643/4 59 59 1/4 1)
(643/4 40 48 1/4 1)
(161 66 63 1 1)
(161 54 56 1 1)
(162 59 59 1 1)
(162 64 62 1 1)
(162 56 57 1 1)
(162 52 55 1 1)
(163 68 64 3/4 1)
(163 56 57 3/4 1)
(655/4 42 49 1/4 1)
(655/4 66 63 1/4 1)
(655/4 64 62 1/4 1)
(655/4 58 59 1/4 1)
(164 68 64 1 1)
(164 56 57 1 1)
(165 64 62 1 1)
(165 54 56 1 1)
(165 58 59 1 1)
(165 66 63 1 1)
(166 56 57 3/4 1)
(166 68 64 3/4 1)
(667/4 47 52 1/4 1)
(667/4 54 56 1/4 1)
(667/4 66 63 1/4 1)
(667/4 59 59 1/4 1)
(667/4 63 61 1/4 1)
(167 56 57 1 1)
(167 68 64 1 1)
(168 63 61 1 1)
(168 66 63 1 1)
(168 59 59 1 1)
(168 54 56 1 1)
(169 57 58 3 1)
(169 61 60 3 1)
(169 69 65 2 1)
(169 42 49 3/4 1)
(679/4 44 50 1/4 1)
(170 42 49 1 1)
(171 66 63 1 1)
(171 45 51 1 1)
(172 49 53 3/4 1)
(172 61 60 3 1)
(172 64 62 3/4 1)
(172 56 57 3 1)
(691/4 51 54 1/4 1)
(691/4 63 61 1/4 1)
(173 64 62 1 1)
(173 49 53 1 1)
(174 61 60 1 1)
(174 52 55 1 1)
(175 57 58 3 1)
(175 61 60 3 1)
(175 42 49 1/2 1)
(175 69 65 2 1)
(351/2 44 50 1/2 1)
(176 42 49 1/2 1)
(353/2 44 50 1/2 1)
(177 45 51 1/2 1)
(177 68 64 1/2 1)
(355/2 66 63 1/2 1)
(355/2 47 52 1/2 1)
(178 49 53 3/4 1)
(178 64 62 3/4 1)
(178 61 60 3 1)
(178 56 57 3 1)
(715/4 51 54 1/4 1)
(715/4 63 61 1/4 1)
(179 64 62 1 1)
(179 49 53 1 1)
(180 61 60 1 1)
(180 52 55 1 1)
(181 66 63 1 1)
(181 63 61 1 1)
(181 59 59 7/2 1)
(181 47 52 1 1)
(182 52 55 3/2 1)
(182 64 62 3/2 1)
(182 68 64 3/2 1)
(367/2 54 56 1/2 1)
(367/2 69 65 1/2 1)
(367/2 63 61 1/2 1)
(184 64 62 3/4 1)
(184 52 55 3/4 1)
(184 68 64 3/4 1)
(739/4 60 60 1/4 1)
(739/4 63 61 1/4 1)
(739/4 66 63 1/4 1)
(185 68 64 1 1)
(185 64 62 1 1)
(185 59 59 1 1)
(186 54 56 1 1)
(186 69 65 1 1)
(186 63 61 1 1)
(187 68 64 3/4 1)
(187 52 55 3/4 1)
(187 64 62 3/4 1)
(751/4 63 61 1/4 1)
(751/4 66 63 1/4 1)
(751/4 60 60 1/4 1)
(188 59 59 1 1)
(188 68 64 1 1)
(188 64 62 1 1)
(189 63 61 1 1)
(189 69 65 1 1)
(189 54 56 1 1)
(190 68 64 3/4 1)
(190 64 62 3/4 1)
(190 52 55 3/4 1)
(763/4 63 61 1/4 1)
(763/4 60 60 1/4 1)
(763/4 66 63 1/4 1)
(191 64 62 1 1)
(191 68 64 1 1)
(191 59 59 1 1)
(192 69 65 1 1)
(192 63 61 1 1)
(192 54 56 1 1)
(193 52 55 3 1)
(193 71 66 2 1)
(194 64 62 1 1)
(194 68 64 1 1)
(194 59 59 1 1)
(194 62 61 1 1)
(195 62 61 1 1)
(195 74 68 1 1)
(196 73 67 3/4 1)
(196 61 60 1/2 1)
(787/4 45 51 1/4 1)
(787/4 61 60 1/4 1)
(787/4 68 64 1/4 1)
(787/4 64 62 1/4 1)
(197 71 66 1 1)
(197 59 59 1 1)
(198 64 62 1 1)
(198 61 60 1 1)
(198 69 65 1 1)
(198 57 58 1 1)
(199 74 68 2 1)
(199 62 61 2 1)
(200 69 65 1 1)
(200 57 58 1 1)
(200 66 63 1 1)
(200 50 54 1 1)
(201 66 63 1 1)
(201 78 70 1 1)
(202 66 63 3/4 1)
(202 78 70 3/4 1)
(811/4 63 61 1/4 1)
(811/4 69 65 1/4 1)
(811/4 57 58 1/4 1)
(811/4 73 67 1/4 1)
(811/4 75 68 1/4 1)
(203 66 63 1 1)
(203 78 70 1 1)
(204 64 62 1 1)
(204 69 65 1 1)
(204 76 69 1 1)
(204 73 67 1 1)
(205 66 63 3/4 1)
(205 78 70 3/4 1)
(823/4 74 68 1/4 1)
(823/4 75 68 1/4 1)
(823/4 68 64 1/4 1)
(823/4 52 55 1/4 1)
(206 78 70 1 1)
(206 66 63 1 1)
(207 68 64 1 1)
(207 74 68 1 1)
(207 76 69 1 1)
(207 64 62 1 1)
(208 81 72 1/2 1)
(208 69 65 1/2 1)
(835/4 69 65 1/4 1)
(835/4 73 67 1/4 1)
(835/4 75 68 1/4 1)
(835/4 63 61 1/4 1)
(209 78 70 1 1)
(209 66 63 1 1)
(210 73 67 1 1)
(210 76 69 1 1)
(210 69 65 1 1)
(210 64 62 1 1)
(211 61 60 3/4 1)
(211 73 67 3/4 1)
(847/4 62 61 1/4 1)
(847/4 69 65 1/4 1)
(847/4 70 66 1/4 1)
(847/4 47 52 1/4 1)
(212 61 60 1 1)
(212 73 67 1 1)
(213 62 61 1 1)
(213 69 65 1 1)
(213 71 66 1 1)
(213 59 59 1 1)
(214 61 60 3/4 1)
(214 73 67 3/4 1)
(859/4 70 66 1/4 1)
(859/4 52 55 1/4 1)
(859/4 58 59 1/4 1)
(859/4 64 62 1/4 1)
(859/4 68 64 1/4 1)
(215 73 67 1 1)
(215 61 60 1 1)
(216 59 59 1 1)
(216 68 64 1 1)
(216 71 66 1 1)
(216 64 62 1 1)
(217 71 66 2 1)
(217 59 59 2 1)
(218 54 56 1 1)
(218 62 61 1 1)
(218 47 52 1 1)
(218 66 63 1 1)
(219 62 61 1 1)
(219 74 68 1 1)
(220 73 67 3/4 1)
(220 61 60 3/4 1)
(883/4 61 60 1/4 1)
(883/4 42 49 1/4 1)
(883/4 68 64 1/4 1)
(883/4 66 63 1/4 1)
(221 59 59 1 1)
(221 71 66 1 1)
(222 66 63 1 1)
(222 57 58 1 1)
(222 61 60 1 1)
(222 69 65 1 1)
(223 62 61 2 1)
(223 74 68 2 1)
(224 50 54 1 1)
(224 66 63 1 1)
(224 69 65 1 1)
(224 57 58 1 1)
(225 78 70 1 1)
(225 66 63 1 1)
(226 78 70 3/4 1)
(226 66 63 3/4 1)
(907/4 73 67 1/4 1)
(907/4 69 65 1/4 1)
(907/4 75 68 1/4 1)
(907/4 63 61 1/4 1)
(907/4 57 58 1/4 1)
(227 78 70 1 1)
(227 66 63 1 1)
(228 76 69 1 1)
(228 73 67 1 1)
(228 64 62 1 1)
(228 69 65 1 1)
(229 66 63 3/4 1)
(229 78 70 3/4 1)
(919/4 68 64 1/4 1)
(919/4 52 55 1/4 1)
(919/4 74 68 1/4 1)
(919/4 75 68 1/4 1)
(230 66 63 1 1)
(230 78 70 1 1)
(231 68 64 1 1)
(231 64 62 1 1)
(231 74 68 1 1)
(231 76 69 1 1)
(232 73 67 1/2 1)
(232 85 74 1/2 1)
(931/4 69 65 1/4 1)
(931/4 63 61 1/4 1)
(931/4 75 68 1/4 1)
(931/4 73 67 1/4 1)
(233 66 63 1 1)
(233 78 70 1 1)
(234 64 62 1 1)
(234 69 65 1 1)
(234 73 67 1 1)
(234 76 69 1 1)
(235 61 60 1 1)
(235 74 68 3/4 1)
(943/4 64 62 1/4 1)
(943/4 69 65 1/4 1)
(943/4 73 67 1/4 1)
(236 62 61 1 1)
(236 74 68 1 1)
(237 64 62 1 1)
(237 73 67 1 1)
(237 69 65 1 1)
(237 61 60 1 1)
(238 59 59 3/4 1)
(238 71 66 3/4 1)
(955/4 57 58 1/4 1)
(955/4 69 65 1/4 1)
(955/4 64 62 1/4 1)
(955/4 61 60 1/4 1)
(239 71 66 1 1)
(239 59 59 1 1)
(240 69 65 1 1)
(240 61 60 1 1)
(240 64 62 1 1)
(240 57 58 1 1)
(241 59 59 2 1)
(241 64 62 2 1)
(241 68 64 2 1)
(241 52 55 1 1)
(242 52 55 11/4 1)
(243 64 62 1 1)
(243 66 63 1 1)
(243 57 58 1 1)
(244 59 59 3/4 1)
(244 68 64 3/4 1)
(244 64 62 3/4 1)
(979/4 45 51 1/4 1)
(979/4 64 62 1/4 1)
(979/4 69 65 1/4 1)
(979/4 60 60 1/4 1)
(245 64 62 2 1)
(245 52 55 2 1)
(245 68 64 2 1)
(245 72 67 2 1)
(247 71 66 3/4 1)
(247 62 61 3/4 1)
(247 64 62 3/4 1)
(247 40 48 3/4 1)
(991/4 45 51 1/4 1)
(991/4 69 65 1/4 1)
(991/4 60 60 1/4 1)
(991/4 64 62 1/4 1)
(248 52 55 1 1)
(248 64 62 1 1)
(248 68 64 1 1)
(248 59 59 1 1)
(249 57 58 1 1)
(249 40 48 1 1)
(249 64 62 1 1)
(249 66 63 1 1)
(250 52 55 3/2 1)
(250 64 62 3/4 1)
(250 68 64 3/4 1)
(250 59 59 3/4 1)
(1003/4 64 62 1/4 1)
(1003/4 62 61 1/4 1)
(1003/4 71 66 1/4 1)
(251 69 65 2 1)
(251 60 60 2 1)
(251 64 62 2 1)
(503/2 53 56 1/2 1)
(252 52 55 1/2 1)
(505/2 45 51 1/2 1)
(253 64 62 1 1)
(253 67 64 1 1)
(253 72 67 1 1)
(253 43 50 1 1)
(254 62 61 3/2 1)
(254 71 66 3/2 1)
(254 67 64 3/2 1)
(254 55 57 3/2 1)
(511/2 67 64 1/2 1)
(511/2 69 65 1/2 1)
(511/2 55 57 1/2 1)
(511/2 60 60 1/2 1)
(256 55 57 3/4 1)
(256 62 61 3/4 1)
(256 71 66 3/4 1)
(256 67 64 3/4 1)
(1027/4 67 64 1/4 1)
(1027/4 64 62 1/4 1)
(1027/4 72 67 1/4 1)
(1027/4 48 53 1/4 1)
(257 71 66 2 1)
(257 76 69 2 1)
(257 67 64 2 1)
(257 55 57 2 1)
(259 74 68 3/4 1)
(259 65 63 3/4 1)
(259 67 64 3/4 1)
(259 43 50 3/4 1)
(1039/4 67 64 1/4 1)
(1039/4 72 67 1/4 1)
(1039/4 48 53 1/4 1)
(1039/4 64 62 1/4 1)
(260 55 57 1 1)
(260 71 66 1 1)
(260 67 64 1 1)
(260 62 61 1 1)
(261 67 64 1 1)
(261 69 65 1 1)
(261 60 60 1 1)
(261 43 50 1 1)
(262 67 64 3/4 1)
(262 71 66 3/4 1)
(262 62 61 3/4 1)
(262 55 57 1 1)
(1051/4 67 64 1/4 1)
(1051/4 74 68 1/4 1)
(1051/4 65 63 1/4 1)
(263 64 62 1 1)
(263 67 64 1 1)
(263 72 67 1 1)
(263 48 53 1 1)
(264 65 63 3/4 1)
(264 62 61 3/4 1)
(264 71 66 3/4 1)
(264 50 54 3/4 1)
(1059/4 60 60 1/4 1)
(1059/4 69 65 1/4 1)
(1059/4 66 63 1/4 1)
(1059/4 51 54 1/4 1)
(265 60 60 1 1)
(265 64 62 1 1)
(265 69 65 1 1)
(265 52 55 2 1)
(266 68 64 3/2 1)
(266 59 59 3/2 1)
(266 64 62 3/2 1)
(267 52 55 7/4 1)
(535/2 66 63 1/2 1)
(535/2 57 58 1/2 1)
(535/2 64 62 1/2 1)
(268 68 64 3/4 1)
(268 59 59 3/4 1)
(268 64 62 3/4 1)
(1075/4 60 60 1/4 1)
(1075/4 69 65 1/4 1)
(1075/4 64 62 1/4 1)
(1075/4 45 51 1/4 1)
(269 52 55 2 1)
(269 72 67 2 1)
(269 68 64 2 1)
(269 64 62 2 1)
(271 62 61 3/4 1)
(271 64 62 3/4 1)
(271 71 66 3/4 1)
(271 40 48 3/4 1)
(1087/4 60 60 1/4 1)
(1087/4 69 65 1/4 1)
(1087/4 64 62 1/4 1)
(1087/4 45 51 1/4 1)
(272 52 55 1 1)
(272 59 59 1 1)
(272 64 62 1 1)
(272 68 64 1 1)
(273 57 58 1 1)
(273 64 62 1 1)
(273 66 63 1 1)
(273 40 48 1 1)
(274 68 64 3/4 1)
(274 52 55 3/2 1)
(274 59 59 3/4 1)
(274 64 62 3/4 1)
(1099/4 64 62 1/4 1)
(1099/4 62 61 1/4 1)
(1099/4 71 66 1/4 1)
(275 64 62 2 1)
(275 69 65 2 1)
(275 60 60 2 1)
(551/2 53 56 1/2 1)
(276 52 55 1/2 1)
(553/2 45 51 1/2 1)
(277 67 64 1 1)
(277 72 67 1 1)
(277 43 50 1 1)
(277 64 62 1 1)
(278 67 64 3/2 1)
(278 55 57 3/2 1)
(278 62 61 3/2 1)
(278 71 66 3/2 1)
(559/2 69 65 1/2 1)
(559/2 60 60 1/2 1)
(559/2 55 57 1/2 1)
(559/2 67 64 1/2 1)
(280 55 57 3/4 1)
(280 67 64 3/4 1)
(280 71 66 3/4 1)
(280 62 61 3/4 1)
(1123/4 48 53 1/4 1)
(1123/4 67 64 1/4 1)
(1123/4 64 62 1/4 1)
(1123/4 72 67 1/4 1)
(281 71 66 2 1)
(281 76 69 2 1)
(281 55 57 2 1)
(281 67 64 2 1)
(283 43 50 3/4 1)
(283 67 64 3/4 1)
(283 65 63 3/4 1)
(283 74 68 3/4 1)
(1135/4 48 53 1/4 1)
(1135/4 72 67 1/4 1)
(1135/4 67 64 1/4 1)
(1135/4 64 62 1/4 1)
(284 71 66 1 1)
(284 62 61 1 1)
(284 67 64 1 1)
(284 55 57 1 1)
(285 60 60 1 1)
(285 43 50 1 1)
(285 69 65 1 1)
(285 67 64 1 1)
(286 71 66 3/4 1)
(286 67 64 3/4 1)
(286 55 57 1 1)
(286 62 61 3/4 1)
(1147/4 65 63 1/4 1)
(1147/4 67 64 1/4 1)
(1147/4 74 68 1/4 1)
(287 48 53 1 1)
(287 67 64 2 1)
(287 64 62 2 1)
(287 72 67 2 1)
(288 60 60 7/4 1)
(289 72 67 3/4 1)
(289 64 62 1 1)
(289 67 64 1 1)
(1159/4 72 67 1/4 1)
(1159/4 59 59 1/4 1)
(290 65 63 2 1)
(290 57 58 16666667/50000000 1)
(290 72 67 7/4 1)
(290 69 65 2 1)
(14516667/50000 59 59 16666667/50000000 1)
(14533333/50000 57 58 16666667/50000000 1)
(291 55 57 1/2 1)
(583/2 53 56 1/2 1)
(1167/4 74 68 1/4 1)
(292 52 55 3/4 1)
(292 76 69 1/2 1)
(292 67 64 1/2 1)
(1171/4 76 69 1/4 1)
(1171/4 64 62 1/4 1)
(1171/4 68 64 1/4 1)
(1171/4 50 54 1/4 1)
(293 69 65 1 1)
(293 76 69 2 1)
(293 64 62 2 1)
(293 48 53 16666667/50000000 1)
(14666667/50000 50 54 16666667/50000000 1)
(14683333/50000 48 53 16666667/50000000 1)
(294 47 52 1/2 1)
(294 71 66 1/2 1)
(589/2 45 51 1/2 1)
(589/2 72 67 1/2 1)
(295 76 69 3/4 1)
(295 64 62 3/4 1)
(295 43 50 3/4 1)
(295 71 66 3/4 1)
(1183/4 42 49 1/4 1)
(1183/4 71 66 1/4 1)
(1183/4 69 65 1/4 1)
(1183/4 76 69 1/4 1)
(296 67 64 1 1)
(296 40 48 1 1)
(296 71 66 1 1)
(296 76 69 1 1)
(297 35 45 1 1)
(297 66 63 1 1)
(297 71 66 1 1)
(297 75 68 1 1)
(298 28 41 1 1)
(298 76 69 3 1)
(298 68 64 3 1)
(298 64 62 3 1)
(299 40 48 1 1)
(300 52 55 1 1)
(301 60 60 3/4 1)
(301 69 65 3/4 1)
(301 64 62 1 1)
(1207/4 69 65 1/4 1)
(1207/4 59 59 1/4 1)
(302 57 58 16666667/50000000 1)
(302 62 61 2 1)
(302 65 63 7/4 1)
(302 69 65 2 1)
(302 69 65 7/4 1)
(15116667/50000 59 59 16666667/50000000 1)
(15133333/50000 57 58 16666667/50000000 1)
(303 55 57 1/2 1)
(607/2 53 56 1/2 1)
(1215/4 71 66 1/4 1)
(304 52 55 3/4 1)
(304 72 67 3/4 1)
(304 69 65 1 1)
(304 60 60 1 1)
(1219/4 50 54 1/4 1)
(1219/4 72 67 1/4 1)
(305 69 65 2 1)
(305 72 67 2 1)
(305 48 53 16666667/50000000 1)
(305 64 62 11/4 1)
(15266667/50000 50 54 16666667/50000000 1)
(15283333/50000 48 53 16666667/50000000 1)
(306 47 52 1/2 1)
(613/2 45 51 1/2 1)
(307 43 50 3/4 1)
(1231/4 41 49 1/4 1)
(1231/4 69 65 1/4 1)
(1231/4 72 67 1/4 1)
(1231/4 63 61 1/4 1)
(308 40 48 1 1)
(308 72 67 1 1)
(308 64 62 1 1)
(308 69 65 1 1)
(309 28 41 1 1)
(309 71 66 1 1)
(309 62 61 1 1)
(309 68 64 1 1)
(310 64 62 1 1)
(310 69 65 1 1)
(310 60 60 1 1)
(310 33 44 1 1)
(311 45 51 1 1)
(312 57 58 1 1)
(313 60 60 3/4 1)
(313 67 64 3/4 1)
(313 67 64 1 1)
(313 64 62 1 1)
(1255/4 59 59 1/4 1)
(1255/4 72 67 1/4 1)
(314 72 67 7/4 1)
(314 69 65 2 1)
(314 57 58 16666667/50000000 1)
(314 65 63 2 1)
(15716667/50000 59 59 16666667/50000000 1)
(15733333/50000 57 58 16666667/50000000 1)
(315 55 57 1/2 1)
(631/2 53 56 1/2 1)
(1263/4 74 68 1/4 1)
(316 67 64 1/2 1)
(316 52 55 3/4 1)
(316 76 69 1/2 1)
(1267/4 68 64 1/4 1)
(1267/4 50 54 1/4 1)
(1267/4 64 62 1/4 1)
(1267/4 76 69 1/4 1)
(317 48 53 16666667/50000000 1)
(317 64 62 2 1)
(317 69 65 1 1)
(317 76 69 2 1)
(15866667/50000 50 54 16666667/50000000 1)
(15883333/50000 48 53 16666667/50000000 1)
(318 47 52 1/2 1)
(318 71 66 1/2 1)
(637/2 45 51 1/2 1)
(637/2 72 67 1/2 1)
(319 71 66 3/4 1)
(319 64 62 3/4 1)
(319 43 50 3/4 1)
(319 76 69 3/4 1)
(1279/4 76 69 1/4 1)
(1279/4 42 49 1/4 1)
(1279/4 71 66 1/4 1)
(1279/4 69 65 1/4 1)
(320 71 66 1 1)
(320 40 48 1 1)
(320 67 64 1 1)
(320 76 69 1 1)
(321 75 68 1 1)
(321 35 45 1 1)
(321 71 66 1 1)
(321 66 63 1 1)
(322 68 64 3 1)
(322 28 41 1 1)
(322 64 62 3 1)
(322 76 69 3 1)
(323 40 48 1 1)
(324 52 55 1 1)
(325 60 60 3/4 1)
(325 69 65 3/4 1)
(325 64 62 1 1)
(1303/4 59 59 1/4 1)
(1303/4 69 65 1/4 1)
(326 57 58 16666667/50000000 1)
(326 62 61 2 1)
(326 65 63 7/4 1)
(326 69 65 2 1)
(326 69 65 7/4 1)
(16316667/50000 59 59 16666667/50000000 1)
(16333333/50000 57 58 16666667/50000000 1)
(327 55 57 1/2 1)
(655/2 53 56 1/2 1)
(1311/4 71 66 1/4 1)
(328 60 60 1 1)
(328 69 65 1 1)
(328 52 55 3/4 1)
(328 72 67 3/4 1)
(1315/4 50 54 1/4 1)
(1315/4 72 67 1/4 1)
(329 64 62 11/4 1)
(329 69 65 2 1)
(329 72 67 2 1)
(329 48 53 16666667/50000000 1)
(16466667/50000 50 54 16666667/50000000 1)
(16483333/50000 48 53 16666667/50000000 1)
(330 47 52 1/2 1)
(661/2 45 51 1/2 1)
(331 43 50 3/4 1)
(1327/4 69 65 1/4 1)
(1327/4 63 61 1/4 1)
(1327/4 41 49 1/4 1)
(1327/4 72 67 1/4 1)
(332 40 48 1 1)
(332 64 62 1 1)
(332 72 67 1 1)
(332 69 65 1 1)
(333 28 41 1 1)
(333 68 64 1 1)
(333 62 61 1 1)
(333 71 66 1 1)
(334 33 44 1 1)
(334 69 65 3 1)
(335 45 51 2 1)
(335 52 55 2 1)
(335 60 60 2 1)
(335 64 62 2 1)
