(0 76 69 1 1)
(1 77 69 3/4 1)
(7/4 76 69 1/4 1)
(2 74 68 1 1)
(3 77 69 1 1)
(4 77 69 2 1)
(6 76 69 1 1)
(7 74 68 16666667/100000000 1)
(14333333/2000000 76 69 16666667/100000000 1)
(14666667/2000000 74 68 16666667/100000000 1)
(15/2 73 67 1/2 1)
(8 74 68 1/2 1)
(17/2 75 68 1/2 1)
(9 76 69 1/2 1)
(19/2 71 66 1/2 1)
(10 74 68 2 1)
(12 72 67 1 1)
(13 69 65 16666667/50000000 1)
(13333333/1000000 71 66 16666667/50000000 1)
(13666667/1000000 69 65 16666667/50000000 1)
(14 68 64 1 1)
(15 69 65 1 1)
(16 71 66 1/2 1)
(17 76 69 2 1)
(19 71 66 1/2 1)
(39/2 67 64 1/2 1)
(20 64 62 1/2 1)
(41/2 71 66 1/2 1)
(21 63 61 1 1)
(22 64 62 2 1)
(24 76 69 1 1)
(25 77 69 3/4 1)
(103/4 76 69 1/4 1)
(26 74 68 1 1)
(27 77 69 1 1)
(28 77 69 2 1)
(30 76 69 1 1)
(31 74 68 16666667/100000000 1)
(15583333/500000 76 69 16666667/100000000 1)
(15666667/500000 74 68 16666667/100000000 1)
(63/2 73 67 1/2 1)
(32 74 68 1/2 1)
(65/2 75 68 1/2 1)
(33 76 69 1/2 1)
(67/2 71 66 1/2 1)
(34 71 66 1/10 1)
(34 74 68 2 1)
(36 72 67 1 1)
(37 69 65 16666667/50000000 1)
(9333333/250000 70 65 16666667/50000000 1)
(9416667/250000 69 65 16666667/50000000 1)
(38 67 64 1 1)
(39 69 65 1 1)
(40 62 61 1 1)
(40 70 65 1 1)
(41 65 62 1 1)
(41 74 68 1 1)
(43 69 65 3/4 1)
(175/4 68 64 1/4 1)
(44 62 61 1 1)
(44 64 62 1 1)
(45 68 64 1 1)
(45 62 61 1 1)
(46 69 65 2 1)
(46 60 60 1 1)
(48 71 66 1 1)
(49 72 67 1/2 1)
(99/2 74 68 1/2 1)
(50 75 68 1 1)
(51 75 68 3/4 1)
(207/4 77 69 1/4 1)
(52 75 68 2 1)
(54 74 68 1 1)
(55 72 67 1/2 1)
(111/2 74 68 1/2 1)
(56 75 68 1 1)
(57 75 68 3/4 1)
(231/4 77 69 1/4 1)
(58 75 68 2 1)
(60 74 68 1 1)
(61 82 72 2 1)
(63 73 67 1 1)
(64 81 72 2 1)
(66 72 67 1 1)
(67 80 71 2 1)
(69 71 66 1 1)
(70 79 71 3/2 1)
(143/2 70 65 1/2 1)
(72 69 65 1/2 1)
(145/2 76 69 1/2 1)
(73 77 69 1/2 1)
(147/2 76 69 1/2 1)
(74 74 68 1 1)
(75 77 69 1 1)
(76 77 69 2 1)
(78 76 69 1 1)
(79 74 68 16666667/100000000 1)
(9895833/125000 76 69 16666667/100000000 1)
(9916667/125000 74 68 16666667/100000000 1)
(159/2 73 67 1/2 1)
(80 74 68 1/2 1)
(161/2 75 68 1/2 1)
(81 76 69 1/2 1)
(163/2 71 66 1/2 1)
(82 74 68 2 1)
(84 72 67 1 1)
(85 69 65 16666667/50000000 1)
(10666667/125000 70 65 16666667/50000000 1)
(10708333/125000 69 65 16666667/50000000 1)
(86 67 64 1 1)
(87 69 65 1 1)
(88 70 65 1 1)
(88 62 61 1 1)
(89 74 68 1 1)
(89 65 62 1 1)
(91 69 65 3/4 1)
(367/4 68 64 1/4 1)
(92 64 62 1 1)
(92 62 61 1 1)
(93 68 64 1 1)
(93 62 61 1 1)
(94 69 65 2 1)
(94 60 60 1 1)
(96 69 65 3 1)
(97 64 62 1/2 1)
(97 61 60 1/2 1)
(98 64 62 1/2 1)
(98 61 60 1/2 1)
(99 67 64 1 1)
(99 73 67 1/2 1)
(399/4 73 67 1/4 1)
(100 74 68 1 1)
(100 66 63 1 1)
(101 71 66 1 1)
(101 65 62 1 1)
(102 62 61 1 1)
(102 68 64 3/4 1)
(411/4 64 62 1/4 1)
(103 61 60 3/2 1)
(103 69 65 3/2 1)
(209/2 68 64 1/2 1)
(209/2 71 66 1/2 1)
(105 73 67 3/4 1)
(105 67 64 1 1)
(423/4 76 69 1/4 1)
(106 66 63 1 1)
(106 74 68 1 1)
(107 71 66 1 1)
(107 65 62 1 1)
(108 68 64 16666667/50000000 1)
(108 62 61 1 1)
(13541667/125000 66 63 16666667/50000000 1)
(13583333/125000 64 62 16666667/50000000 1)
(109 69 65 3/2 1)
(109 61 60 3/2 1)
(221/2 68 64 1/2 1)
(221/2 71 66 1/2 1)
(111 67 64 16666667/100000000 1)
(111 73 67 16666667/100000000 1)
(13916667/125000 67 64 16666667/100000000 1)
(13916667/125000 73 67 16666667/100000000 1)
(13958333/125000 67 64 16666667/100000000 1)
(13958333/125000 73 67 16666667/100000000 1)
(112 66 63 1 1)
(112 74 68 1 1)
(113 65 62 1 1)
(113 71 66 1 1)
(114 68 64 16666667/100000000 1)
(114 62 61 16666667/100000000 1)
(14291667/125000 62 61 16666667/100000000 1)
(14291667/125000 66 63 16666667/100000000 1)
(14333333/125000 64 62 16666667/100000000 1)
(14333333/125000 62 61 16666667/100000000 1)
(115 61 60 3/2 1)
(115 69 65 3/2 1)
(233/2 71 66 1/2 1)
(233/2 68 64 1/2 1)
(117 67 64 16666667/100000000 1)
(117 73 67 16666667/100000000 1)
(14666667/125000 74 68 16666667/100000000 1)
(14666667/125000 67 64 16666667/100000000 1)
(14708333/125000 76 69 16666667/100000000 1)
(14708333/125000 67 64 16666667/100000000 1)
(118 66 63 1 1)
(118 74 68 1 1)
(119 71 66 1 1)
(119 65 62 1 1)
(120 68 64 16666667/100000000 1)
(120 62 61 16666667/100000000 1)
(15041667/125000 62 61 16666667/100000000 1)
(15041667/125000 66 63 16666667/100000000 1)
(15083333/125000 64 62 16666667/100000000 1)
(15083333/125000 62 61 16666667/100000000 1)
(121 69 65 2 1)
(121 61 60 2 1)
(123 69 65 1/2 1)
(123 73 67 1/2 1)
(495/4 73 67 1/4 1)
(495/4 69 65 1/4 1)
(124 74 68 1/2 1)
(124 71 66 1/2 1)
(125 71 66 1/2 1)
(125 68 64 1/2 1)
(126 73 67 16666667/50000000 1)
(126 69 65 16666667/50000000 1)
(15791667/125000 71 66 16666667/50000000 1)
(15791667/125000 68 64 16666667/50000000 1)
(15833333/125000 69 65 16666667/50000000 1)
(15833333/125000 66 63 16666667/50000000 1)
(127 74 68 1/2 1)
(127 71 66 1/2 1)
(128 68 64 1/2 1)
(128 71 66 1/2 1)
(129 69 65 1/2 1)
(129 73 67 1/2 1)
(519/4 73 67 1/4 1)
(519/4 69 65 1/4 1)
(130 74 68 1/2 1)
(130 71 66 1/2 1)
(131 68 64 1/2 1)
(131 71 66 1/2 1)
(132 73 67 16666667/50000000 1)
(132 69 65 16666667/50000000 1)
(13233333/100000 68 64 16666667/50000000 1)
(13233333/100000 71 66 16666667/50000000 1)
(6632917/50000 66 63 16666667/50000000 1)
(6632917/50000 69 65 16666667/50000000 1)
(133 78 70 1 1)
(133 90 77 1 1)
(134 90 77 1 1)
(134 78 70 1 1)
(135 73 67 1/2 1)
(135 69 65 1/2 1)
(543/4 73 67 1/4 1)
(543/4 69 65 1/4 1)
(136 71 66 1/2 1)
(136 74 68 1/2 1)
(137 68 64 1/2 1)
(137 71 66 1/2 1)
(138 69 65 16666667/50000000 1)
(138 73 67 16666667/50000000 1)
(13833333/100000 68 64 16666667/50000000 1)
(13833333/100000 71 66 16666667/50000000 1)
(13866667/100000 69 65 16666667/50000000 1)
(13866667/100000 66 63 16666667/50000000 1)
(139 74 68 1/2 1)
(139 71 66 1/2 1)
(140 68 64 1/2 1)
(140 71 66 1/2 1)
(141 69 65 1 1)
(141 73 67 1/2 1)
(283/2 75 68 1/2 1)
(142 68 64 2 1)
(142 76 69 2 1)
(144 73 67 1/2 1)
(144 69 65 1 1)
(289/2 75 68 1/2 1)
(145 76 69 3/2 1)
(145 78 70 1/10 1)
(145 68 64 2 1)
(293/2 74 68 1/2 1)
(147 73 67 1/2 1)
(147 67 64 1 1)
(591/4 73 67 1/4 1)
(148 66 63 1 1)
(148 74 68 1 1)
(149 71 66 1 1)
(149 65 62 1 1)
(150 62 61 1 1)
(150 68 64 3/4 1)
(603/4 64 62 1/4 1)
(151 69 65 3/2 1)
(151 61 60 3/2 1)
(305/2 68 64 1/2 1)
(305/2 71 66 1/2 1)
(153 67 64 1 1)
(153 73 67 3/4 1)
(615/4 76 69 1/4 1)
(154 74 68 1/2 1)
(154 66 63 1 1)
(155 65 62 1 1)
(155 71 66 1/2 1)
(156 62 61 1 1)
(156 68 64 16666667/50000000 1)
(15633333/100000 66 63 16666667/50000000 1)
(15666667/100000 64 62 16666667/50000000 1)
(157 61 60 3/2 1)
(157 69 65 3/2 1)
(317/2 68 64 1/2 1)
(317/2 71 66 1/2 1)
(159 73 67 16666667/50000000 1)
(159 67 64 16666667/50000000 1)
(15933333/100000 67 64 16666667/50000000 1)
(15933333/100000 73 67 16666667/50000000 1)
(15966667/100000 67 64 16666667/50000000 1)
(15966667/100000 73 67 16666667/50000000 1)
(160 66 63 1 1)
(160 74 68 1 1)
(161 71 66 1 1)
(161 65 62 1 1)
(162 62 61 16666667/100000000 1)
(162 68 64 16666667/100000000 1)
(16233333/100000 66 63 16666667/100000000 1)
(16233333/100000 62 61 16666667/100000000 1)
(16266667/100000 62 61 16666667/100000000 1)
(16266667/100000 64 62 16666667/100000000 1)
(163 61 60 3/2 1)
(163 69 65 3/2 1)
(329/2 68 64 1/2 1)
(329/2 71 66 1/2 1)
(165 67 64 16666667/100000000 1)
(165 73 67 16666667/100000000 1)
(16533333/100000 67 64 16666667/100000000 1)
(16533333/100000 74 68 16666667/100000000 1)
(16566667/100000 76 69 16666667/100000000 1)
(16566667/100000 67 64 16666667/100000000 1)
(166 66 63 1 1)
(166 74 68 1 1)
(167 65 62 1 1)
(167 71 66 1 1)
(168 62 61 16666667/100000000 1)
(168 68 64 16666667/100000000 1)
(16833333/100000 66 63 16666667/100000000 1)
(16833333/100000 62 61 16666667/100000000 1)
(16866667/100000 64 62 16666667/100000000 1)
(16866667/100000 62 61 16666667/100000000 1)
(169 69 65 2 1)
(169 61 60 2 1)
(171 62 61 16666667/100000000 1)
(171 68 64 16666667/100000000 1)
(17133333/100000 62 61 16666667/100000000 1)
(17133333/100000 66 63 16666667/100000000 1)
(17166667/100000 64 62 16666667/100000000 1)
(17166667/100000 62 61 16666667/100000000 1)
(172 61 60 1 1)
(172 69 65 1 1)
