(1 73 68 5/2 1)
(7/2 72 67 1/2 1)
(4 70 66 1/2 1)
(9/2 68 65 1/2 1)
(5 67 64 1/2 1)
(11/2 65 63 1/2 1)
(6 67 64 1/2 1)
(13/2 60 60 1/2 1)
(7 72 67 3/2 1)
(17/2 67 64 1/2 1)
(9 68 65 3/4 1)
(39/4 72 67 1/4 1)
(10 77 70 3 1)
(13 77 70 5/2 1)
(31/2 75 69 1/2 1)
(16 73 68 1/2 1)
(33/2 72 67 1/2 1)
(17 70 66 1/2 1)
(35/2 68 65 1/2 1)
(18 67 64 1/2 1)
(37/2 66 64 1/2 1)
(19 70 66 1/2 1)
(39/2 65 63 1/2 1)
(20 68 65 1/2 1)
(41/2 66 64 1/2 1)
(21 65 63 1/2 1)
(43/2 64 62 1/2 1)
(22 60 60 2 1)
(24 73 68 1 1)
(25 73 68 5/2 1)
(55/2 72 67 1/2 1)
(28 70 66 1/2 1)
(57/2 68 65 1/2 1)
(29 67 64 1/2 1)
(59/2 65 63 1/2 1)
(30 67 64 1/2 1)
(61/2 60 60 1/2 1)
(31 72 67 3/2 1)
(65/2 67 64 1/2 1)
(33 69 65 1/2 1)
(67/2 72 67 1/2 1)
(34 77 70 3/2 1)
(71/2 76 69 1/2 1)
(36 75 69 1/2 1)
(73/2 74 68 1/2 1)
(37 73 68 1/2 1)
(75/2 69 65 1/2 1)
(38 70 66 1/2 1)
(77/2 71 66 1/2 1)
(39 73 68 1/2 1)
(79/2 73 68 1/2 1)
(40 72 67 1/2 1)
(81/2 67 64 1/2 1)
(41 68 65 1/2 1)
(83/2 71 66 1/2 1)
(42 73 68 1/2 1)
(85/2 72 67 1/2 1)
(43 71 66 1/2 1)
(87/2 66 64 1/2 1)
(44 67 64 1/2 1)
(89/2 70 66 1/2 1)
(45 69 65 1/2 1)
(91/2 68 65 1/2 1)
(46 65 63 2 1)
(48 63 62 2 1)
(50 65 63 1 1)
(51 63 62 1/2 1)
(103/2 62 61 1/2 1)
(52 63 62 1 1)
(52 60 60 1 1)
(53 72 67 1 1)
(53 60 60 1 1)
(54 70 66 2 1)
(55 65 63 1 1)
(55 61 61 1 1)
(56 61 61 1 1)
(56 67 64 1 1)
(56 72 67 1 1)
(57 68 65 3/4 1)
(231/4 67 64 1/4 1)
(58 68 65 1 1)
(58 60 60 1 1)
(59 75 69 1 1)
(59 63 62 1 1)
(60 63 62 2 1)
(62 65 63 1 1)
(63 63 62 1/2 1)
(127/2 62 61 1/2 1)
(64 63 62 1 1)
(64 60 60 1 1)
(65 68 65 1 1)
(65 60 60 5/2 1)
(66 67 64 2 1)
(135/2 59 59 1/2 1)
(68 55 57 1 1)
(68 62 61 1 1)
(69 67 64 2 1)
(69 60 60 1/2 1)
(139/2 59 59 1/2 1)
(70 57 58 1/2 1)
(141/2 59 59 1/2 1)
(71 62 61 1 1)
(71 55 57 1 1)
(72 63 62 2 1)
(72 61 61 2 1)
(74 61 61 2 1)
(74 65 63 1 1)
(75 63 62 1/2 1)
(151/2 62 61 1/2 1)
(76 63 62 1 1)
(76 60 60 1 1)
(77 72 67 1 1)
(77 60 60 1 1)
(78 70 66 2 1)
(79 61 61 1 1)
(79 65 63 1 1)
(80 72 67 1 1)
(80 67 64 1 1)
(80 61 61 1 1)
(81 68 65 3/4 1)
(327/4 67 64 1/4 1)
(82 68 65 1/2 1)
(82 60 60 1/2 1)
(331/4 77 70 1/4 1)
(331/4 65 63 1/4 1)
(83 75 69 1 1)
(83 63 62 1 1)
(84 63 62 2 1)
(85 61 61 1 1)
(85 55 57 1 1)
(86 55 57 1 1)
(86 65 63 1 1)
(86 61 61 1 1)
(87 63 62 1/2 1)
(351/4 62 61 1/4 1)
(88 63 62 1 1)
(88 60 60 1 1)
(89 60 60 5/2 1)
(89 68 65 1 1)
(90 67 64 2 1)
(183/2 59 59 1/2 1)
(92 62 61 1 1)
(92 55 57 1 1)
(93 67 64 2 1)
(93 60 60 1/2 1)
(187/2 59 59 1/2 1)
(94 57 58 1/2 1)
(189/2 59 59 1/2 1)
(95 62 61 1 1)
(95 55 57 1 1)
(96 69 65 2 1)
(96 67 64 1/2 1)
(193/2 66 64 1/2 1)
(97 64 62 1/2 1)
(195/2 66 64 1/2 1)
(98 74 68 1 1)
(98 62 61 1 1)
(99 74 68 3/4 1)
(99 72 67 1/2 1)
(199/2 71 66 1/2 1)
(399/4 74 68 1/4 1)
(100 69 65 1/2 1)
(100 74 68 1 1)
(201/2 71 66 1/2 1)
(101 67 64 1 1)
(101 79 71 1 1)
(102 65 63 1/2 1)
(102 67 64 2 1)
(205/2 64 62 1/2 1)
(103 62 61 1/2 1)
(207/2 64 62 1/2 1)
(104 60 60 1 1)
(104 72 67 1 1)
(105 70 66 1/2 1)
(105 72 67 3/4 1)
(211/2 68 65 1/2 1)
(423/4 72 67 1/4 1)
(106 67 64 1/2 1)
(106 72 67 1 1)
(213/2 68 65 1/2 1)
(107 65 63 1 1)
(107 77 70 1 1)
(108 65 63 1/2 1)
(217/2 63 62 1/2 1)
(109 61 61 1 1)
(109 56 58 1 1)
(110 56 58 1/2 1)
(221/2 58 59 1/2 1)
(111 60 60 2 1)
(113 60 60 1 1)
(114 65 63 1/2 1)
(229/2 63 62 1/2 1)
(115 53 56 1 1)
(115 61 61 1 1)
(116 56 58 1/2 1)
(233/2 58 59 1/2 1)
(117 60 60 2 1)
(119 60 60 1 1)
(120 73 68 1 1)
(121 73 68 5/2 1)
(247/2 72 67 1/2 1)
(124 70 66 1/2 1)
(249/2 68 65 1/2 1)
(125 67 64 1/2 1)
(251/2 65 63 1/2 1)
(126 67 64 1/2 1)
(253/2 60 60 1/2 1)
(127 72 67 3/2 1)
(257/2 67 64 1/2 1)
(129 68 65 3/4 1)
(519/4 72 67 1/4 1)
(130 77 70 3 1)
(133 77 70 3/2 1)
(269/2 77 70 1 1)
(271/2 75 69 1/2 1)
(136 73 68 1/2 1)
(273/2 72 67 1/2 1)
(137 70 66 1/2 1)
(275/2 68 65 1/2 1)
(138 67 64 1/2 1)
(277/2 66 64 1/2 1)
(139 70 66 1/2 1)
(279/2 65 63 1/2 1)
(140 68 65 1/2 1)
(281/2 66 64 1/2 1)
(141 65 63 1/2 1)
(283/2 64 62 1/2 1)
(142 60 60 2 1)
(144 73 68 1 1)
(145 73 68 5/2 1)
(295/2 72 67 1/2 1)
(148 70 66 1/2 1)
(297/2 68 65 1/2 1)
(149 67 64 1/2 1)
(299/2 65 63 1/2 1)
(150 67 64 1/2 1)
(301/2 60 60 1/2 1)
(151 72 67 3/2 1)
(305/2 67 64 1/2 1)
(153 69 65 1/2 1)
(307/2 72 67 1/2 1)
(154 77 70 3/2 1)
(311/2 76 69 1/2 1)
(156 75 69 1/2 1)
(313/2 74 68 1/2 1)
(157 73 68 1/2 1)
(315/2 69 65 1/2 1)
(158 70 66 1/2 1)
(317/2 71 66 1/2 1)
(159 73 68 1/2 1)
(319/2 73 68 1/2 1)
(160 72 67 1/2 1)
(321/2 67 64 1/2 1)
(161 68 65 1/2 1)
(323/2 71 66 1/2 1)
(162 73 68 1/2 1)
(325/2 72 67 1/2 1)
(163 71 66 1/2 1)
(327/2 66 64 1/2 1)
(164 67 64 1/2 1)
(329/2 70 66 1/2 1)
(165 69 65 1/2 1)
(331/2 68 65 1/2 1)
(166 65 63 2 1)
