(0 64 62 1 1)
(1 60 60 3 1)
(1 64 62 3 1)
(2 53 56 1/2 1)
(5/2 52 55 1/2 1)
(3 57 58 1/2 1)
(7/2 59 59 1/2 1)
(4 69 65 3 1)
(4 66 63 3 1)
(4 63 62 3 1)
(4 60 60 16666667/50000000 1)
(8666667/2000000 62 61 16666667/50000000 1)
(9333333/2000000 60 60 16666667/50000000 1)
(5 59 59 1/2 1)
(11/2 62 61 1/2 1)
(6 60 60 1 1)
(7 69 65 3 1)
(7 59 59 1 1)
(7 71 66 3 1)
(7 63 62 3 1)
(7 66 63 3 1)
(8 58 59 1/2 1)
(17/2 59 59 1/2 1)
(9 60 60 1/2 1)
(19/2 59 59 1/2 1)
(10 54 56 1 1)
(11 59 59 1/2 1)
(11 66 63 1/2 1)
(11 57 58 1/2 1)
(11 63 62 1/2 1)
(11 47 52 1 1)
(12 40 48 1 1)
(12 56 57 1 1)
(12 62 61 1 1)
(12 64 62 1 1)
(12 68 64 1 1)
(13 45 51 3 1)
(13 64 62 3 1)
(13 60 60 3 1)
(13 57 58 3 1)
(14 53 56 1/2 1)
(29/2 52 55 1/2 1)
(15 57 58 1/2 1)
(31/2 59 59 1/2 1)
(16 63 62 3 1)
(16 60 60 16666667/50000000 1)
(16 69 65 3 1)
(16 66 63 3 1)
(653/40 62 61 16666667/50000000 1)
(8333333/500000 60 60 16666667/50000000 1)
(17 59 59 1/2 1)
(35/2 62 61 1/2 1)
(18 60 60 1 1)
(19 59 59 1 1)
(19 63 62 3 1)
(19 69 65 3 1)
(19 66 63 3 1)
(19 71 66 3 1)
(20 58 59 1/2 1)
(41/2 59 59 1/2 1)
(21 60 60 1/2 1)
(43/2 59 59 1/2 1)
(22 54 56 1 1)
(23 59 59 1/2 1)
(23 57 58 1/2 1)
(23 47 52 1 1)
(23 63 62 1/2 1)
(23 66 63 1/2 1)
(24 68 64 1 1)
(24 40 48 1 1)
(24 64 62 1 1)
(24 56 57 1 1)
(24 62 61 1 1)
(25 52 55 1 1)
(25 76 69 2 1)
(25 60 60 1 1)
(25 45 51 1 1)
(25 64 62 1 1)
(25 69 65 1 1)
(26 64 62 1/2 1)
(53/2 69 65 1/2 1)
(27 60 60 1 1)
(27 64 62 1 1)
(27 52 55 1 1)
(27 45 51 1 1)
(27 76 69 16666667/50000000 1)
(13666667/500000 77 70 16666667/50000000 1)
(13833333/500000 76 69 16666667/50000000 1)
(28 59 59 2 1)
(28 47 52 2 1)
(28 54 56 2 1)
(28 75 69 1/2 1)
(57/2 63 62 1/2 1)
(57/2 75 69 1/2 1)
(29 74 68 1 1)
(29 69 65 1/2 1)
(59/2 63 62 3/2 1)
(30 59 59 1 1)
(30 68 64 1 1)
(30 64 62 1 1)
(30 52 55 1 1)
(31 72 67 1 1)
(31 64 62 1 1)
(31 69 65 1 1)
(31 57 58 1 1)
(32 64 62 1 1)
(32 64 62 1/2 1)
(65/2 62 61 1/2 1)
(33 72 67 16666667/50000000 1)
(33 64 62 3/2 1)
(33 57 58 1 1)
(33 48 53 1 1)
(8333333/250000 74 68 16666667/50000000 1)
(33658333/1000000 72 67 16666667/50000000 1)
(34 71 66 1/2 1)
(34 50 54 2 1)
(69/2 65 63 1/2 1)
(69/2 65 63 3/2 1)
(35 69 65 1/2 1)
(71/2 72 67 1/2 1)
(36 71 66 1 1)
(36 68 64 1 1)
(36 64 62 1 1)
(36 52 55 1 1)
(37 76 69 1 1)
(37 64 62 1 1)
(37 45 51 1 1)
(37 60 60 1 1)
(37 69 65 1 1)
(37 52 55 1 1)
(38 64 62 1/2 1)
(77/2 69 65 1/2 1)
(39 76 69 16666667/50000000 1)
(39 52 55 1 1)
(39 60 60 1 1)
(39 45 51 1 1)
(9833333/250000 77 70 16666667/50000000 1)
(9916667/250000 76 69 16666667/50000000 1)
(40 75 69 1/2 1)
(40 54 56 2 1)
(40 59 59 2 1)
(40 47 52 2 1)
(81/2 63 62 1/2 1)
(41 69 65 1/2 1)
(83/2 75 69 1/2 1)
(42 74 68 1 1)
(42 68 64 1 1)
(42 52 55 1 1)
(42 64 62 1 1)
(42 59 59 1 1)
(43 72 67 1 1)
(43 57 58 1 1)
(43 64 62 1 1)
(43 69 65 1 1)
(44 64 62 1/2 1)
(44 64 62 1 1)
(89/2 69 65 1/2 1)
(45 72 67 16666667/50000000 1)
(45 48 53 1 1)
(45 64 62 3/2 1)
(45 57 58 1 1)
(11333333/250000 74 68 16666667/50000000 1)
(11416667/250000 72 67 16666667/50000000 1)
(46 50 54 2 1)
(46 71 66 1/2 1)
(93/2 65 63 1/2 1)
(93/2 65 63 3/2 1)
(47 69 65 1/2 1)
(95/2 72 67 1/2 1)
(48 62 61 1 1)
(48 55 57 2 1)
(48 71 66 1 1)
(49 64 62 3 1)
(49 48 53 1 1)
(49 67 64 3 1)
(50 57 58 1/2 1)
(101/2 55 57 1/2 1)
(51 60 60 1/2 1)
(103/2 62 61 1/2 1)
(52 72 67 3 1)
(52 66 63 3 1)
(52 69 65 3 1)
(52 63 62 16666667/50000000 1)
(13083333/250000 65 63 16666667/50000000 1)
(13166667/250000 63 62 16666667/50000000 1)
(53 62 61 1/2 1)
(107/2 65 63 1/2 1)
(54 63 62 1 1)
(55 74 68 3 1)
(55 69 65 3 1)
(55 62 61 1 1)
(55 72 67 3 1)
(55 66 63 3 1)
(56 61 60 1/2 1)
(113/2 62 61 1/2 1)
(57 64 62 1/2 1)
(115/2 62 61 1/2 1)
(58 57 58 1 1)
(59 50 54 1 1)
(59 62 61 1/2 1)
(59 69 65 1/2 1)
(59 66 63 1/2 1)
(59 60 60 1/2 1)
(60 59 59 1/2 1)
(60 43 50 1 1)
(60 71 66 1/2 1)
(60 65 63 1/2 1)
(60 67 64 1/2 1)
(61 48 53 1 1)
(61 64 62 3 1)
(61 67 64 3 1)
(61 60 60 3 1)
(62 57 58 1/2 1)
(125/2 55 57 1/2 1)
(63 60 60 1/2 1)
(127/2 62 61 1/2 1)
(64 63 62 16666667/50000000 1)
(64 66 63 3 1)
(64 72 67 3 1)
(64 69 65 3 1)
(2573/40 65 63 16666667/50000000 1)
(8083333/125000 63 62 16666667/50000000 1)
(65 62 61 1/2 1)
(131/2 65 63 1/2 1)
(66 63 62 1 1)
(67 74 68 3 1)
(67 69 65 3 1)
(67 72 67 3 1)
(67 66 63 3 1)
(67 62 61 1 1)
(68 61 60 1/2 1)
(137/2 62 61 1/2 1)
(69 64 62 1/2 1)
(139/2 62 61 1/2 1)
(70 57 58 1 1)
(71 50 54 1 1)
(71 60 60 1 1)
(71 62 61 1 1)
(71 66 63 1 1)
(71 69 65 1 1)
(72 71 66 1/2 1)
(72 59 59 1/2 1)
(72 43 50 1 1)
(72 67 64 1/2 1)
(72 65 63 1/2 1)
(73 64 62 1 1)
(73 67 64 1 1)
(73 48 53 1 1)
(73 79 71 2 1)
(73 72 67 1 1)
(73 55 57 1 1)
(74 67 64 1/2 1)
(149/2 72 67 1/2 1)
(75 79 71 16666667/50000000 1)
(75 64 62 1 1)
(75 55 57 1 1)
(75 48 53 1 1)
(9416667/125000 81 72 16666667/50000000 1)
(9458333/125000 79 71 16666667/50000000 1)
(76 62 61 2 1)
(76 50 54 2 1)
(76 78 70 1/2 1)
(153/2 69 65 1/2 1)
(153/2 69 65 3/2 1)
(77 72 67 1/2 1)
(155/2 78 70 1/2 1)
(78 71 66 1 1)
(78 77 70 1 1)
(78 55 57 1 1)
(78 62 61 1 1)
(79 76 69 1 1)
(79 67 64 1 1)
(79 48 53 1 1)
(79 64 62 1 1)
(79 55 57 1 1)
(79 72 67 1 1)
(80 67 64 1 1)
(80 67 64 1/2 1)
(161/2 72 67 1/2 1)
(81 67 64 3/2 1)
(81 55 57 1 1)
(81 43 50 1 1)
(81 76 69 16666667/50000000 1)
(10166667/125000 77 70 16666667/50000000 1)
(10208333/125000 76 69 16666667/50000000 1)
(82 75 69 1/2 1)
(82 57 58 2 1)
(82 43 50 2 1)
(165/2 66 63 3/2 1)
(165/2 66 63 1/2 1)
(83 72 67 1/2 1)
(167/2 75 69 1/2 1)
(84 65 63 1 1)
(84 59 59 1 1)
(84 74 68 1 1)
(84 43 50 1 1)
(85 79 71 1 1)
(85 64 62 1 1)
(85 55 57 1 1)
(85 48 53 1 1)
(85 72 67 1 1)
(86 67 64 1/2 1)
(173/2 72 67 1/2 1)
(87 55 57 1 1)
(87 48 53 1 1)
(87 79 71 16666667/50000000 1)
(87 64 62 1 1)
(10916667/125000 81 72 16666667/50000000 1)
(10958333/125000 79 71 16666667/50000000 1)
(88 78 70 1/2 1)
(88 50 54 2 1)
(88 62 61 2 1)
(177/2 69 65 3/2 1)
(177/2 69 65 1/2 1)
(89 72 67 1/2 1)
(179/2 78 70 1/2 1)
(90 77 70 1 1)
(90 71 66 1 1)
(90 55 57 1 1)
(90 62 61 1 1)
(91 48 53 1 1)
(91 67 64 1 1)
(91 76 69 1 1)
(91 72 67 1 1)
(91 64 62 1 1)
(91 55 57 1 1)
(92 67 64 1/2 1)
(185/2 72 67 1/2 1)
(93 76 69 16666667/50000000 1)
(93 48 53 1 1)
(93 36 46 1 1)
(11666667/125000 77 70 16666667/50000000 1)
(11708333/125000 76 69 16666667/50000000 1)
(94 38 47 2 1)
(94 50 54 2 1)
(94 74 68 1/2 1)
(189/2 65 63 1/2 1)
(95 71 66 1/2 1)
(191/2 74 68 1/2 1)
(96 72 67 1 1)
(96 51 55 1 1)
(96 69 65 1 1)
(96 66 63 1 1)
(96 39 48 1 1)
(97 40 48 1 1)
(97 52 55 1 1)
(97 68 64 3 1)
(97 64 62 3 1)
(97 62 61 3 1)
(97 71 66 3 1)
(98 53 56 1/2 1)
(197/2 52 55 1/2 1)
(99 57 58 1/2 1)
(199/2 59 59 1/2 1)
(100 69 65 3 1)
(100 66 63 3 1)
(100 60 60 16666667/50000000 1)
(100 63 62 3 1)
(12541667/125000 62 61 16666667/50000000 1)
(12583333/125000 60 60 16666667/50000000 1)
(101 59 59 1/2 1)
(203/2 62 61 1/2 1)
(102 60 60 1 1)
(103 63 62 3 1)
(103 66 63 3 1)
(103 69 65 3 1)
(103 71 66 3 1)
(103 59 59 1 1)
(104 58 59 1/2 1)
(209/2 59 59 1/2 1)
(105 60 60 1/2 1)
(211/2 59 59 1/2 1)
(106 54 56 1 1)
(107 59 59 1/2 1)
(107 47 52 1 1)
(107 57 58 1/2 1)
(107 66 63 1/2 1)
(107 63 62 1/2 1)
(108 56 57 1/2 1)
(108 62 61 1/2 1)
(108 40 48 1 1)
(108 68 64 1/2 1)
(108 64 62 1/2 1)
(109 64 62 3 1)
(109 57 58 3 1)
(109 52 55 1 1)
(109 60 60 3 1)
(109 45 51 3 1)
(110 53 56 1/2 1)
(221/2 52 55 1/2 1)
(111 57 58 1/2 1)
(223/2 59 59 1/2 1)
(112 63 62 3 1)
(112 69 65 3 1)
(112 66 63 3 1)
(112 60 60 16666667/50000000 1)
(14041667/125000 62 61 16666667/50000000 1)
(14083333/125000 60 60 16666667/50000000 1)
(113 59 59 1/2 1)
(227/2 62 61 1/2 1)
(114 60 60 1 1)
(115 66 63 3 1)
(115 69 65 3 1)
(115 63 62 3 1)
(115 71 66 3 1)
(115 59 59 1 1)
(116 58 59 1/2 1)
(233/2 59 59 1/2 1)
(117 60 60 1/2 1)
(235/2 59 59 1/2 1)
(118 54 56 1 1)
(119 63 62 1/2 1)
(119 66 63 1/2 1)
(119 57 58 1/2 1)
(119 47 52 1 1)
(119 59 59 1/2 1)
(120 64 62 1/2 1)
(120 62 61 1/2 1)
(120 68 64 1/2 1)
(120 56 57 1/2 1)
(120 40 48 1 1)
(121 74 68 1/2 1)
(121 62 61 1/2 1)
(121 42 49 2 1)
(243/2 73 67 1/2 1)
(243/2 61 60 1/2 1)
(122 50 54 2 1)
(122 59 59 1 1)
(122 71 66 1 1)
(123 61 60 1/2 1)
(123 44 50 1 1)
(123 73 67 1/2 1)
(247/2 59 59 1/2 1)
(247/2 71 66 1/2 1)
(124 69 65 1/2 1)
(124 45 51 1 1)
(124 57 58 1/2 1)
(249/2 56 57 1/2 1)
(249/2 68 64 1/2 1)
(125 66 63 1 1)
(125 50 54 1 1)
(125 54 56 1 1)
(126 68 64 1/2 1)
(126 33 44 1 1)
(126 56 57 1/2 1)
(253/2 54 56 1/2 1)
(253/2 66 63 1/2 1)
(127 64 62 1/2 1)
(127 52 55 1/2 1)
(127 32 43 1 1)
(255/2 66 63 1/2 1)
(255/2 54 56 1/2 1)
(128 56 57 1 1)
(128 68 64 1 1)
(128 50 54 1 1)
(129 69 65 1/2 1)
(129 57 58 1/2 1)
(129 28 41 1 1)
(259/2 59 59 1/2 1)
(259/2 71 66 1/2 1)
(130 33 44 1 1)
(130 61 60 1/2 1)
(130 73 67 1/2 1)
(261/2 74 68 1/2 1)
(261/2 62 61 1/2 1)
(131 63 62 1 1)
(131 61 60 1 1)
(131 52 55 1 1)
(131 75 69 1 1)
(132 76 69 1/2 1)
(132 45 51 1 1)
(132 64 62 1/2 1)
(265/2 65 63 1/2 1)
(265/2 77 70 1/2 1)
(133 50 54 2 1)
(133 68 64 1/2 1)
(133 80 71 1/2 1)
(267/2 66 63 1/2 1)
(267/2 78 70 1/2 1)
(134 69 65 1 1)
(134 81 72 1 1)
(134 57 58 3 1)
(135 66 63 1/2 1)
(135 78 70 1/2 1)
(135 50 54 1 1)
(271/2 80 71 1/2 1)
(271/2 68 64 1/2 1)
(136 49 53 2 1)
(136 66 63 1/2 1)
(136 78 70 1/2 1)
(273/2 76 69 1/2 1)
(273/2 64 62 1/2 1)
(137 57 58 3 1)
(137 69 65 1 1)
(137 81 72 1 1)
(138 76 69 1/2 1)
(138 49 53 1 1)
(138 64 62 1/2 1)
(277/2 66 63 1/2 1)
(277/2 78 70 1/2 1)
(139 64 62 1/2 1)
(139 76 69 1/2 1)
(139 47 52 2 1)
(279/2 62 61 1/2 1)
(279/2 74 68 1/2 1)
(140 66 63 1 1)
(140 56 57 1 1)
(140 78 70 1 1)
(141 74 68 1/2 1)
(141 62 61 1/2 1)
(141 40 48 1 1)
(283/2 76 69 1/2 1)
(283/2 64 62 1/2 1)
(142 62 61 1/2 1)
(142 74 68 1/2 1)
(142 45 51 2 1)
(285/2 73 67 1/2 1)
(285/2 61 60 1/2 1)
(143 66 63 1 1)
(143 78 70 1 1)
(143 52 55 1 1)
(143 57 58 1 1)
(144 73 67 1/2 1)
(144 40 48 2 1)
(144 61 60 1/2 1)
(289/2 76 69 1/2 1)
(289/2 64 62 1/2 1)
(145 62 61 1/2 1)
(145 74 68 1/2 1)
(145 47 52 1 1)
(291/2 61 60 1/2 1)
(291/2 73 67 1/2 1)
(146 71 66 1 1)
(146 59 59 1 1)
(146 56 57 1 1)
(146 50 54 1 1)
(147 73 67 1/2 1)
(147 61 60 1/2 1)
(147 41 49 1 1)
(295/2 71 66 1/2 1)
(295/2 59 59 1/2 1)
(148 69 65 1/2 1)
(148 42 49 1 1)
(148 57 58 1/2 1)
(297/2 68 64 1/2 1)
(297/2 56 57 1/2 1)
(149 54 56 1 1)
(149 66 63 1 1)
(149 50 54 1 1)
(150 68 64 1/2 1)
(150 56 57 1/2 1)
(150 33 44 1 1)
(301/2 66 63 1/2 1)
(301/2 54 56 1/2 1)
(151 32 43 1 1)
(151 64 62 1/2 1)
(151 52 55 1/2 1)
(303/2 54 56 1/2 1)
(303/2 66 63 1/2 1)
(152 50 54 1 1)
(152 68 64 1 1)
(152 56 57 1 1)
(153 28 41 1 1)
(153 57 58 1/2 1)
(153 69 65 1/2 1)
(307/2 59 59 1/2 1)
(307/2 71 66 1/2 1)
(154 73 67 1/2 1)
(154 61 60 1/2 1)
(154 33 44 1 1)
(309/2 74 68 1/2 1)
(309/2 62 61 1/2 1)
(155 75 69 1 1)
(155 61 60 1 1)
(155 52 55 1 1)
(155 63 62 1 1)
(156 64 62 1/2 1)
(156 76 69 1/2 1)
(156 45 51 1 1)
(313/2 77 70 1/2 1)
(313/2 65 63 1/2 1)
(157 66 63 1/2 1)
(157 78 70 1/2 1)
(157 44 50 1 1)
(315/2 79 71 1/2 1)
(315/2 67 64 1/2 1)
(158 80 71 1 1)
(158 61 60 1 1)
(158 68 64 1 1)
(158 53 56 1 1)
(159 70 66 1/2 1)
(159 82 73 1/2 1)
(159 44 50 1 1)
(319/2 84 74 1/2 1)
(319/2 72 67 1/2 1)
(160 73 67 1/2 1)
(160 85 74 1/2 1)
(160 32 43 1 1)
(321/2 87 76 1/2 1)
(321/2 75 69 1/2 1)
(161 65 63 1 1)
(161 73 67 1 1)
(161 77 70 1 1)
(161 89 77 1 1)
(161 61 60 1 1)
(162 66 63 1/2 1)
(162 78 70 1/2 1)
(162 56 57 1 1)
(325/2 79 71 1/2 1)
(325/2 67 64 1/2 1)
(163 70 66 1/2 1)
(163 64 62 1 1)
(163 82 73 1/2 1)
(327/2 68 64 1/2 1)
(327/2 80 71 1/2 1)
(164 66 63 1 1)
(164 62 61 1 1)
(164 66 63 1 1)
(164 71 66 1 1)
(164 78 70 1 1)
(165 65 63 1/2 1)
(165 56 57 1 1)
(165 77 70 1/2 1)
(331/2 63 62 1/2 1)
(331/2 75 69 1/2 1)
(166 69 65 1 1)
(166 78 70 1/2 1)
(166 66 63 1/2 1)
(333/2 65 63 1/2 1)
(333/2 77 70 1/2 1)
(167 85 74 1 1)
(167 73 67 1 1)
(167 85 74 1 1)
(167 76 69 1 1)
(168 69 65 1 1)
(168 84 74 1/2 1)
(168 72 67 1/2 1)
(337/2 85 74 1/2 1)
(337/2 73 67 1/2 1)
(169 67 64 1 1)
(169 86 75 1/2 1)
(169 74 68 1/2 1)
(339/2 85 74 1/2 1)
(339/2 73 67 1/2 1)
(170 80 71 1 1)
(170 86 75 1 1)
(170 83 73 1 1)
(170 78 70 1 1)
(170 71 66 1 1)
(171 85 74 1 1)
(171 85 74 1/2 1)
(171 73 67 1/2 1)
(171 73 67 1 1)
(171 76 69 1 1)
(343/2 83 73 1/2 1)
(343/2 71 66 1/2 1)
(172 81 72 1/2 1)
(172 69 65 1/2 1)
(172 54 56 2 1)
(345/2 68 64 1/2 1)
(345/2 80 71 1/2 1)
(173 57 58 1 1)
(173 66 63 1 1)
(173 62 61 1 1)
(173 78 70 1 1)
(174 68 64 1/2 1)
(174 80 71 1/2 1)
(174 45 51 1 1)
(349/2 66 63 1/2 1)
(349/2 78 70 1/2 1)
(175 64 62 1/2 1)
(175 76 69 1/2 1)
(175 44 50 1 1)
(351/2 66 63 1/2 1)
(351/2 78 70 1/2 1)
(176 62 61 1 1)
(176 52 55 1 1)
(176 59 59 1 1)
(176 68 64 1 1)
(176 80 71 1 1)
(177 81 72 1/2 1)
(177 69 65 1/2 1)
(177 40 48 1 1)
(355/2 71 66 1/2 1)
(355/2 83 73 1/2 1)
(178 73 67 1/2 1)
(178 85 74 1/2 1)
(178 45 51 1 1)
(357/2 74 68 1/2 1)
(357/2 86 75 1/2 1)
(179 61 60 1 1)
(179 52 55 1 1)
(179 75 69 1 1)
(179 87 76 1 1)
(180 45 51 1 1)
(180 76 69 1/2 1)
(180 64 62 1/2 1)
(361/2 65 63 1/2 1)
(361/2 77 70 1/2 1)
(181 50 54 1 1)
(181 68 64 1/2 1)
(181 80 71 1/2 1)
(363/2 78 70 1/2 1)
(363/2 66 63 1/2 1)
(182 69 65 1 1)
(182 81 72 1 1)
(182 66 63 1 1)
(182 57 58 1 1)
(183 78 70 1/2 1)
(183 66 63 1/2 1)
(183 50 54 1 1)
(367/2 68 64 1/2 1)
(367/2 80 71 1/2 1)
(184 49 53 1 1)
(184 66 63 1/2 1)
(184 78 70 1/2 1)
(369/2 64 62 1/2 1)
(369/2 76 69 1/2 1)
(185 64 62 1 1)
(185 57 58 1 1)
(185 81 72 1 1)
(185 69 65 1 1)
(186 76 69 1/2 1)
(186 49 53 1 1)
(186 64 62 1/2 1)
(373/2 78 70 1/2 1)
(373/2 66 63 1/2 1)
(187 47 52 1 1)
(187 76 69 1/2 1)
(187 64 62 1/2 1)
(375/2 62 61 1/2 1)
(375/2 74 68 1/2 1)
(188 62 61 1 1)
(188 56 57 1 1)
(188 66 63 1 1)
(188 78 70 1 1)
(188 52 55 1 1)
(189 86 75 1/2 1)
(189 40 48 1 1)
(189 74 68 1/2 1)
(379/2 88 76 1/2 1)
(379/2 76 69 1/2 1)
(190 45 51 1 1)
(190 86 75 1/2 1)
(190 74 68 1/2 1)
(381/2 73 67 1/2 1)
(381/2 85 74 1/2 1)
(191 90 77 1 1)
(191 61 60 1 1)
(191 52 55 1 1)
(191 78 70 1 1)
(192 85 74 1/2 1)
(192 45 51 1 1)
(192 73 67 1/2 1)
(385/2 88 76 1/2 1)
(385/2 76 69 1/2 1)
(193 74 68 1/2 1)
(193 40 48 1 1)
(193 86 75 1/2 1)
(387/2 85 74 1/2 1)
(387/2 73 67 1/2 1)
(194 56 57 1 1)
(194 50 54 1 1)
(194 71 66 1 1)
(194 83 73 1 1)
(195 73 67 1/2 1)
(195 85 74 1/2 1)
(195 41 49 1 1)
(391/2 71 66 1/2 1)
(391/2 83 73 1/2 1)
(196 69 65 1/2 1)
(196 81 72 1/2 1)
(196 42 49 1 1)
(393/2 80 71 1/2 1)
(393/2 68 64 1/2 1)
(197 50 54 1 1)
(197 66 63 1 1)
(197 78 70 1 1)
(197 57 58 1 1)
(198 80 71 1/2 1)
(198 42 49 1 1)
(198 68 64 1/2 1)
(397/2 78 70 1/2 1)
(397/2 66 63 1/2 1)
(199 76 69 1/2 1)
(199 64 62 1/2 1)
(199 44 50 1 1)
(399/2 66 63 1/2 1)
(399/2 78 70 1/2 1)
(200 59 59 1 1)
(200 62 61 1 1)
(200 52 55 1 1)
(200 80 71 1 1)
(200 68 64 1 1)
(201 81 72 1/2 1)
(201 40 48 1 1)
(201 69 65 1/2 1)
(403/2 83 73 1/2 1)
(403/2 71 66 1/2 1)
(202 85 74 1/2 1)
(202 45 51 1 1)
(202 73 67 1/2 1)
(405/2 74 68 1/2 1)
(405/2 86 75 1/2 1)
(203 87 76 1 1)
(203 61 60 1 1)
(203 75 69 1 1)
(203 52 55 1 1)
(204 76 69 1/2 1)
(204 45 51 1 1)
(204 88 76 1/2 1)
(409/2 89 77 1/2 1)
(409/2 77 70 1/2 1)
(205 50 54 1 1)
(205 92 78 1/2 1)
(411/2 78 70 1/2 1)
(411/2 90 77 1/2 1)
(206 86 75 1 1)
(206 74 68 1 1)
(206 59 59 1 1)
(206 66 63 1 1)
(206 71 66 1 1)
(206 69 65 1 1)
(207 73 67 1/2 1)
(207 85 74 1/2 1)
(415/2 71 66 1/2 1)
(415/2 83 73 1/2 1)
(208 52 55 1 1)
(208 73 67 1/2 1)
(208 85 74 1/2 1)
(417/2 71 66 1/2 1)
(417/2 83 73 1/2 1)
(209 81 72 1 1)
(209 61 60 1 1)
(209 64 62 1 1)
(209 69 65 1 1)
(209 69 65 1 1)
(210 68 64 1/2 1)
(210 52 55 1 1)
(210 80 71 1/2 1)
(421/2 78 70 1/2 1)
(421/2 66 63 1/2 1)
(211 76 69 1/2 1)
(211 40 48 1 1)
(211 64 62 1/2 1)
(423/2 62 61 1/2 1)
(423/2 74 68 1/2 1)
(212 62 61 1 1)
(212 59 59 1 1)
(212 83 73 1 1)
(212 68 64 1 1)
(212 71 66 1 1)
(213 81 72 1 1)
(213 52 55 1 1)
(213 69 65 1 1)
(214 81 72 1/2 1)
(214 69 65 1/2 1)
(214 40 48 1 1)
(429/2 80 71 1/2 1)
(429/2 68 64 1/2 1)
(215 61 60 1 1)
(215 66 63 1 1)
(215 57 58 1 1)
(215 66 63 1 1)
(215 78 70 1 1)
(216 76 69 1/2 1)
(216 52 55 1 1)
(216 88 76 1/2 1)
(433/2 74 68 1/2 1)
(433/2 86 75 1/2 1)
(217 85 74 1/2 1)
(217 73 67 1/2 1)
(217 40 48 1 1)
(435/2 71 66 1/2 1)
(435/2 83 73 1/2 1)
(218 80 71 1 1)
(218 62 61 1 1)
(218 92 78 1 1)
(218 56 57 1 1)
(218 52 55 1 1)
(219 90 77 1/2 1)
(219 78 70 1/2 1)
(439/2 89 77 1/2 1)
(439/2 77 70 1/2 1)
(220 76 69 1/2 1)
(220 88 76 1/2 1)
(441/2 75 69 1/2 1)
(441/2 87 76 1/2 1)
(221 74 68 1 1)
(221 86 75 1 1)
(222 83 73 1/2 1)
(222 71 66 1/2 1)
(445/2 80 71 1/2 1)
(445/2 68 64 1/2 1)
(223 77 70 1/2 1)
(223 65 63 1/2 1)
(447/2 76 69 1/2 1)
(447/2 64 62 1/2 1)
(224 63 62 1 1)
(224 75 69 1 1)
(225 62 61 1/2 1)
(225 74 68 1/2 1)
(451/2 59 59 1/2 1)
(451/2 71 66 1/2 1)
(226 56 57 1/2 1)
(226 68 64 1/2 1)
(453/2 53 56 1/2 1)
(453/2 65 63 1/2 1)
(227 64 62 1 1)
(227 52 55 1 1)
(228 51 55 1/2 1)
(228 63 62 1/2 1)
(457/2 53 56 1/2 1)
(457/2 65 63 1/2 1)
(229 64 62 3 1)
(229 60 60 3 1)
(229 52 55 1 1)
(229 45 51 1 1)
(230 53 56 1/2 1)
(461/2 52 55 1/2 1)
(231 57 58 1/2 1)
(463/2 59 59 1/2 1)
(232 69 65 3 1)
(232 66 63 3 1)
(232 63 62 3 1)
(232 60 60 16666667/50000000 1)
(23233333/100000 62 61 16666667/50000000 1)
(23266667/100000 60 60 16666667/50000000 1)
(233 59 59 1/2 1)
(467/2 62 61 1/2 1)
(234 60 60 1 1)
(235 63 62 3 1)
(235 66 63 3 1)
(235 59 59 1 1)
(235 71 66 3 1)
(235 69 65 3 1)
(236 58 59 1/2 1)
(473/2 59 59 1/2 1)
(237 60 60 1/2 1)
(475/2 59 59 1/2 1)
(238 54 56 1 1)
(239 66 63 1/2 1)
(239 59 59 1/2 1)
(239 63 62 1/2 1)
(239 47 52 1 1)
(239 57 58 1/2 1)
(240 62 61 1/2 1)
(240 56 57 1/2 1)
(240 64 62 1/2 1)
(240 68 64 1/2 1)
(240 40 48 1 1)
(241 57 58 3 1)
(241 64 62 3 1)
(241 60 60 3 1)
(241 45 51 3 1)
(242 53 56 1/2 1)
(485/2 52 55 1/2 1)
(243 57 58 1/2 1)
(487/2 59 59 1/2 1)
(244 60 60 16666667/50000000 1)
(244 69 65 3 1)
(244 63 62 3 1)
(244 66 63 3 1)
(24433333/100000 62 61 16666667/50000000 1)
(24466667/100000 60 60 16666667/50000000 1)
(245 59 59 1/2 1)
(491/2 62 61 1/2 1)
(246 60 60 1 1)
(247 69 65 3 1)
(247 66 63 3 1)
(247 63 62 3 1)
(247 71 66 3 1)
(247 59 59 1 1)
(248 58 59 1/2 1)
(497/2 59 59 1/2 1)
(249 60 60 1/2 1)
(499/2 59 59 1/2 1)
(250 54 56 1 1)
(251 63 62 1/2 1)
(251 66 63 1/2 1)
(251 57 58 1/2 1)
(251 59 59 1/2 1)
(251 47 52 1 1)
(252 64 62 1 1)
(252 68 64 1 1)
(252 62 61 1 1)
(252 56 57 1 1)
(252 40 48 1 1)
(253 76 69 1 1)
(253 52 55 1 1)
(253 60 60 1 1)
(253 69 65 1 1)
(253 45 51 1 1)
(253 64 62 1 1)
(254 64 62 1/2 1)
(254 64 62 1 1)
(509/2 69 65 1/2 1)
(255 76 69 16666667/50000000 1)
(255 45 51 1 1)
(255 52 55 1 1)
(255 60 60 1 1)
(255 64 62 1 1)
(25533333/100000 77 70 16666667/50000000 1)
(25566667/100000 76 69 16666667/50000000 1)
(256 54 56 2 1)
(256 59 59 2 1)
(256 47 52 2 1)
(256 75 69 1/2 1)
(513/2 63 62 1/2 1)
(257 69 65 1/2 1)
(515/2 75 69 1/2 1)
(258 64 62 1 1)
(258 74 68 1 1)
(258 59 59 1 1)
(258 68 64 1 1)
(258 52 55 1 1)
(259 69 65 1 1)
(259 64 62 1 1)
(259 57 58 1 1)
(259 72 67 1 1)
(260 64 62 1/2 1)
(521/2 69 65 1/2 1)
(261 64 62 3/2 1)
(261 72 67 16666667/50000000 1)
(261 48 53 1 1)
(261 57 58 1 1)
(10453/40 74 68 16666667/50000000 1)
(13083333/50000 72 67 16666667/50000000 1)
(262 50 54 2 1)
(262 71 66 1/2 1)
(525/2 65 63 1/2 1)
(263 69 65 1/2 1)
(527/2 72 67 1/2 1)
(264 52 55 1 1)
(264 62 61 1 1)
(264 71 66 1 1)
(264 68 64 1 1)
(265 52 55 1 1)
(265 45 51 1 1)
(265 60 60 1 1)
(265 64 62 1 1)
(265 69 65 1 1)
(265 76 69 1 1)
(266 64 62 1/2 1)
(533/2 69 65 1/2 1)
(267 60 60 1 1)
(267 76 69 16666667/50000000 1)
(267 45 51 1 1)
(267 52 55 1 1)
(10693/40 77 70 16666667/50000000 1)
(13383333/50000 76 69 16666667/50000000 1)
(268 59 59 2 1)
(268 54 56 2 1)
(268 75 69 1/2 1)
(268 47 52 2 1)
(537/2 63 62 1/2 1)
(269 69 65 1/2 1)
(539/2 75 69 1/2 1)
(270 68 64 1 1)
(270 59 59 1 1)
(270 52 55 1 1)
(270 64 62 1 1)
(270 74 68 1 1)
(271 72 67 1 1)
(271 57 58 1 1)
(271 69 65 1 1)
(271 64 62 1 1)
(272 64 62 1/2 1)
(545/2 69 65 1/2 1)
(273 64 62 3/2 1)
(273 48 53 1 1)
(273 57 58 1 1)
(273 72 67 16666667/50000000 1)
(13666667/50000 74 68 16666667/50000000 1)
(13683333/50000 72 67 16666667/50000000 1)
(274 71 66 1/2 1)
(274 50 54 2 1)
(549/2 65 63 1/2 1)
(275 69 65 1/2 1)
(551/2 72 67 1/2 1)
(276 71 66 1 1)
(276 62 61 1 1)
(276 55 57 2 1)
(277 48 53 1 1)
(277 67 64 3 1)
(277 64 62 3 1)
(278 57 58 1/2 1)
(557/2 55 57 1/2 1)
(279 60 60 1/2 1)
(559/2 62 61 1/2 1)
(280 72 67 3 1)
(280 63 62 16666667/50000000 1)
(280 66 63 3 1)
(280 69 65 3 1)
(14016667/50000 65 63 16666667/50000000 1)
(14033333/50000 63 62 16666667/50000000 1)
(281 62 61 1/2 1)
(563/2 65 63 1/2 1)
(282 63 62 1 1)
(283 69 65 3 1)
(283 72 67 3 1)
(283 74 68 3 1)
(283 66 63 3 1)
(283 62 61 1 1)
(284 61 60 1/2 1)
(569/2 62 61 1/2 1)
(285 64 62 1/2 1)
(571/2 62 61 1/2 1)
(286 57 58 1 1)
(287 62 61 1 1)
(287 60 60 1 1)
(287 50 54 1 1)
(287 69 65 1 1)
(287 66 63 1 1)
(288 67 64 1/2 1)
(288 43 50 1 1)
(288 71 66 1/2 1)
(288 59 59 1/2 1)
(288 65 63 1/2 1)
(289 67 64 3 1)
(289 60 60 3 1)
(289 48 53 1 1)
(289 64 62 3 1)
(290 57 58 1/2 1)
(581/2 55 57 1/2 1)
(291 60 60 1/2 1)
(583/2 62 61 1/2 1)
(292 69 65 3 1)
(292 72 67 3 1)
(292 63 62 16666667/50000000 1)
(292 66 63 3 1)
(14616667/50000 65 63 16666667/50000000 1)
(14633333/50000 63 62 16666667/50000000 1)
(293 62 61 1/2 1)
(587/2 65 63 1/2 1)
(294 63 62 1 1)
(295 62 61 1 1)
(295 66 63 3 1)
(295 72 67 3 1)
(295 69 65 3 1)
(295 74 68 3 1)
(296 61 60 1/2 1)
(593/2 62 61 1/2 1)
(297 64 62 1/2 1)
(595/2 62 61 1/2 1)
(298 57 58 1 1)
(299 62 61 1 1)
(299 69 65 1 1)
(299 66 63 1 1)
(299 50 54 1 1)
(299 60 60 1 1)
(300 65 63 1 1)
(300 59 59 1 1)
(300 67 64 1 1)
(300 71 66 1 1)
(300 43 50 1 1)
(301 64 62 1 1)
(301 55 57 1 1)
(301 79 71 1 1)
(301 67 64 1 1)
(301 48 53 1 1)
(301 72 67 1 1)
(302 67 64 1 1)
(302 67 64 1/2 1)
(605/2 72 67 1/2 1)
(303 48 53 1 1)
(303 55 57 1 1)
(303 79 71 16666667/50000000 1)
(303 64 62 1 1)
(15166667/50000 81 72 16666667/50000000 1)
(15183333/50000 79 71 16666667/50000000 1)
(304 63 62 2 1)
(304 57 58 2 1)
(304 48 53 2 1)
(304 78 70 1/2 1)
(609/2 66 63 3/2 1)
(609/2 66 63 1/2 1)
(305 72 67 1/2 1)
(611/2 78 70 1/2 1)
(306 77 70 1 1)
(306 65 63 1 1)
(306 71 66 1 1)
(306 56 57 1 1)
(306 62 61 1 1)
(306 48 53 1 1)
(307 76 69 1 1)
(307 64 62 1 1)
(307 60 60 1 1)
(307 72 67 1 1)
(307 48 53 1 1)
(307 55 57 1 1)
(308 67 64 1/2 1)
(308 67 64 1 1)
(617/2 72 67 1/2 1)
(309 67 64 1 1)
(309 48 53 1 1)
(309 76 69 16666667/50000000 1)
(309 55 57 1 1)
(15466667/50000 77 70 16666667/50000000 1)
(15483333/50000 76 69 16666667/50000000 1)
(310 75 69 1/2 1)
(310 57 58 2 1)
(310 48 53 2 1)
(621/2 66 63 3/2 1)
(621/2 66 63 1/2 1)
(311 72 67 1/2 1)
(623/2 75 69 1/2 1)
(312 59 59 1 1)
(312 74 68 1 1)
(312 48 53 1 1)
(312 65 63 1 1)
(313 48 53 1 1)
(313 55 57 1 1)
(313 60 60 1 1)
(313 72 67 1 1)
(313 79 71 1 1)
(313 64 62 1 1)
(314 67 64 1/2 1)
(629/2 72 67 1/2 1)
(315 55 57 1 1)
(315 64 62 1 1)
(315 48 53 1 1)
(315 79 71 16666667/50000000 1)
(15766667/50000 81 72 16666667/50000000 1)
(15783333/50000 79 71 16666667/50000000 1)
(316 50 54 2 1)
(316 78 70 1/2 1)
(316 62 61 2 1)
(316 57 58 2 1)
(633/2 66 63 1/2 1)
(633/2 66 63 3/2 1)
(317 72 67 1/2 1)
(635/2 78 70 1/2 1)
(318 62 61 1 1)
(318 55 57 1 1)
(318 65 63 1 1)
(318 77 70 1 1)
(318 71 66 1 1)
(319 55 57 1 1)
(319 72 67 1 1)
(319 76 69 1 1)
(319 64 62 1 1)
(319 48 53 1 1)
(320 67 64 2 1)
(320 67 64 1/2 1)
(641/2 72 67 1/2 1)
(321 60 60 1 1)
(321 76 69 16666667/50000000 1)
(321 48 53 1 1)
(16066667/50000 77 70 16666667/50000000 1)
(16083333/50000 76 69 16666667/50000000 1)
(322 50 54 2 1)
(322 59 59 2 1)
(322 74 68 1/2 1)
(645/2 65 63 1/2 1)
(323 71 66 1/2 1)
(647/2 74 68 1/2 1)
(324 72 67 1 1)
(324 51 55 1 1)
(324 66 63 1 1)
(324 57 58 1 1)
(325 64 62 1 1)
(325 62 61 1 1)
(325 71 66 1 1)
(325 68 64 1 1)
(325 52 55 1 1)
(326 62 61 1/2 1)
(653/2 64 62 1/2 1)
(327 52 55 1 1)
(327 71 66 16666667/50000000 1)
(327 40 48 1 1)
(16366667/50000 72 67 16666667/50000000 1)
(16383333/50000 71 66 16666667/50000000 1)
(328 52 55 1 1)
(328 45 51 1 1)
(328 69 65 1/2 1)
(657/2 60 60 1/2 1)
(657/2 60 60 3/2 1)
(329 64 62 1/2 1)
(659/2 69 65 1/2 1)
(330 60 60 1 1)
(330 64 62 1 1)
(330 72 67 1 1)
(330 40 48 1 1)
(330 52 55 1 1)
(331 64 62 1 1)
(331 71 66 1 1)
(331 44 50 1 1)
(331 62 61 1 1)
(331 52 55 1 1)
(332 62 61 1/2 1)
(665/2 64 62 1/2 1)
(333 52 55 1 1)
(333 40 48 1 1)
(333 71 66 16666667/50000000 1)
(16666667/50000 72 67 16666667/50000000 1)
(16683333/50000 71 66 16666667/50000000 1)
(334 52 55 1 1)
(334 45 51 1 1)
(334 69 65 1 1)
(335 67 64 1/2 1)
(335 60 60 1 1)
(671/2 65 63 1/2 1)
(336 64 62 1 1)
(336 60 60 1 1)
(336 52 55 1 1)
(336 40 48 1 1)
(337 68 64 1 1)
(337 71 66 1 1)
(337 52 55 1 1)
(337 62 61 1 1)
(337 40 48 1 1)
(338 62 61 1/2 1)
(677/2 68 64 1/2 1)
(339 71 66 16666667/50000000 1)
(339 40 48 1 1)
(339 52 55 1 1)
(16966667/50000 72 67 16666667/50000000 1)
(16983333/50000 71 66 16666667/50000000 1)
(340 69 65 1/2 1)
(340 45 51 1 1)
(681/2 60 60 1/2 1)
(341 64 62 1/2 1)
(683/2 69 65 1/2 1)
(342 50 54 1 1)
(342 57 58 1 1)
(342 65 63 1 1)
(342 72 67 1 1)
(343 52 55 1 1)
(343 71 66 1 1)
(343 68 64 1 1)
(343 62 61 1 1)
(344 62 61 1/2 1)
(689/2 68 64 1/2 1)
(345 71 66 16666667/50000000 1)
(345 40 48 1 1)
(345 52 55 1 1)
(17266667/50000 72 67 16666667/50000000 1)
(17283333/50000 71 66 16666667/50000000 1)
(346 45 51 1 1)
(346 69 65 1 1)
(693/2 60 60 1/2 1)
(347 57 58 1 1)
(347 50 54 1 1)
(347 67 64 1/2 1)
(347 62 61 1 1)
(695/2 65 63 1/2 1)
(348 52 55 1 1)
(348 60 60 1 1)
(348 45 51 1 1)
(348 64 62 1 1)
(349 68 64 1 1)
(349 71 66 1 1)
(349 52 55 1 1)
(349 62 61 1 1)
(350 62 61 1/2 1)
(350 62 61 1 1)
(701/2 68 64 1/2 1)
(351 52 55 1 1)
(351 40 48 1 1)
(351 71 66 16666667/50000000 1)
(351 62 61 1 1)
(17566667/50000 72 67 16666667/50000000 1)
(17583333/50000 71 66 16666667/50000000 1)
(352 45 51 1 1)
(352 69 65 1/2 1)
(352 52 55 1 1)
(705/2 60 60 1/2 1)
(353 64 62 1/2 1)
(707/2 69 65 1/2 1)
(354 57 58 1 1)
(354 65 63 1 1)
(354 62 61 1 1)
(354 72 67 1 1)
(354 50 54 1 1)
(355 45 51 1 1)
(355 52 55 1 1)
(355 69 65 1/2 1)
(711/2 60 60 1/2 1)
(356 64 62 1/2 1)
(713/2 69 65 1/2 1)
(357 72 67 1 1)
(357 57 58 1 1)
(357 65 63 1 1)
(357 50 54 1 1)
(357 62 61 1 1)
(358 52 55 1 1)
(358 45 51 1 1)
(358 69 65 1/2 1)
(717/2 60 60 3/2 1)
(717/2 60 60 1/2 1)
(359 64 62 1/2 1)
(719/2 69 65 1/2 1)
(360 50 54 1 1)
(360 57 58 1 1)
(360 62 61 1 1)
(360 65 63 1 1)
(360 72 67 1 1)
(361 52 55 1 1)
(361 69 65 3 1)
(361 45 51 1 1)
(362 64 62 3/2 1)
(362 60 60 3/2 1)
(727/2 59 59 1/2 1)
(727/2 63 62 1/2 1)
(364 62 61 1 1)
(364 69 65 3 1)
(364 65 63 1 1)
(365 60 60 3/2 1)
(365 64 62 3/2 1)
(733/2 63 62 1/2 1)
(733/2 59 59 1/2 1)
(367 62 61 3/4 1)
(367 65 63 3/4 1)
(367 69 65 3 1)
(1471/4 60 60 1/4 1)
(1471/4 64 62 1/4 1)
(368 64 62 3/2 1)
(368 60 60 3/2 1)
(739/2 59 59 1/2 1)
(739/2 63 62 1/2 1)
(370 59 59 3/4 1)
(370 69 65 3 1)
(370 63 62 3/4 1)
(1483/4 64 62 1/4 1)
(1483/4 60 60 1/4 1)
(371 60 60 1 1)
(371 64 62 1 1)
(373 69 65 3 1)
(373 33 44 1 1)
(374 52 55 3/2 1)
(374 60 60 3/2 1)
(751/2 51 55 1/2 1)
(751/2 59 59 1/2 1)
(376 62 61 1 1)
(376 53 56 1 1)
(376 69 65 3 1)
(377 60 60 3/2 1)
(377 52 55 3/2 1)
(757/2 59 59 1/2 1)
(757/2 51 55 1/2 1)
(379 53 56 3/4 1)
(379 62 61 3/4 1)
(379 69 65 3 1)
(1519/4 60 60 1/4 1)
(1519/4 52 55 1/4 1)
(380 52 55 1 1)
(380 60 60 1 1)
(381 51 55 1 1)
(381 59 59 1 1)
(382 51 55 3/4 1)
(382 59 59 3/4 1)
(382 69 65 3 1)
(1531/4 52 55 1/4 1)
(1531/4 60 60 1/4 1)
(383 48 53 1 1)
(383 57 58 1 1)
(385 33 44 1 1)
(385 69 65 3 1)
(386 64 62 1 1)
(386 52 55 1 1)
(388 59 59 3/4 1)
(388 51 55 3/4 1)
(388 69 65 3 1)
(1555/4 52 55 1/4 1)
(1555/4 60 60 1/4 1)
(389 48 53 2 1)
(389 57 58 2 1)
(391 45 51 3 1)
(391 52 55 3 1)
(391 60 60 3 1)
(391 96 81 1 1)
