pattern1
occurrence1
177.00000, 67.00000 
178.00000, 66.00000 
178.50000, 67.00000 
179.00000, 69.00000 
occurrence2
181.00000, 69.00000 
182.00000, 67.00000 
182.50000, 69.00000 
183.00000, 71.00000 
occurrence3
306.00000, 71.00000 
307.00000, 71.00000 
308.00000, 67.00000 
occurrence4
318.00000, 71.00000 
318.75000, 71.00000 
319.00000, 71.00000 
320.00000, 67.00000 
occurrence5
226.00000, 74.00000 
226.75000, 74.00000 
227.00000, 71.00000 
228.00000, 69.00000 
229.00000, 67.00000 
230.00000, 67.00000 
230.50000, 71.00000 
231.00000, 74.00000 
232.00000, 74.00000 
232.50000, 74.00000 
233.00000, 74.00000 
234.00000, 72.00000 
234.50000, 71.00000 
235.00000, 69.00000 
238.00000, 69.00000 
238.50000, 69.00000 
239.00000, 71.00000 
239.50000, 74.00000 
occurrence6
257.00000, 74.00000 
258.00000, 71.00000 
259.00000, 69.00000 
260.00000, 67.00000 
261.00000, 67.00000 
261.50000, 71.00000 
262.00000, 74.00000 
263.00000, 74.00000 
263.50000, 74.00000 
264.00000, 74.00000 
265.00000, 72.00000 
265.50000, 71.00000 
266.00000, 69.00000 
269.00000, 69.00000 
269.50000, 69.00000 
270.00000, 71.00000 
271.00000, 74.00000 
occurrence7
254.00000, 67.00000 
255.00000, 71.00000 
255.50000, 69.00000 
256.00000, 67.00000 
257.00000, 74.00000 
occurrence8
286.00000, 67.00000 
287.00000, 71.00000 
287.50000, 69.00000 
288.00000, 67.00000 
289.00000, 74.00000 
occurrence9
259.00000, 69.00000 
260.00000, 67.00000 
261.00000, 67.00000 
261.50000, 71.00000 
262.00000, 74.00000 
263.00000, 74.00000 
263.50000, 74.00000 
264.00000, 74.00000 
265.00000, 72.00000 
265.50000, 71.00000 
occurrence10
291.00000, 69.00000 
292.00000, 67.00000 
293.00000, 67.00000 
293.50000, 71.00000 
294.00000, 74.00000 
295.00000, 74.00000 
295.50000, 76.00000 
296.00000, 74.00000 
297.00000, 72.00000 
297.50000, 71.00000 
occurrence11
27.00000, 67.00000 
28.00000, 62.00000 
29.00000, 67.00000 
30.50000, 69.00000 
occurrence12
59.00000, 67.00000 
62.00000, 62.00000 
62.75000, 62.00000 
63.00000, 67.00000 
64.00000, 67.00000 
occurrence13
345.00000, 67.00000 
348.00000, 62.00000 
348.50000, 62.00000 
349.00000, 67.00000 
occurrence14
376.00000, 67.00000 
379.00000, 62.00000 
379.50000, 62.00000 
380.00000, 67.00000 
occurrence15
127.00000, 72.00000 
128.00000, 76.00000 
129.00000, 74.00000 
129.75000, 72.00000 
130.00000, 71.00000 
130.50000, 69.00000 
131.00000, 67.00000 
132.00000, 74.00000 
occurrence16
159.00000, 72.00000 
160.00000, 76.00000 
160.75000, 76.00000 
161.00000, 74.00000 
161.75000, 72.00000 
162.00000, 71.00000 
162.50000, 69.00000 
163.00000, 67.00000 
164.00000, 71.00000 
occurrence17
186.00000, 71.00000 
186.75000, 71.00000 
187.00000, 69.00000 
190.00000, 69.00000 
190.75000, 71.00000 
191.00000, 72.00000 
occurrence18
218.00000, 69.00000 
219.00000, 67.00000 
occurrence19
262.00000, 74.00000 
263.00000, 74.00000 
263.50000, 74.00000 
264.00000, 74.00000 
265.00000, 72.00000 
265.50000, 71.00000 
occurrence20
300.50000, 71.00000 
301.00000, 72.00000 
302.00000, 72.00000 
302.50000, 72.00000 
303.00000, 74.00000 
303.50000, 72.00000 
304.00000, 71.00000 
occurrence21
343.00000, 67.00000 
344.00000, 66.00000 
345.00000, 67.00000 
occurrence22
376.00000, 67.00000 
occurrence23
386.00000, 69.00000 
387.00000, 67.00000 
387.50000, 69.00000 
388.00000, 71.00000 
occurrence24
420.00000, 66.00000 
421.00000, 64.00000 
421.50000, 66.00000 
422.00000, 67.00000 
occurrence25
138.00000, 69.00000 
139.00000, 67.00000 
occurrence26
171.00000, 67.00000 
occurrence27
162.00000, 71.00000 
162.50000, 69.00000 
163.00000, 67.00000 
164.00000, 71.00000 
165.00000, 74.00000 
166.00000, 67.00000 
occurrence28
194.00000, 71.00000 
194.50000, 69.00000 
195.00000, 67.00000 
196.00000, 71.00000 
197.00000, 74.00000 
198.00000, 67.00000 
occurrence29
304.00000, 71.00000 
304.50000, 69.00000 
305.00000, 67.00000 
306.00000, 71.00000 
occurrence30
336.00000, 71.00000 
336.50000, 69.00000 
337.00000, 67.00000 
338.00000, 71.00000 
occurrence31
313.00000, 67.00000 
occurrence32
345.00000, 67.00000 
occurrence33
59.00000, 67.00000 
62.00000, 62.00000 
62.75000, 62.00000 
63.00000, 67.00000 
64.00000, 67.00000 
occurrence34
107.00000, 67.00000 
110.00000, 62.00000 
110.50000, 62.00000 
111.00000, 67.00000 
occurrence35
234.50000, 71.00000 
235.00000, 69.00000 
238.00000, 69.00000 
238.50000, 69.00000 
239.00000, 71.00000 
239.50000, 74.00000 
occurrence36
422.00000, 67.00000 
occurrence37
74.00000, 69.00000 
75.00000, 69.00000 
78.00000, 69.00000 
78.75000, 71.00000 
79.00000, 72.00000 
occurrence38
122.00000, 71.00000 
123.00000, 69.00000 
126.00000, 69.00000 
126.50000, 71.00000 
127.00000, 72.00000 
occurrence39
210.00000, 71.00000 
210.50000, 69.00000 
211.00000, 67.00000 
212.00000, 71.00000 
213.00000, 74.00000 
214.00000, 67.00000 
occurrence40
219.00000, 67.00000 
222.00000, 62.00000 
222.50000, 62.00000 
223.00000, 67.00000 
224.00000, 71.00000 
224.75000, 69.00000 
225.00000, 67.00000 
226.00000, 74.00000 
occurrence41
282.00000, 67.00000 
285.00000, 62.00000 
285.50000, 62.00000 
286.00000, 67.00000 
287.00000, 71.00000 
287.50000, 69.00000 
288.00000, 67.00000 
289.00000, 74.00000 
occurrence42
228.00000, 69.00000 
229.00000, 67.00000 
230.00000, 67.00000 
230.50000, 71.00000 
231.00000, 74.00000 
232.00000, 74.00000 
232.50000, 74.00000 
233.00000, 74.00000 
234.00000, 72.00000 
234.50000, 71.00000 
occurrence43
231.00000, 74.00000 
232.00000, 74.00000 
232.50000, 74.00000 
233.00000, 74.00000 
234.00000, 72.00000 
234.50000, 71.00000 
occurrence44
117.00000, 69.00000 
118.00000, 67.00000 
118.50000, 69.00000 
119.00000, 71.00000 
occurrence45
216.00000, 74.00000 
216.50000, 72.00000 
217.00000, 71.00000 
218.00000, 69.00000 
occurrence46
289.00000, 74.00000 
289.50000, 72.00000 
290.00000, 71.00000 
291.00000, 69.00000 
occurrence47
265.50000, 71.00000 
266.00000, 69.00000 
269.00000, 69.00000 
269.50000, 69.00000 
270.00000, 71.00000 
271.00000, 74.00000 
occurrence48
328.50000, 71.00000 
329.00000, 69.00000 
332.00000, 69.00000 
332.50000, 71.00000 
333.00000, 72.00000 
occurrence49
100.00000, 71.00000 
101.00000, 74.00000 
102.00000, 67.00000 
occurrence50
164.00000, 71.00000 
165.00000, 74.00000 
166.00000, 67.00000 
occurrence51
115.00000, 69.00000 
116.00000, 71.00000 
117.00000, 69.00000 
118.00000, 67.00000 
118.50000, 69.00000 
119.00000, 71.00000 
120.00000, 74.00000 
120.50000, 74.00000 
121.00000, 72.00000 
122.00000, 71.00000 
123.00000, 69.00000 
126.00000, 69.00000 
126.50000, 71.00000 
127.00000, 72.00000 
occurrence52
179.00000, 69.00000 
180.00000, 71.00000 
181.00000, 69.00000 
182.00000, 67.00000 
182.50000, 69.00000 
183.00000, 71.00000 
184.00000, 74.00000 
184.50000, 74.00000 
185.00000, 72.00000 
186.00000, 71.00000 
186.75000, 71.00000 
187.00000, 69.00000 
190.00000, 69.00000 
190.75000, 71.00000 
191.00000, 72.00000 
occurrence53
130.00000, 71.00000 
130.50000, 69.00000 
131.00000, 67.00000 
132.00000, 74.00000 
occurrence54
194.00000, 71.00000 
194.50000, 69.00000 
195.00000, 67.00000 
196.00000, 71.00000 
occurrence55
336.00000, 71.00000 
336.50000, 69.00000 
337.00000, 67.00000 
338.00000, 71.00000 
339.00000, 74.00000 
340.00000, 67.00000 
occurrence56
398.00000, 71.00000 
398.50000, 69.00000 
399.00000, 67.00000 
400.00000, 71.00000 
401.00000, 74.00000 
402.00000, 67.00000 
occurrence57
107.00000, 67.00000 
occurrence58
345.00000, 67.00000 
348.00000, 62.00000 
348.50000, 62.00000 
349.00000, 67.00000 
350.00000, 71.00000 
350.75000, 69.00000 
351.00000, 67.00000 
352.00000, 74.00000 
occurrence59
354.00000, 69.00000 
355.00000, 67.00000 
356.00000, 67.00000 
356.50000, 71.00000 
357.00000, 74.00000 
358.00000, 74.00000 
358.50000, 76.00000 
359.00000, 74.00000 
360.00000, 71.00000 
occurrence60
107.00000, 67.00000 
110.00000, 62.00000 
110.50000, 62.00000 
111.00000, 67.00000 
occurrence61
251.00000, 67.00000 
254.00000, 67.00000 
occurrence62
57.00000, 71.00000 
58.00000, 69.00000 
59.00000, 67.00000 
occurrence63
136.00000, 72.00000 
136.50000, 72.00000 
137.00000, 71.00000 
138.00000, 69.00000 
139.00000, 67.00000 
occurrence64
200.00000, 74.00000 
200.50000, 72.00000 
201.00000, 71.00000 
202.00000, 69.00000 
occurrence65
413.00000, 71.00000 
413.50000, 69.00000 
414.00000, 67.00000 
415.00000, 71.00000 
416.00000, 74.00000 
417.00000, 67.00000 
occurrence66
84.00000, 71.00000 
85.00000, 74.00000 
86.00000, 67.00000 
occurrence67
202.00000, 69.00000 
203.00000, 67.00000 
206.00000, 69.00000 
206.75000, 71.00000 
207.00000, 72.00000 
occurrence68
210.00000, 71.00000 
210.50000, 69.00000 
211.00000, 67.00000 
212.00000, 71.00000 
occurrence69
311.00000, 66.00000 
312.00000, 64.00000 
312.50000, 66.00000 
313.00000, 67.00000 
occurrence70
257.00000, 74.00000 
258.00000, 71.00000 
259.00000, 69.00000 
260.00000, 67.00000 
261.00000, 67.00000 
261.50000, 71.00000 
262.00000, 74.00000 
occurrence71
352.00000, 74.00000 
353.00000, 71.00000 
354.00000, 69.00000 
355.00000, 67.00000 
356.00000, 67.00000 
356.50000, 71.00000 
357.00000, 74.00000 
occurrence72
271.00000, 74.00000 
271.50000, 74.00000 
272.00000, 76.00000 
273.00000, 76.00000 
273.50000, 76.00000 
274.00000, 74.00000 
275.00000, 72.00000 
276.00000, 71.00000 
277.00000, 69.00000 
277.50000, 71.00000 
278.00000, 72.00000 
279.00000, 71.00000 
279.50000, 69.00000 
occurrence73
365.00000, 74.00000 
365.50000, 74.00000 
366.00000, 76.00000 
366.50000, 76.00000 
367.00000, 76.00000 
367.50000, 76.00000 
368.00000, 74.00000 
369.00000, 72.00000 
370.00000, 71.00000 
371.00000, 69.00000 
371.50000, 71.00000 
372.00000, 72.00000 
373.00000, 71.00000 
373.50000, 69.00000 
occurrence74
196.00000, 71.00000 
197.00000, 74.00000 
198.00000, 67.00000 
occurrence75
282.00000, 67.00000 
285.00000, 62.00000 
285.50000, 62.00000 
286.00000, 67.00000 
occurrence76
376.00000, 67.00000 
379.00000, 62.00000 
379.50000, 62.00000 
380.00000, 67.00000 
occurrence77
300.50000, 71.00000 
301.00000, 72.00000 
302.00000, 72.00000 
302.50000, 72.00000 
303.00000, 74.00000 
303.50000, 72.00000 
304.00000, 71.00000 
304.50000, 69.00000 
305.00000, 67.00000 
306.00000, 71.00000 
occurrence78
394.50000, 71.00000 
395.00000, 72.00000 
396.00000, 72.00000 
396.50000, 72.00000 
397.00000, 74.00000 
397.50000, 72.00000 
398.00000, 71.00000 
398.50000, 69.00000 
399.00000, 67.00000 
400.00000, 71.00000 
occurrence79
3.50000, 67.00000 
4.00000, 66.00000 
4.50000, 67.00000 
5.00000, 69.00000 
6.00000, 71.00000 
7.00000, 69.00000 
8.00000, 67.00000 
8.75000, 69.00000 
9.00000, 71.00000 
10.00000, 74.00000 
10.75000, 74.00000 
11.00000, 72.00000 
12.00000, 71.00000 
occurrence80
113.50000, 67.00000 
114.00000, 66.00000 
114.50000, 67.00000 
115.00000, 69.00000 
116.00000, 71.00000 
117.00000, 69.00000 
118.00000, 67.00000 
118.50000, 69.00000 
119.00000, 71.00000 
120.00000, 74.00000 
120.50000, 74.00000 
121.00000, 72.00000 
122.00000, 71.00000 
occurrence81
18.00000, 71.00000 
18.50000, 69.00000 
19.00000, 67.00000 
20.00000, 74.00000 
occurrence82
37.00000, 71.00000 
38.00000, 72.00000 
38.50000, 76.00000 
39.00000, 74.00000 
40.00000, 72.00000 
40.50000, 71.00000 
41.00000, 69.00000 
45.00000, 74.00000 
occurrence83
151.00000, 74.00000 
152.00000, 74.00000 
152.50000, 76.00000 
153.00000, 74.00000 
154.00000, 72.00000 
154.50000, 71.00000 
155.00000, 69.00000 
158.00000, 69.00000 
158.50000, 71.00000 
159.00000, 72.00000 
occurrence84
59.00000, 67.00000 
occurrence85
311.00000, 66.00000 
312.00000, 64.00000 
312.50000, 66.00000 
313.00000, 67.00000 
occurrence86
420.00000, 66.00000 
421.00000, 64.00000 
421.50000, 66.00000 
422.00000, 67.00000 
occurrence87
212.00000, 71.00000 
213.00000, 74.00000 
214.00000, 67.00000 
occurrence88
409.50000, 71.00000 
410.00000, 72.00000 
411.00000, 72.00000 
411.50000, 72.00000 
412.00000, 74.00000 
412.50000, 72.00000 
413.00000, 71.00000 
413.50000, 69.00000 
414.00000, 67.00000 
415.00000, 71.00000 
occurrence89
7.00000, 69.00000 
8.00000, 67.00000 
8.75000, 69.00000 
9.00000, 71.00000 
occurrence90
134.00000, 71.00000 
135.00000, 69.00000 
136.00000, 72.00000 
occurrence91
12.00000, 71.00000 
12.50000, 71.00000 
13.00000, 69.00000 
14.00000, 69.00000 
14.75000, 71.00000 
15.00000, 72.00000 
occurrence92
219.00000, 67.00000 
222.00000, 62.00000 
222.50000, 62.00000 
223.00000, 67.00000 
224.00000, 71.00000 
224.75000, 69.00000 
225.00000, 67.00000 
226.00000, 74.00000 
226.75000, 74.00000 
227.00000, 71.00000 
228.00000, 69.00000 
229.00000, 67.00000 
230.00000, 67.00000 
230.50000, 71.00000 
231.00000, 74.00000 
occurrence93
345.00000, 67.00000 
348.00000, 62.00000 
348.50000, 62.00000 
349.00000, 67.00000 
350.00000, 71.00000 
350.75000, 69.00000 
351.00000, 67.00000 
352.00000, 74.00000 
353.00000, 71.00000 
354.00000, 69.00000 
355.00000, 67.00000 
356.00000, 67.00000 
356.50000, 71.00000 
357.00000, 74.00000 
occurrence94
139.00000, 67.00000 
142.00000, 62.00000 
142.50000, 62.00000 
143.00000, 67.00000 
144.00000, 71.00000 
144.50000, 69.00000 
145.00000, 67.00000 
146.00000, 74.00000 
occurrence95
148.00000, 69.00000 
149.00000, 67.00000 
150.00000, 67.00000 
150.50000, 71.00000 
151.00000, 74.00000 
152.00000, 74.00000 
152.50000, 76.00000 
153.00000, 74.00000 
154.00000, 72.00000 
154.50000, 71.00000 
occurrence96
162.00000, 71.00000 
162.50000, 69.00000 
163.00000, 67.00000 
164.00000, 71.00000 
occurrence97
394.50000, 71.00000 
395.00000, 72.00000 
396.00000, 72.00000 
396.50000, 72.00000 
397.00000, 74.00000 
397.50000, 72.00000 
398.00000, 71.00000 
occurrence98
409.50000, 71.00000 
410.00000, 72.00000 
411.00000, 72.00000 
411.50000, 72.00000 
412.00000, 74.00000 
412.50000, 72.00000 
413.00000, 71.00000 
occurrence99
218.00000, 69.00000 
219.00000, 67.00000 
222.00000, 62.00000 
222.50000, 62.00000 
223.00000, 67.00000 
occurrence100
360.00000, 71.00000 
361.00000, 69.00000 
363.00000, 69.00000 
363.50000, 71.00000 
364.00000, 72.00000 
365.00000, 74.00000 
occurrence101
5.00000, 69.00000 
6.00000, 71.00000 
7.00000, 69.00000 
8.00000, 67.00000 
8.75000, 69.00000 
9.00000, 71.00000 
10.00000, 74.00000 
10.75000, 74.00000 
11.00000, 72.00000 
12.00000, 71.00000 
occurrence102
179.00000, 69.00000 
180.00000, 71.00000 
181.00000, 69.00000 
182.00000, 67.00000 
182.50000, 69.00000 
183.00000, 71.00000 
184.00000, 74.00000 
184.50000, 74.00000 
185.00000, 72.00000 
186.00000, 71.00000 
occurrence103
391.00000, 71.00000 
391.50000, 71.00000 
392.00000, 69.00000 
394.00000, 69.00000 
394.50000, 71.00000 
occurrence104
40.50000, 71.00000 
41.00000, 69.00000 
45.00000, 74.00000 
occurrence105
313.00000, 67.00000 
316.00000, 62.00000 
316.50000, 62.00000 
317.00000, 67.00000 
318.00000, 71.00000 
occurrence106
333.00000, 72.00000 
334.00000, 76.00000 
334.75000, 76.00000 
335.00000, 74.00000 
335.50000, 72.00000 
336.00000, 71.00000 
336.50000, 69.00000 
337.00000, 67.00000 
338.00000, 71.00000 
occurrence107
382.00000, 67.00000 
383.00000, 66.00000 
383.50000, 67.00000 
384.00000, 69.00000 
occurrence108
181.00000, 69.00000 
182.00000, 67.00000 
182.50000, 69.00000 
183.00000, 71.00000 
184.00000, 74.00000 
184.50000, 74.00000 
185.00000, 72.00000 
186.00000, 71.00000 
186.75000, 71.00000 
187.00000, 69.00000 
190.00000, 69.00000 
190.75000, 71.00000 
191.00000, 72.00000 
occurrence109
386.00000, 69.00000 
387.00000, 67.00000 
387.50000, 69.00000 
388.00000, 71.00000 
389.00000, 74.00000 
389.50000, 74.00000 
390.00000, 72.00000 
391.00000, 71.00000 
391.50000, 71.00000 
392.00000, 69.00000 
394.00000, 69.00000 
394.50000, 71.00000 
occurrence110
139.00000, 67.00000 
142.00000, 62.00000 
142.50000, 62.00000 
143.00000, 67.00000 
144.00000, 71.00000 
144.50000, 69.00000 
145.00000, 67.00000 
146.00000, 74.00000 
147.00000, 71.00000 
148.00000, 69.00000 
149.00000, 67.00000 
150.00000, 67.00000 
150.50000, 71.00000 
151.00000, 74.00000 
152.00000, 74.00000 
152.50000, 76.00000 
153.00000, 74.00000 
154.00000, 72.00000 
154.50000, 71.00000 
occurrence111
345.00000, 67.00000 
348.00000, 62.00000 
348.50000, 62.00000 
349.00000, 67.00000 
350.00000, 71.00000 
350.75000, 69.00000 
351.00000, 67.00000 
352.00000, 74.00000 
353.00000, 71.00000 
354.00000, 69.00000 
355.00000, 67.00000 
356.00000, 67.00000 
356.50000, 71.00000 
357.00000, 74.00000 
358.00000, 74.00000 
358.50000, 76.00000 
359.00000, 74.00000 
360.00000, 71.00000 
occurrence112
138.00000, 69.00000 
139.00000, 67.00000 
142.00000, 62.00000 
142.50000, 62.00000 
143.00000, 67.00000 
occurrence113
338.00000, 71.00000 
339.00000, 74.00000 
340.00000, 67.00000 
occurrence114
37.00000, 71.00000 
38.00000, 72.00000 
38.50000, 76.00000 
39.00000, 74.00000 
40.00000, 72.00000 
40.50000, 71.00000 
occurrence115
294.00000, 74.00000 
295.00000, 74.00000 
295.50000, 76.00000 
296.00000, 74.00000 
297.00000, 72.00000 
297.50000, 71.00000 
occurrence116
117.00000, 69.00000 
118.00000, 67.00000 
118.50000, 69.00000 
119.00000, 71.00000 
120.00000, 74.00000 
120.50000, 74.00000 
121.00000, 72.00000 
122.00000, 71.00000 
occurrence117
386.00000, 69.00000 
387.00000, 67.00000 
387.50000, 69.00000 
388.00000, 71.00000 
389.00000, 74.00000 
389.50000, 74.00000 
390.00000, 72.00000 
391.00000, 71.00000 
occurrence118
398.00000, 71.00000 
398.50000, 69.00000 
399.00000, 67.00000 
400.00000, 71.00000 
occurrence119
413.00000, 71.00000 
413.50000, 69.00000 
414.00000, 67.00000 
415.00000, 71.00000 
occurrence120
400.00000, 71.00000 
401.00000, 74.00000 
402.00000, 67.00000 
occurrence121
22.00000, 67.00000 
22.50000, 67.00000 
23.00000, 69.00000 
23.50000, 71.00000 
24.00000, 72.00000 
occurrence122
340.00000, 67.00000 
340.50000, 67.00000 
341.00000, 69.00000 
341.50000, 71.00000 
occurrence123
415.00000, 71.00000 
416.00000, 74.00000 
417.00000, 67.00000 
occurrence124
7.00000, 69.00000 
8.00000, 67.00000 
8.75000, 69.00000 
9.00000, 71.00000 
10.00000, 74.00000 
10.75000, 74.00000 
11.00000, 72.00000 
12.00000, 71.00000 
pattern2
occurrence1
138.00000, 69.00000 
139.00000, 67.00000 
142.00000, 62.00000 
142.50000, 62.00000 
143.00000, 67.00000 
144.00000, 71.00000 
144.50000, 69.00000 
145.00000, 67.00000 
146.00000, 74.00000 
147.00000, 71.00000 
148.00000, 69.00000 
149.00000, 67.00000 
150.00000, 67.00000 
150.50000, 71.00000 
151.00000, 74.00000 
152.00000, 74.00000 
152.50000, 76.00000 
153.00000, 74.00000 
154.00000, 72.00000 
154.50000, 71.00000 
155.00000, 69.00000 
158.00000, 69.00000 
158.50000, 71.00000 
159.00000, 72.00000 
occurrence2
218.00000, 69.00000 
219.00000, 67.00000 
222.00000, 62.00000 
222.50000, 62.00000 
223.00000, 67.00000 
224.00000, 71.00000 
224.75000, 69.00000 
225.00000, 67.00000 
226.00000, 74.00000 
226.75000, 74.00000 
227.00000, 71.00000 
228.00000, 69.00000 
229.00000, 67.00000 
230.00000, 67.00000 
230.50000, 71.00000 
231.00000, 74.00000 
232.00000, 74.00000 
232.50000, 74.00000 
233.00000, 74.00000 
234.00000, 72.00000 
234.50000, 71.00000 
235.00000, 69.00000 
238.00000, 69.00000 
238.50000, 69.00000 
239.00000, 71.00000 
239.50000, 74.00000 
pattern3
occurrence1
143.00000, 67.00000 
144.00000, 71.00000 
144.50000, 69.00000 
145.00000, 67.00000 
146.00000, 74.00000 
147.00000, 71.00000 
148.00000, 69.00000 
149.00000, 67.00000 
150.00000, 67.00000 
150.50000, 71.00000 
151.00000, 74.00000 
152.00000, 74.00000 
152.50000, 76.00000 
153.00000, 74.00000 
154.00000, 72.00000 
154.50000, 71.00000 
155.00000, 69.00000 
158.00000, 69.00000 
158.50000, 71.00000 
159.00000, 72.00000 
occurrence2
254.00000, 67.00000 
255.00000, 71.00000 
255.50000, 69.00000 
256.00000, 67.00000 
257.00000, 74.00000 
258.00000, 71.00000 
259.00000, 69.00000 
260.00000, 67.00000 
261.00000, 67.00000 
261.50000, 71.00000 
262.00000, 74.00000 
263.00000, 74.00000 
263.50000, 74.00000 
264.00000, 74.00000 
265.00000, 72.00000 
265.50000, 71.00000 
266.00000, 69.00000 
269.00000, 69.00000 
269.50000, 69.00000 
270.00000, 71.00000 
271.00000, 74.00000 
pattern4
occurrence1
186.00000, 71.00000 
186.75000, 71.00000 
187.00000, 69.00000 
190.00000, 69.00000 
190.75000, 71.00000 
191.00000, 72.00000 
191.50000, 76.00000 
192.00000, 76.00000 
192.75000, 76.00000 
193.00000, 74.00000 
193.50000, 72.00000 
194.00000, 71.00000 
194.50000, 69.00000 
195.00000, 67.00000 
196.00000, 71.00000 
197.00000, 74.00000 
198.00000, 67.00000 
198.75000, 67.00000 
199.00000, 69.00000 
200.00000, 74.00000 
200.50000, 72.00000 
201.00000, 71.00000 
202.00000, 69.00000 
occurrence2
202.00000, 69.00000 
203.00000, 67.00000 
206.00000, 69.00000 
206.75000, 71.00000 
207.00000, 72.00000 
207.50000, 76.00000 
208.00000, 76.00000 
208.75000, 76.00000 
209.00000, 74.00000 
209.50000, 72.00000 
210.00000, 71.00000 
210.50000, 69.00000 
211.00000, 67.00000 
212.00000, 71.00000 
213.00000, 74.00000 
214.00000, 67.00000 
214.75000, 67.00000 
215.00000, 69.00000 
216.00000, 74.00000 
216.50000, 72.00000 
217.00000, 71.00000 
218.00000, 69.00000 
pattern5
occurrence1
154.50000, 71.00000 
155.00000, 69.00000 
158.00000, 69.00000 
158.50000, 71.00000 
159.00000, 72.00000 
160.00000, 76.00000 
160.75000, 76.00000 
161.00000, 74.00000 
161.75000, 72.00000 
162.00000, 71.00000 
162.50000, 69.00000 
163.00000, 67.00000 
164.00000, 71.00000 
165.00000, 74.00000 
166.00000, 67.00000 
166.50000, 67.00000 
167.00000, 69.00000 
167.50000, 72.00000 
occurrence2
328.50000, 71.00000 
329.00000, 69.00000 
332.00000, 69.00000 
332.50000, 71.00000 
333.00000, 72.00000 
334.00000, 76.00000 
334.75000, 76.00000 
335.00000, 74.00000 
335.50000, 72.00000 
336.00000, 71.00000 
336.50000, 69.00000 
337.00000, 67.00000 
338.00000, 71.00000 
339.00000, 74.00000 
340.00000, 67.00000 
340.50000, 67.00000 
341.00000, 69.00000 
341.50000, 71.00000 
pattern6
occurrence1
394.50000, 71.00000 
395.00000, 72.00000 
396.00000, 72.00000 
396.50000, 72.00000 
397.00000, 74.00000 
397.50000, 72.00000 
398.00000, 71.00000 
398.50000, 69.00000 
399.00000, 67.00000 
400.00000, 71.00000 
401.00000, 74.00000 
402.00000, 67.00000 
402.50000, 67.00000 
403.00000, 69.00000 
404.00000, 71.00000 
404.50000, 69.00000 
405.00000, 66.00000 
occurrence2
409.50000, 71.00000 
410.00000, 72.00000 
411.00000, 72.00000 
411.50000, 72.00000 
412.00000, 74.00000 
412.50000, 72.00000 
413.00000, 71.00000 
413.50000, 69.00000 
414.00000, 67.00000 
415.00000, 71.00000 
416.00000, 74.00000 
417.00000, 67.00000 
417.50000, 67.00000 
418.00000, 69.00000 
419.00000, 71.00000 
419.50000, 69.00000 
420.00000, 66.00000 
pattern7
occurrence1
82.00000, 72.00000 
82.50000, 66.00000 
83.00000, 67.00000 
84.00000, 71.00000 
85.00000, 74.00000 
86.00000, 67.00000 
87.00000, 72.00000 
88.00000, 69.00000 
88.50000, 67.00000 
89.00000, 66.00000 
89.50000, 62.00000 
90.00000, 64.00000 
90.50000, 66.00000 
91.00000, 67.00000 
occurrence2
98.00000, 72.00000 
98.50000, 66.00000 
99.00000, 67.00000 
100.00000, 71.00000 
101.00000, 74.00000 
102.00000, 67.00000 
103.00000, 72.00000 
104.00000, 69.00000 
104.50000, 67.00000 
105.00000, 66.00000 
105.50000, 62.00000 
106.00000, 64.00000 
106.50000, 66.00000 
107.00000, 67.00000 
