(0 41 49 1 1)
(0 53 56 1 1)
(0 60 60 1 1)
(0 72 67 1 1)
(0 65 63 1 1)
(0 69 65 1 1)
(1 72 67 1 1)
(1 69 65 1 1)
(1 48 53 1 1)
(2 45 51 1 1)
(2 69 65 1 1)
(2 72 67 1 1)
(3 69 65 3/2 1)
(3 41 49 1 1)
(3 72 67 3/2 1)
(4 29 42 1 1)
(9/2 74 68 1/4 1)
(19/4 72 67 1/4 1)
(5 70 66 1/4 1)
(21/4 69 65 1/4 1)
(11/2 67 64 1/4 1)
(23/4 65 63 1/4 1)
(6 53 56 1/2 1)
(6 57 58 1/2 1)
(6 77 70 1 1)
(13/2 57 58 1/2 1)
(13/2 53 56 1/2 1)
(7 53 56 1/2 1)
(7 76 69 1 1)
(7 55 57 1/2 1)
(7 58 59 1/2 1)
(15/2 58 59 1/2 1)
(15/2 55 57 1/2 1)
(15/2 53 56 1/2 1)
(8 53 56 1/2 1)
(8 57 58 1/2 1)
(8 60 60 1/2 1)
(8 75 69 1 1)
(17/2 57 58 1/2 1)
(17/2 60 60 1/2 1)
(17/2 53 56 1/2 1)
(9 74 68 1 1)
(9 53 56 1/2 1)
(9 62 61 1/2 1)
(9 58 59 1/2 1)
(19/2 62 61 1/2 1)
(19/2 58 59 1/2 1)
(19/2 53 56 1/2 1)
(10 58 59 1/2 1)
(10 53 56 1/2 1)
(10 62 61 1/2 1)
(21/2 58 59 1/2 1)
(21/2 62 61 1/2 1)
(21/2 53 56 1/2 1)
(11 58 59 1/2 1)
(11 62 61 1/2 1)
(11 53 56 1/2 1)
(23/2 53 56 1/2 1)
(23/2 62 61 1/2 1)
(23/2 58 59 1/2 1)
(12 55 57 1/2 1)
(12 64 62 1/2 1)
(12 53 56 1/2 1)
(12 72 67 1/2 1)
(25/2 53 56 1/2 1)
(25/2 70 66 1/2 1)
(25/2 55 57 1/2 1)
(25/2 64 62 1/2 1)
(13 53 56 1/2 1)
(13 55 57 1/2 1)
(13 64 62 1/2 1)
(13 70 66 1/2 1)
(27/2 55 57 1/2 1)
(27/2 64 62 1/2 1)
(27/2 53 56 1/2 1)
(14 53 56 1/2 1)
(14 64 62 1/2 1)
(14 55 57 1/2 1)
(29/2 55 57 1/2 1)
(29/2 53 56 1/2 1)
(29/2 64 62 1/2 1)
(15 53 56 1/2 1)
(15 74 68 1/2 1)
(15 65 63 1/2 1)
(15 57 58 1/2 1)
(31/2 65 63 1/2 1)
(31/2 53 56 1/2 1)
(31/2 57 58 1/2 1)
(31/2 72 67 1/2 1)
(16 72 67 1/2 1)
(16 65 63 1/2 1)
(16 57 58 1/2 1)
(16 53 56 1/2 1)
(33/2 57 58 1/2 1)
(33/2 65 63 1/2 1)
(33/2 53 56 1/2 1)
(17 57 58 1/2 1)
(17 65 63 1/2 1)
(17 53 56 1/2 1)
(35/2 57 58 1/2 1)
(35/2 53 56 1/2 1)
(35/2 65 63 1/2 1)
(18 60 60 1 1)
(18 55 57 1 1)
(18 52 55 1 1)
(18 82 73 1/4 1)
(73/4 81 72 1/4 1)
(37/2 79 71 1/4 1)
(75/4 81 72 1/4 1)
(19 79 71 1/4 1)
(77/4 77 70 1/4 1)
(39/2 76 69 1/4 1)
(79/4 77 70 1/4 1)
(20 76 69 1/4 1)
(81/4 74 68 1/4 1)
(41/2 72 67 1/4 1)
(83/4 70 66 1/4 1)
(21 69 65 1/2 1)
(21 53 56 1/4 1)
(85/4 60 60 1/4 1)
(43/2 57 58 1/4 1)
(43/2 77 70 1 1)
(87/4 60 60 1/4 1)
(22 55 57 1/4 1)
(89/4 60 60 1/4 1)
(45/2 76 69 1 1)
(45/2 58 59 1/4 1)
(91/4 60 60 1/4 1)
(23 57 58 1/4 1)
(93/4 60 60 1/4 1)
(47/2 57 58 1/4 1)
(47/2 77 70 1/2 1)
(95/4 60 60 1/4 1)
(24 58 59 1/2 1)
(49/2 65 63 1/2 1)
(49/2 74 68 1/2 1)
(25 46 52 1/2 1)
(51/2 58 59 1/2 1)
(51/2 67 64 1/2 1)
(26 48 53 1/2 1)
(53/2 55 57 1/2 1)
(53/2 64 62 1/2 1)
(27 52 55 1 1)
(27 60 60 1 1)
(27 55 57 1 1)
(27 82 73 1/4 1)
(109/4 81 72 1/4 1)
(55/2 79 71 1/4 1)
(111/4 81 72 1/4 1)
(28 79 71 1/4 1)
(113/4 77 70 1/4 1)
(57/2 76 69 1/4 1)
(115/4 77 70 1/4 1)
(29 76 69 1/4 1)
(117/4 74 68 1/4 1)
(59/2 72 67 1/4 1)
(119/4 70 66 1/4 1)
(30 69 65 1/2 1)
(30 53 56 1/4 1)
(121/4 60 60 1/4 1)
(61/2 81 72 1 1)
(61/2 57 58 1/4 1)
(123/4 60 60 1/4 1)
(31 55 57 1/4 1)
(125/4 64 62 1/4 1)
(63/2 79 71 1 1)
(63/2 58 59 1/4 1)
(127/4 64 62 1/4 1)
(32 57 58 1/4 1)
(129/4 65 63 1/4 1)
(65/2 60 60 1/4 1)
(65/2 77 70 1/2 1)
(131/4 65 63 1/4 1)
(33 58 59 1/2 1)
(67/2 65 63 1/2 1)
(67/2 74 68 1/2 1)
(34 46 52 1/2 1)
(69/2 67 64 1/2 1)
(69/2 58 59 1/2 1)
(35 48 53 1/2 1)
(71/2 64 62 1/2 1)
(71/2 55 57 1/2 1)
(36 53 56 1 1)
(36 57 58 16666667/50000000 1)
(36 41 49 1 1)
(9083333/250000 65 63 16666667/50000000 1)
(9166667/250000 60 60 16666667/50000000 1)
(37 69 65 16666667/50000000 1)
(9333333/250000 65 63 16666667/50000000 1)
(9416667/250000 60 60 16666667/50000000 1)
(38 58 59 16666667/50000000 1)
(38 36 46 1 1)
(38 48 53 1 1)
(9583333/250000 67 64 16666667/50000000 1)
(9666667/250000 64 62 16666667/50000000 1)
(39 65 63 16666667/50000000 1)
(39 41 49 1 1)
(39 29 42 1 1)
(9833333/250000 57 58 16666667/50000000 1)
(9916667/250000 60 60 16666667/50000000 1)
(40 67 64 16666667/50000000 1)
(10083333/250000 60 60 16666667/50000000 1)
(10166667/250000 64 62 16666667/50000000 1)
(41 69 65 16666667/50000000 1)
(10333333/250000 60 60 16666667/50000000 1)
(10416667/250000 65 63 16666667/50000000 1)
(42 60 60 16666667/50000000 1)
(42 36 46 1 1)
(42 48 53 1 1)
(10583333/250000 67 64 16666667/50000000 1)
(10666667/250000 64 62 16666667/50000000 1)
(43 70 66 16666667/50000000 1)
(10833333/250000 67 64 16666667/50000000 1)
(10916667/250000 64 62 16666667/50000000 1)
(44 60 60 16666667/50000000 1)
(44 53 56 1 1)
(44 41 49 1 1)
(11083333/250000 69 65 16666667/50000000 1)
(11166667/250000 65 63 16666667/50000000 1)
(45 48 53 1 1)
(45 67 64 16666667/50000000 1)
(45 60 60 1 1)
(11333333/250000 60 60 16666667/50000000 1)
(11416667/250000 64 62 16666667/50000000 1)
(46 69 65 16666667/50000000 1)
(11583333/250000 60 60 16666667/50000000 1)
(11666667/250000 65 63 16666667/50000000 1)
(47 70 66 16666667/50000000 1)
(11833333/250000 60 60 16666667/50000000 1)
(11916667/250000 67 64 16666667/50000000 1)
(48 69 65 16666667/50000000 1)
(48 41 49 1 1)
(48 53 56 1 1)
(12083333/250000 72 67 16666667/50000000 1)
(12166667/250000 77 70 16666667/50000000 1)
(49 81 72 16666667/50000000 1)
(12333333/250000 77 70 16666667/50000000 1)
(12416667/250000 74 68 16666667/50000000 1)
(50 72 67 16666667/50000000 1)
(12583333/250000 77 70 16666667/50000000 1)
(12666667/250000 81 72 16666667/50000000 1)
(51 80 72 16666667/50000000 1)
(51 53 56 1 1)
(51 65 63 1 1)
(12833333/250000 74 68 16666667/50000000 1)
(12916667/250000 71 66 16666667/50000000 1)
(52 64 62 1 1)
(52 52 55 1 1)
(52 72 67 16666667/50000000 1)
(13083333/250000 76 69 16666667/50000000 1)
(13166667/250000 79 71 16666667/50000000 1)
(53 75 69 16666667/50000000 1)
(13333333/250000 72 67 16666667/50000000 1)
(13416667/250000 70 66 16666667/50000000 1)
(54 69 65 16666667/50000000 1)
(54 63 62 1 1)
(54 51 55 1 1)
(13583333/250000 72 67 16666667/50000000 1)
(13666667/250000 78 70 16666667/50000000 1)
(55 62 61 1 1)
(55 50 54 1 1)
(55 77 70 16666667/50000000 1)
(13833333/250000 74 68 16666667/50000000 1)
(13916667/250000 70 66 16666667/50000000 1)
(56 69 65 16666667/50000000 1)
(14083333/250000 74 68 16666667/50000000 1)
(14166667/250000 77 70 16666667/50000000 1)
(57 77 70 16666667/50000000 1)
(57 50 54 1 1)
(57 62 61 1 1)
(14333333/250000 71 66 16666667/50000000 1)
(14416667/250000 68 65 16666667/50000000 1)
(58 69 65 16666667/50000000 1)
(58 49 53 1 1)
(58 61 60 1 1)
(14583333/250000 73 67 16666667/50000000 1)
(14666667/250000 76 69 16666667/50000000 1)
(59 72 67 16666667/50000000 1)
(14833333/250000 69 65 16666667/50000000 1)
(14916667/250000 67 64 16666667/50000000 1)
(60 66 63 16666667/50000000 1)
(60 48 53 1 1)
(60 60 60 1 1)
(15083333/250000 69 65 16666667/50000000 1)
(15166667/250000 75 69 16666667/50000000 1)
(61 74 68 16666667/50000000 1)
(61 47 52 1 1)
(61 59 59 1 1)
(15333333/250000 71 66 16666667/50000000 1)
(15416667/250000 67 64 16666667/50000000 1)
(62 65 63 16666667/50000000 1)
(15583333/250000 70 66 16666667/50000000 1)
(15666667/250000 74 68 16666667/50000000 1)
(63 73 67 16666667/50000000 1)
(63 46 52 1 1)
(63 58 59 1 1)
(15833333/250000 67 64 16666667/50000000 1)
(15916667/250000 64 62 16666667/50000000 1)
(64 57 58 1 1)
(64 45 51 1 1)
(64 65 63 16666667/50000000 1)
(2573/40 69 65 16666667/50000000 1)
(8083333/125000 72 67 16666667/50000000 1)
(65 77 70 16666667/50000000 1)
(2613/40 72 67 16666667/50000000 1)
(8208333/125000 69 65 16666667/50000000 1)
(66 67 64 16666667/50000000 1)
(66 58 59 1 1)
(66 46 52 1 1)
(2653/40 70 66 16666667/50000000 1)
(8333333/125000 69 65 16666667/50000000 1)
(67 70 66 16666667/50000000 1)
(2693/40 74 68 16666667/50000000 1)
(8458333/125000 73 67 16666667/50000000 1)
(68 74 68 16666667/50000000 1)
(8541667/125000 79 71 16666667/50000000 1)
(8583333/125000 78 70 16666667/50000000 1)
(69 79 71 16666667/50000000 1)
(8666667/125000 82 73 16666667/50000000 1)
(8708333/125000 81 72 16666667/50000000 1)
(70 82 73 16666667/50000000 1)
(8791667/125000 86 75 16666667/50000000 1)
(8833333/125000 85 74 16666667/50000000 1)
(71 86 75 16666667/50000000 1)
(8916667/125000 82 73 16666667/50000000 1)
(8958333/125000 81 72 16666667/50000000 1)
(72 82 73 16666667/50000000 1)
(9041667/125000 79 71 16666667/50000000 1)
(9083333/125000 78 70 16666667/50000000 1)
(73 79 71 16666667/50000000 1)
(9166667/125000 74 68 16666667/50000000 1)
(9208333/125000 73 67 16666667/50000000 1)
(74 46 52 1 1)
(74 58 59 1 1)
(74 74 68 16666667/50000000 1)
(9291667/125000 70 66 16666667/50000000 1)
(9333333/125000 67 64 16666667/50000000 1)
(75 57 58 1 1)
(75 65 63 1 1)
(75 48 53 2 1)
(76 64 62 1 1)
(76 55 57 1 1)
(78 36 46 1 1)
(78 48 53 1 1)
(79 40 48 1 1)
(79 52 55 1 1)
(80 43 50 1 1)
(80 55 57 1 1)
(81 79 71 1/4 1)
(325/4 81 72 1/4 1)
(163/2 79 71 1/4 1)
(327/4 76 69 1/4 1)
(82 79 71 1/4 1)
(329/4 81 72 1/4 1)
(165/2 79 71 1/4 1)
(331/4 76 69 1/4 1)
(83 77 70 1/4 1)
(333/4 79 71 1/4 1)
(167/2 77 70 1/4 1)
(335/4 74 68 1/4 1)
(84 67 64 1/4 1)
(84 76 69 1/4 1)
(337/4 77 70 1/4 1)
(337/4 69 65 1/4 1)
(169/2 76 69 1/4 1)
(169/2 67 64 1/4 1)
(339/4 72 67 1/4 1)
(339/4 64 62 1/4 1)
(85 67 64 1/4 1)
(85 76 69 1/4 1)
(341/4 77 70 1/4 1)
(341/4 69 65 1/4 1)
(171/2 76 69 1/4 1)
(171/2 67 64 1/4 1)
(343/4 72 67 1/4 1)
(343/4 64 62 1/4 1)
(86 74 68 1/4 1)
(86 65 63 1/4 1)
(345/4 76 69 1/4 1)
(345/4 67 64 1/4 1)
(173/2 65 63 1/4 1)
(173/2 74 68 1/4 1)
(347/4 62 61 1/4 1)
(347/4 71 66 1/4 1)
(87 64 62 1/2 1)
(87 72 67 3/2 1)
(175/2 55 57 1/2 1)
(88 60 60 1/2 1)
(177/2 74 68 1/4 1)
(177/2 55 57 1/2 1)
(355/4 76 69 1/4 1)
(89 74 68 1 1)
(89 59 59 1 1)
(90 31 43 1 1)
(90 43 50 1 1)
(91 47 52 1 1)
(91 35 45 1 1)
(92 38 47 1 1)
(92 50 54 1 1)
(93 77 70 1/4 1)
(373/4 79 71 1/4 1)
(187/2 77 70 1/4 1)
(375/4 74 68 1/4 1)
(94 77 70 1/4 1)
(377/4 79 71 1/4 1)
(189/2 77 70 1/4 1)
(379/4 74 68 1/4 1)
(95 76 69 1/4 1)
(381/4 77 70 1/4 1)
(191/2 76 69 1/4 1)
(383/4 72 67 1/4 1)
(96 74 68 1/4 1)
(96 65 63 1/4 1)
(385/4 67 64 1/4 1)
(385/4 76 69 1/4 1)
(193/2 74 68 1/4 1)
(193/2 65 63 1/4 1)
(387/4 71 66 1/4 1)
(387/4 62 61 1/4 1)
(97 74 68 1/4 1)
(97 65 63 1/4 1)
(389/4 67 64 1/4 1)
(389/4 76 69 1/4 1)
(195/2 65 63 1/4 1)
(195/2 74 68 1/4 1)
(391/4 62 61 1/4 1)
(391/4 71 66 1/4 1)
(98 72 67 1/4 1)
(98 64 62 1/4 1)
(393/4 71 66 1/4 1)
(393/4 65 63 1/4 1)
(197/2 64 62 1/4 1)
(197/2 72 67 1/4 1)
(395/4 76 69 1/4 1)
(395/4 60 60 1/4 1)
(99 74 68 3/2 1)
(99 65 63 1/2 1)
(199/2 62 61 1/2 1)
(100 59 59 1/2 1)
(201/2 76 69 1/4 1)
(201/2 55 57 1/2 1)
(403/4 77 70 1/4 1)
(101 60 60 1 1)
(101 76 69 1 1)
(102 40 48 1 1)
(102 52 55 1 1)
(12791667/125000 79 71 16666667/100000000 1)
(12833333/125000 77 70 16666667/100000000 1)
(103 76 69 16666667/100000000 1)
(12916667/125000 79 71 16666667/100000000 1)
(12958333/125000 74 68 16666667/50000000 1)
(104 72 67 16666667/50000000 1)
(13041667/125000 79 71 16666667/100000000 1)
(13083333/125000 70 66 16666667/100000000 1)
(105 53 56 1 1)
(105 41 49 1 1)
(13166667/125000 70 66 16666667/50000000 1)
(13208333/125000 68 65 16666667/50000000 1)
(106 69 65 16666667/50000000 1)
(13291667/125000 74 68 16666667/50000000 1)
(13333333/125000 73 67 16666667/50000000 1)
(107 76 69 16666667/50000000 1)
(13416667/125000 74 68 16666667/50000000 1)
(13458333/125000 77 70 16666667/50000000 1)
(108 54 56 1 1)
(108 42 49 1 1)
(13541667/125000 81 72 16666667/50000000 1)
(13583333/125000 79 71 16666667/100000000 1)
(109 78 70 16666667/100000000 1)
(13666667/125000 81 72 16666667/100000000 1)
(13708333/125000 76 69 16666667/100000000 1)
(110 74 68 16666667/100000000 1)
(13791667/125000 81 72 16666667/100000000 1)
(13833333/125000 72 67 16666667/50000000 1)
(111 55 57 1 1)
(111 43 50 1 1)
(13916667/125000 72 67 16666667/50000000 1)
(13958333/125000 70 66 16666667/50000000 1)
(112 71 66 16666667/50000000 1)
(14041667/125000 76 69 16666667/50000000 1)
(14083333/125000 75 69 16666667/50000000 1)
(113 78 70 16666667/50000000 1)
(14166667/125000 76 69 16666667/50000000 1)
(14208333/125000 79 71 16666667/50000000 1)
(114 44 51 1 1)
(114 56 58 1 1)
(14291667/125000 83 73 16666667/100000000 1)
(14333333/125000 81 72 16666667/100000000 1)
(115 80 72 16666667/100000000 1)
(14416667/125000 83 73 16666667/100000000 1)
(14458333/125000 77 70 16666667/100000000 1)
(116 76 69 16666667/100000000 1)
(14541667/125000 83 73 16666667/100000000 1)
(14583333/125000 74 68 16666667/100000000 1)
(117 45 51 1 1)
(117 57 58 1 1)
(14666667/125000 71 66 16666667/50000000 1)
(14708333/125000 72 67 16666667/50000000 1)
(118 77 70 1/2 1)
(14791667/125000 68 65 16666667/50000000 1)
(14833333/125000 69 65 16666667/50000000 1)
(119 76 69 1/2 1)
(14916667/125000 66 63 16666667/50000000 1)
(14958333/125000 67 64 16666667/50000000 1)
(120 65 63 1 1)
(15041667/125000 73 67 16666667/50000000 1)
(15083333/125000 74 68 16666667/50000000 1)
(121 81 72 1/2 1)
(15166667/125000 64 62 16666667/50000000 1)
(15208333/125000 65 63 16666667/50000000 1)
(122 79 71 1/2 1)
(15291667/125000 63 62 16666667/50000000 1)
(15333333/125000 64 62 16666667/50000000 1)
(123 62 61 1 1)
(123 53 56 1 1)
(123 79 71 1/4 1)
(493/4 77 70 1/4 1)
(247/2 76 69 1/4 1)
(495/4 74 68 1/4 1)
(124 72 67 1 1)
(124 64 62 1 1)
(124 55 57 2 1)
(125 71 66 3/4 1)
(125 65 63 1 1)
(503/4 69 65 1/8 1)
(1007/8 71 66 1/8 1)
(126 48 53 1/4 1)
(126 72 67 1 1)
(505/4 52 55 1/4 1)
(253/2 55 57 1/4 1)
(507/4 60 60 1/4 1)
(127 64 62 1/2 1)
(509/4 71 66 1/4 1)
(255/2 72 67 1/4 1)
(511/4 74 68 1/4 1)
(128 77 70 1/4 1)
(513/4 76 69 1/4 1)
(257/2 74 68 1/4 1)
(515/4 72 67 1/4 1)
(129 71 66 1 1)
(129 50 54 1/4 1)
(517/4 53 56 1/4 1)
(259/2 59 59 1/4 1)
(519/4 62 61 1/4 1)
(130 65 63 1/2 1)
(521/4 73 67 1/4 1)
(261/2 74 68 1/4 1)
(523/4 76 69 1/4 1)
(131 79 71 1/4 1)
(525/4 77 70 1/4 1)
(263/2 76 69 1/4 1)
(527/4 74 68 1/4 1)
(132 72 67 1 1)
(132 52 55 1/4 1)
(529/4 55 57 1/4 1)
(265/2 60 60 1/4 1)
(531/4 64 62 1/4 1)
(133 67 64 1/2 1)
(533/4 75 69 1/4 1)
(267/2 76 69 1/4 1)
(535/4 77 70 1/4 1)
(134 81 72 1/4 1)
(537/4 79 71 1/4 1)
(269/2 77 70 1/4 1)
(539/4 76 69 1/4 1)
(135 65 63 1 1)
(135 69 65 1 1)
(135 73 67 1/4 1)
(541/4 74 68 1/4 1)
(271/2 77 70 1/4 1)
(543/4 76 69 1/4 1)
(136 65 63 1 1)
(136 73 67 1/4 1)
(136 69 65 1 1)
(545/4 74 68 1/4 1)
(273/2 77 70 1/4 1)
(547/4 76 69 1/4 1)
(137 79 71 1/4 1)
(137 69 65 1 1)
(137 65 63 1 1)
(549/4 77 70 1/4 1)
(275/2 76 69 1/4 1)
(551/4 74 68 1/4 1)
(138 81 72 1/4 1)
(138 72 67 1 1)
(138 69 65 1 1)
(138 65 63 1 1)
(553/4 77 70 1/4 1)
(277/2 76 69 1/4 1)
(555/4 74 68 1/4 1)
(139 76 69 1/10 1)
(139 67 64 2 1)
(139 74 68 2 1)
(139 72 67 1/10 1)
(139 72 67 1 1)
(139 74 68 1/10 1)
(140 71 66 1 1)
(141 36 46 1/4 1)
(141 72 67 1/10 1)
(141 67 64 1 1)
(141 72 67 1 1)
(141 64 62 1 1)
(141 74 68 1/10 1)
(565/4 40 48 1/4 1)
(283/2 43 50 1/4 1)
(567/4 48 53 1/4 1)
(142 52 55 1/2 1)
(285/2 59 59 16666667/100000000 1)
(14266667/100000 60 60 16666667/100000000 1)
(14283333/100000 62 61 16666667/100000000 1)
(143 65 63 1/4 1)
(573/4 64 62 1/4 1)
(287/2 62 61 1/4 1)
(575/4 60 60 1/4 1)
(144 38 47 1/4 1)
(144 59 59 1 1)
(577/4 41 49 1/4 1)
(289/2 47 52 1/4 1)
(579/4 50 54 1/4 1)
(145 53 56 1/2 1)
(581/4 61 60 1/4 1)
(291/2 62 61 1/4 1)
(583/4 64 62 1/4 1)
(146 67 64 1/4 1)
(585/4 65 63 1/4 1)
(293/2 64 62 1/4 1)
(587/4 62 61 1/4 1)
(147 40 48 1/4 1)
(147 60 60 1 1)
(589/4 43 50 1/4 1)
(295/2 48 53 1/4 1)
(591/4 52 55 1/4 1)
(148 55 57 1/2 1)
(593/4 63 62 1/4 1)
(297/2 64 62 1/4 1)
(595/4 65 63 1/4 1)
(149 69 65 1/4 1)
(597/4 67 64 1/4 1)
(299/2 65 63 1/4 1)
(599/4 64 62 1/4 1)
(150 41 49 1/4 1)
(150 62 61 1 1)
(601/4 45 51 1/4 1)
(301/2 50 54 1/4 1)
(603/4 53 56 1/4 1)
(151 57 58 1/2 1)
(605/4 62 61 1/4 1)
(303/2 65 63 1/4 1)
(607/4 69 65 1/4 1)
(152 74 68 1/2 1)
(609/4 53 56 1/4 1)
(305/2 57 58 1/4 1)
(611/4 62 61 1/4 1)
(153 65 63 1/2 1)
(613/4 69 65 1/4 1)
(307/2 74 68 1/4 1)
(615/4 77 70 1/4 1)
(154 81 72 1/2 1)
(617/4 65 63 1/4 1)
(309/2 69 65 1/4 1)
(619/4 74 68 1/4 1)
(155 77 70 1/2 1)
(621/4 83 73 1/4 1)
(311/2 84 74 1/4 1)
(623/4 80 72 1/4 1)
(156 81 72 1/4 1)
(625/4 76 69 1/4 1)
(313/2 77 70 1/4 1)
(627/4 74 68 1/4 1)
(157 74 68 1/10 1)
(157 74 68 2 1)
(157 76 69 1/10 1)
(157 72 67 1/10 1)
(157 60 60 1 1)
(157 55 57 2 1)
(158 59 59 1 1)
(159 72 67 1/10 1)
(159 74 68 1/10 1)
(159 72 67 1/4 1)
(159 60 60 1/4 1)
(637/4 67 64 1/4 1)
(319/2 64 62 1/4 1)
(319/2 76 69 1/4 1)
(639/4 67 64 1/4 1)
(160 79 71 1 1)
(160 60 60 1/4 1)
(641/4 67 64 1/4 1)
(321/2 64 62 1/4 1)
(643/4 67 64 1/4 1)
(161 55 57 1/4 1)
(161 83 73 3/4 1)
(645/4 65 63 1/4 1)
(323/2 62 61 1/4 1)
(647/4 65 63 1/4 1)
(647/4 81 72 1/8 1)
(1295/8 83 73 1/8 1)
(162 84 74 1/4 1)
(162 60 60 1/4 1)
(649/4 67 64 1/4 1)
(325/2 76 69 1/4 1)
(325/2 64 62 1/4 1)
(651/4 67 64 1/4 1)
(163 60 60 1/4 1)
(163 79 71 1 1)
(653/4 67 64 1/4 1)
(327/2 64 62 1/4 1)
(655/4 67 64 1/4 1)
(164 83 73 3/4 1)
(164 55 57 1/4 1)
(657/4 65 63 1/4 1)
(329/2 62 61 1/4 1)
(659/4 81 72 1/8 1)
(659/4 65 63 1/4 1)
(1319/8 83 73 1/8 1)
(165 64 62 1 1)
(165 60 60 1 1)
(165 84 74 1 1)
(166 67 64 1 1)
(166 64 62 1 1)
(166 48 53 1 1)
(166 55 57 1 1)
(166 72 67 1 1)
(166 52 55 1 1)
(168 79 71 1 1)
(168 76 69 1 1)
(16833333/100000 48 53 16666667/50000000 1)
(16866667/100000 47 52 16666667/50000000 1)
(169 48 53 16666667/50000000 1)
(16933333/100000 52 55 16666667/50000000 1)
(16966667/100000 51 55 16666667/50000000 1)
(170 52 55 16666667/50000000 1)
(17033333/100000 55 57 16666667/50000000 1)
(17066667/100000 54 56 16666667/50000000 1)
(171 55 57 1 1)
(172 76 69 3/4 1)
(172 79 71 3/4 1)
(691/4 76 69 1/4 1)
(691/4 73 67 1/4 1)
(173 79 71 3/4 1)
(173 76 69 3/4 1)
(695/4 76 69 1/4 1)
(695/4 73 67 1/4 1)
(174 77 70 1 1)
(174 74 68 1 1)
(17433333/100000 55 57 16666667/50000000 1)
(17466667/100000 54 56 16666667/50000000 1)
(175 55 57 16666667/50000000 1)
(17533333/100000 59 59 16666667/50000000 1)
(17566667/100000 58 59 16666667/50000000 1)
(176 59 59 16666667/50000000 1)
(17633333/100000 62 61 16666667/50000000 1)
(17666667/100000 61 60 16666667/50000000 1)
(177 62 61 1 1)
(178 74 68 3/4 1)
(178 65 63 3/4 1)
(715/4 62 61 1/4 1)
(715/4 71 66 1/4 1)
(179 74 68 3/4 1)
(179 65 63 3/4 1)
(719/4 62 61 1/4 1)
(719/4 71 66 1/4 1)
(180 67 64 1/10 1)
(180 64 62 1/10 1)
(180 72 67 4 1)
(181 60 60 3/4 1)
(727/4 55 57 1/4 1)
(182 57 58 3/4 1)
(731/4 52 55 1/4 1)
(183 53 56 3 1)
(184 74 68 3/4 1)
(739/4 69 65 1/4 1)
(185 71 66 3/4 1)
(743/4 67 64 1/4 1)
(186 52 55 1 1)
(186 79 71 19/4 1)
(187 64 62 1 1)
(187 72 67 3/4 1)
(187 67 64 1 1)
(751/4 74 68 1/4 1)
(188 71 66 3/4 1)
(188 65 63 1 1)
(188 62 61 1 1)
(755/4 72 67 1/4 1)
(189 70 66 1 1)
(189 61 60 2 1)
(189 64 62 2 1)
(190 69 65 1 1)
(763/4 76 69 1/4 1)
(191 79 71 3/4 1)
(767/4 76 69 1/4 1)
(192 79 71 5 1)
(193 67 64 1 1)
(193 64 62 1 1)
(193 72 67 3/4 1)
(775/4 74 68 1/4 1)
(194 65 63 1 1)
(194 62 61 1 1)
(194 71 66 3/4 1)
(779/4 72 67 1/4 1)
(195 64 62 2 1)
(195 61 60 2 1)
(195 70 66 1 1)
(196 69 65 1 1)
(198 50 54 1 1)
(198 38 47 1 1)
(199 53 56 1 1)
(199 41 49 1 1)
(200 45 51 1 1)
(200 57 58 1 1)
(201 81 72 1/4 1)
(805/4 82 73 1/4 1)
(403/2 81 72 1/4 1)
(807/4 77 70 1/4 1)
(202 79 71 1/4 1)
(809/4 81 72 1/4 1)
(405/2 79 71 1/4 1)
(811/4 76 69 1/4 1)
(203 77 70 1/4 1)
(813/4 79 71 1/4 1)
(407/2 77 70 1/4 1)
(815/4 74 68 1/4 1)
(204 82 73 1 1)
(204 74 68 1 1)
(204 70 66 1 1)
(204 43 50 1 1)
(204 79 71 1 1)
(204 31 43 1 1)
(205 46 52 1 1)
(205 34 45 1 1)
(206 50 54 1 1)
(206 38 47 1 1)
(207 74 68 1/4 1)
(829/4 75 69 1/4 1)
(415/2 74 68 1/4 1)
(831/4 70 66 1/4 1)
(208 72 67 1/4 1)
(833/4 74 68 1/4 1)
(417/2 72 67 1/4 1)
(835/4 69 65 1/4 1)
(209 70 66 1/4 1)
(837/4 72 67 1/4 1)
(419/2 70 66 1/4 1)
(839/4 67 64 1/4 1)
(210 76 69 1 1)
(210 67 64 1 1)
(210 64 62 1 1)
(210 48 53 1 1)
(210 36 46 1 1)
(210 72 67 1 1)
(211 40 48 1 1)
(211 52 55 1 1)
(212 55 57 1 1)
(212 43 50 1 1)
(213 79 71 1/4 1)
(853/4 81 72 1/4 1)
(427/2 79 71 1/4 1)
(855/4 76 69 1/4 1)
(214 77 70 1/4 1)
(857/4 79 71 1/4 1)
(429/2 77 70 1/4 1)
(859/4 74 68 1/4 1)
(215 76 69 1/4 1)
(861/4 77 70 1/4 1)
(431/2 76 69 1/4 1)
(863/4 72 67 1/4 1)
(216 81 72 1 1)
(216 29 42 1 1)
(216 41 49 1 1)
(216 72 67 1 1)
(216 77 70 1 1)
(216 69 65 1 1)
(217 45 51 1 1)
(217 33 44 1 1)
(218 48 53 1 1)
(218 36 46 1 1)
(219 72 67 1/4 1)
(877/4 74 68 1/4 1)
(439/2 72 67 1/4 1)
(879/4 69 65 1/4 1)
(220 70 66 1/4 1)
(881/4 72 67 1/4 1)
(441/2 70 66 1/4 1)
(883/4 67 64 1/4 1)
(221 69 65 1/4 1)
(885/4 70 66 1/4 1)
(443/2 69 65 1/4 1)
(887/4 65 63 1/4 1)
(222 46 52 1 1)
(222 58 59 1 1)
(222 86 75 1 1)
(222 74 68 1 1)
(222 77 70 1 1)
(222 80 72 1 1)
(223 61 60 1 1)
(223 64 62 1 1)
(224 65 63 1 1)
(224 62 61 1 1)
(225 45 51 1 1)
(225 86 75 1 1)
(225 77 70 1 1)
(225 74 68 1 1)
(225 57 58 1 1)
(225 81 72 1 1)
(226 61 60 1 1)
(226 64 62 1 1)
(227 65 63 1 1)
(227 62 61 1 1)
(228 83 73 1 1)
(228 74 68 1 1)
(228 86 75 1 1)
(228 77 70 1 1)
(228 56 58 1 1)
(228 44 51 1 1)
(229 64 62 1 1)
(229 61 60 1 1)
(230 65 63 1 1)
(230 62 61 1 1)
(231 61 60 16666667/50000000 1)
(231 45 51 6 1)
(231 57 58 3 1)
(23133333/100000 69 65 16666667/50000000 1)
(23166667/100000 64 62 16666667/50000000 1)
(232 62 61 16666667/50000000 1)
(23233333/100000 70 66 16666667/50000000 1)
(23266667/100000 65 63 16666667/50000000 1)
(233 62 61 16666667/50000000 1)
(23333333/100000 68 65 16666667/50000000 1)
(23366667/100000 65 63 16666667/50000000 1)
(234 61 60 16666667/50000000 1)
(23433333/100000 69 65 16666667/50000000 1)
(23466667/100000 64 62 16666667/50000000 1)
(235 62 61 16666667/50000000 1)
(23533333/100000 70 66 16666667/50000000 1)
(23566667/100000 65 63 16666667/50000000 1)
(236 62 61 16666667/50000000 1)
(23633333/100000 68 65 16666667/50000000 1)
(23666667/100000 65 63 16666667/50000000 1)
(237 61 60 1 1)
(237 57 58 1 1)
(237 64 62 1 1)
(238 70 66 1/2 1)
(477/2 69 65 1/2 1)
(239 69 65 1/2 1)
(240 65 63 1 1)
(240 56 58 1 1)
(240 62 61 1 1)
(241 72 67 1/2 1)
(483/2 71 66 1/2 1)
(242 71 66 1/2 1)
(243 60 60 1 1)
(243 64 62 1 1)
(243 55 57 1 1)
(244 72 67 1/2 1)
(489/2 70 66 1/2 1)
(245 70 66 1/2 1)
(246 41 49 1 1)
(246 69 65 1 1)
(246 53 56 1 1)
(246 72 67 1 1)
(246 60 60 1 1)
(246 65 63 1 1)
(247 48 53 1 1)
(247 69 65 1 1)
(247 72 67 1 1)
(248 69 65 1 1)
(248 72 67 1 1)
(248 45 51 1 1)
(249 69 65 3/2 1)
(249 41 49 1 1)
(249 72 67 3/2 1)
(250 29 42 1 1)
(501/2 74 68 1/4 1)
(1003/4 72 67 1/4 1)
(251 70 66 1/4 1)
(1005/4 69 65 1/4 1)
(503/2 67 64 1/4 1)
(1007/4 65 63 1/4 1)
(252 53 56 1/2 1)
(252 57 58 1/2 1)
(252 77 70 1 1)
(505/2 53 56 1/2 1)
(505/2 57 58 1/2 1)
(253 53 56 1/2 1)
(253 58 59 1/2 1)
(253 55 57 1/2 1)
(253 76 69 1 1)
(507/2 55 57 1/2 1)
(507/2 58 59 1/2 1)
(507/2 53 56 1/2 1)
(254 57 58 1/2 1)
(254 60 60 1/2 1)
(254 53 56 1/2 1)
(254 75 69 1 1)
(509/2 53 56 1/2 1)
(509/2 57 58 1/2 1)
(509/2 60 60 1/2 1)
(255 53 56 1/2 1)
(255 62 61 1/2 1)
(255 74 68 1 1)
(255 58 59 1/2 1)
(511/2 53 56 1/2 1)
(511/2 58 59 1/2 1)
(511/2 62 61 1/2 1)
(256 53 56 1/2 1)
(256 62 61 1/2 1)
(256 58 59 1/2 1)
(513/2 53 56 1/2 1)
(513/2 58 59 1/2 1)
(513/2 62 61 1/2 1)
(257 58 59 1/2 1)
(257 62 61 1/2 1)
(257 53 56 1/2 1)
(515/2 53 56 1/2 1)
(515/2 58 59 1/2 1)
(515/2 62 61 1/2 1)
(258 64 62 1/2 1)
(258 55 57 1/2 1)
(258 72 67 1/2 1)
(258 53 56 1/2 1)
(517/2 64 62 1/2 1)
(517/2 70 66 1/2 1)
(517/2 53 56 1/2 1)
(517/2 55 57 1/2 1)
(259 64 62 1/2 1)
(259 55 57 1/2 1)
(259 70 66 1/2 1)
(259 53 56 1/2 1)
(519/2 64 62 1/2 1)
(519/2 55 57 1/2 1)
(519/2 53 56 1/2 1)
(260 53 56 1/2 1)
(260 55 57 1/2 1)
(260 64 62 1/2 1)
(521/2 64 62 1/2 1)
(521/2 55 57 1/2 1)
(521/2 53 56 1/2 1)
(261 53 56 1/2 1)
(261 57 58 1/2 1)
(261 65 63 1/2 1)
(261 74 68 1/2 1)
(523/2 65 63 1/2 1)
(523/2 53 56 1/2 1)
(523/2 57 58 1/2 1)
(523/2 72 67 1/2 1)
(262 57 58 1/2 1)
(262 53 56 1/2 1)
(262 65 63 1/2 1)
(262 72 67 1/2 1)
(525/2 53 56 1/2 1)
(525/2 57 58 1/2 1)
(525/2 65 63 1/2 1)
(263 57 58 1/2 1)
(263 65 63 1/2 1)
(263 53 56 1/2 1)
(527/2 65 63 1/2 1)
(527/2 57 58 1/2 1)
(527/2 53 56 1/2 1)
(264 52 55 1 1)
(264 82 73 1/4 1)
(264 55 57 1 1)
(264 60 60 1 1)
(1057/4 81 72 1/4 1)
(529/2 79 71 1/4 1)
(1059/4 81 72 1/4 1)
(265 79 71 1/4 1)
(1061/4 77 70 1/4 1)
(531/2 76 69 1/4 1)
(1063/4 77 70 1/4 1)
(266 76 69 1/4 1)
(1065/4 74 68 1/4 1)
(533/2 72 67 1/4 1)
(1067/4 70 66 1/4 1)
(267 53 56 1/4 1)
(267 69 65 1/2 1)
(1069/4 60 60 1/4 1)
(535/2 57 58 1/4 1)
(535/2 77 70 1 1)
(1071/4 60 60 1/4 1)
(268 55 57 1/4 1)
(1073/4 60 60 1/4 1)
(537/2 76 69 1 1)
(537/2 58 59 1/4 1)
(1075/4 60 60 1/4 1)
(269 57 58 1/4 1)
(1077/4 60 60 1/4 1)
(539/2 57 58 1/4 1)
(539/2 77 70 1/2 1)
(1079/4 60 60 1/4 1)
(270 58 59 1/2 1)
(541/2 74 68 1/2 1)
(541/2 65 63 1/2 1)
(271 46 52 1/2 1)
(543/2 67 64 1/2 1)
(543/2 58 59 1/2 1)
(272 48 53 1/2 1)
(545/2 55 57 1/2 1)
(545/2 64 62 1/2 1)
(273 60 60 1 1)
(273 52 55 1 1)
(273 55 57 1 1)
(273 82 73 1/4 1)
(1093/4 81 72 1/4 1)
(547/2 79 71 1/4 1)
(1095/4 81 72 1/4 1)
(274 79 71 1/4 1)
(1097/4 77 70 1/4 1)
(549/2 76 69 1/4 1)
(1099/4 77 70 1/4 1)
(275 76 69 1/4 1)
(1101/4 74 68 1/4 1)
(551/2 72 67 1/4 1)
(1103/4 70 66 1/4 1)
(276 69 65 1/2 1)
(276 53 56 1/4 1)
(1105/4 60 60 1/4 1)
(553/2 57 58 1/4 1)
(553/2 81 72 1 1)
(1107/4 60 60 1/4 1)
(277 55 57 1/4 1)
(1109/4 64 62 1/4 1)
(555/2 58 59 1/4 1)
(555/2 79 71 1 1)
(1111/4 64 62 1/4 1)
(278 57 58 1/4 1)
(1113/4 65 63 1/4 1)
(557/2 60 60 1/4 1)
(557/2 77 70 1/2 1)
(1115/4 65 63 1/4 1)
(279 58 59 1/2 1)
(559/2 74 68 1/2 1)
(559/2 65 63 1/2 1)
(280 46 52 1/2 1)
(561/2 67 64 1/2 1)
(561/2 58 59 1/2 1)
(281 48 53 1/2 1)
(563/2 55 57 1/2 1)
(563/2 64 62 1/2 1)
(282 53 56 1 1)
(282 57 58 16666667/50000000 1)
(282 41 49 1 1)
(14116667/50000 65 63 16666667/50000000 1)
(14133333/50000 60 60 16666667/50000000 1)
(283 69 65 16666667/50000000 1)
(14166667/50000 65 63 16666667/50000000 1)
(14183333/50000 60 60 16666667/50000000 1)
(284 58 59 16666667/50000000 1)
(284 36 46 1 1)
(284 48 53 1 1)
(14216667/50000 67 64 16666667/50000000 1)
(14233333/50000 64 62 16666667/50000000 1)
(285 65 63 16666667/50000000 1)
(285 29 42 1 1)
(285 41 49 1 1)
(14266667/50000 57 58 16666667/50000000 1)
(14283333/50000 60 60 16666667/50000000 1)
(286 67 64 16666667/50000000 1)
(14316667/50000 60 60 16666667/50000000 1)
(14333333/50000 64 62 16666667/50000000 1)
(287 69 65 16666667/50000000 1)
(14366667/50000 60 60 16666667/50000000 1)
(14383333/50000 65 63 16666667/50000000 1)
(288 36 46 1 1)
(288 48 53 1 1)
(288 60 60 16666667/50000000 1)
(14416667/50000 67 64 16666667/50000000 1)
(14433333/50000 64 62 16666667/50000000 1)
(289 70 66 16666667/50000000 1)
(14466667/50000 67 64 16666667/50000000 1)
(14483333/50000 64 62 16666667/50000000 1)
(290 53 56 1 1)
(290 41 49 1 1)
(290 60 60 16666667/50000000 1)
(14516667/50000 69 65 16666667/50000000 1)
(14533333/50000 65 63 16666667/50000000 1)
(291 60 60 1 1)
(291 48 53 1 1)
(291 67 64 16666667/50000000 1)
(14566667/50000 60 60 16666667/50000000 1)
(14583333/50000 64 62 16666667/50000000 1)
(292 69 65 16666667/50000000 1)
(14616667/50000 60 60 16666667/50000000 1)
(14633333/50000 65 63 16666667/50000000 1)
(293 70 66 16666667/50000000 1)
(14666667/50000 60 60 16666667/50000000 1)
(14683333/50000 67 64 16666667/50000000 1)
(294 41 49 1 1)
(294 69 65 16666667/50000000 1)
(294 53 56 1 1)
(14716667/50000 72 67 16666667/50000000 1)
(14733333/50000 77 70 16666667/50000000 1)
(295 81 72 16666667/50000000 1)
(14766667/50000 77 70 16666667/50000000 1)
(14783333/50000 74 68 16666667/50000000 1)
(296 72 67 16666667/50000000 1)
(14816667/50000 77 70 16666667/50000000 1)
(14833333/50000 81 72 16666667/50000000 1)
(297 65 63 1 1)
(297 80 72 16666667/50000000 1)
(297 53 56 1 1)
(14866667/50000 74 68 16666667/50000000 1)
(14883333/50000 71 66 16666667/50000000 1)
(298 72 67 16666667/50000000 1)
(298 64 62 1 1)
(298 52 55 1 1)
(14916667/50000 76 69 16666667/50000000 1)
(14933333/50000 79 71 16666667/50000000 1)
(299 76 69 16666667/50000000 1)
(14966667/50000 72 67 16666667/50000000 1)
(14983333/50000 67 64 16666667/50000000 1)
(300 85 74 1 1)
(300 70 66 16666667/50000000 1)
(15016667/50000 69 65 16666667/50000000 1)
(15033333/50000 67 64 16666667/50000000 1)
(301 66 63 16666667/50000000 1)
(301 86 75 1 1)
(15066667/50000 69 65 16666667/50000000 1)
(15083333/50000 74 68 16666667/50000000 1)
(302 69 65 16666667/50000000 1)
(15116667/50000 74 68 16666667/50000000 1)
(15133333/50000 78 70 16666667/50000000 1)
(303 77 70 16666667/50000000 1)
(303 62 61 1 1)
(303 50 54 1 1)
(15166667/50000 71 66 16666667/50000000 1)
(15183333/50000 68 65 16666667/50000000 1)
(304 69 65 16666667/50000000 1)
(304 48 53 1 1)
(304 60 60 1 1)
(15216667/50000 72 67 16666667/50000000 1)
(15233333/50000 76 69 16666667/50000000 1)
(305 72 67 16666667/50000000 1)
(15266667/50000 69 65 16666667/50000000 1)
(15283333/50000 64 62 16666667/50000000 1)
(306 66 63 16666667/50000000 1)
(306 81 72 1 1)
(15316667/50000 65 63 16666667/50000000 1)
(15333333/50000 63 62 16666667/50000000 1)
(307 62 61 16666667/50000000 1)
(307 82 73 1 1)
(15366667/50000 65 63 16666667/50000000 1)
(15383333/50000 70 66 16666667/50000000 1)
(308 65 63 16666667/50000000 1)
(15416667/50000 70 66 16666667/50000000 1)
(15433333/50000 74 68 16666667/50000000 1)
(309 58 59 1 1)
(309 46 52 1 1)
(309 73 67 16666667/50000000 1)
(15466667/50000 67 64 16666667/50000000 1)
(15483333/50000 64 62 16666667/50000000 1)
(310 57 58 1 1)
(310 45 51 1 1)
(310 65 63 16666667/50000000 1)
(15516667/50000 69 65 16666667/50000000 1)
(15533333/50000 72 67 16666667/50000000 1)
(311 77 70 16666667/50000000 1)
(15566667/50000 72 67 16666667/50000000 1)
(15583333/50000 69 65 16666667/50000000 1)
(312 58 59 1 1)
(312 46 52 1 1)
(312 67 64 16666667/50000000 1)
(15616667/50000 70 66 16666667/50000000 1)
(15633333/50000 69 65 16666667/50000000 1)
(313 70 66 16666667/50000000 1)
(15666667/50000 74 68 16666667/50000000 1)
(15683333/50000 73 67 16666667/50000000 1)
(314 74 68 16666667/50000000 1)
(15716667/50000 79 71 16666667/50000000 1)
(15733333/50000 78 70 16666667/50000000 1)
(315 79 71 16666667/50000000 1)
(15766667/50000 82 73 16666667/50000000 1)
(15783333/50000 81 72 16666667/50000000 1)
(316 82 73 16666667/50000000 1)
(15816667/50000 86 75 16666667/50000000 1)
(15833333/50000 85 74 16666667/50000000 1)
(317 86 75 16666667/50000000 1)
(15866667/50000 82 73 16666667/50000000 1)
(15883333/50000 81 72 16666667/50000000 1)
(318 82 73 16666667/50000000 1)
(15916667/50000 79 71 16666667/50000000 1)
(15933333/50000 78 70 16666667/50000000 1)
(319 79 71 16666667/50000000 1)
(15966667/50000 74 68 16666667/50000000 1)
(15983333/50000 73 67 16666667/50000000 1)
(320 46 52 1 1)
(320 74 68 16666667/50000000 1)
(320 58 59 1 1)
(16016667/50000 70 66 16666667/50000000 1)
(16033333/50000 67 64 16666667/50000000 1)
(321 65 63 1 1)
(321 57 58 1 1)
(321 48 53 2 1)
(322 55 57 1 1)
(322 64 62 1 1)
(324 41 49 1 1)
(324 29 42 1 1)
(325 45 51 1 1)
(325 33 44 1 1)
(326 48 53 1 1)
(326 36 46 1 1)
(327 84 74 1/4 1)
(1309/4 86 75 1/4 1)
(655/2 84 74 1/4 1)
(1311/4 81 72 1/4 1)
(328 84 74 1/4 1)
(1313/4 86 75 1/4 1)
(657/2 84 74 1/4 1)
(1315/4 81 72 1/4 1)
(329 82 73 1/4 1)
(1317/4 84 74 1/4 1)
(659/2 82 73 1/4 1)
(1319/4 79 71 1/4 1)
(330 81 72 1/4 1)
(330 72 67 1/4 1)
(1321/4 74 68 1/4 1)
(1321/4 82 73 1/4 1)
(661/2 81 72 1/4 1)
(661/2 72 67 1/4 1)
(1323/4 69 65 1/4 1)
(1323/4 77 70 1/4 1)
(331 81 72 1/4 1)
(331 72 67 1/4 1)
(1325/4 82 73 1/4 1)
(1325/4 74 68 1/4 1)
(663/2 81 72 1/4 1)
(663/2 72 67 1/4 1)
(1327/4 77 70 1/4 1)
(1327/4 69 65 1/4 1)
(332 70 66 1/4 1)
(332 79 71 1/4 1)
(1329/4 72 67 1/4 1)
(1329/4 81 72 1/4 1)
(665/2 70 66 1/4 1)
(665/2 79 71 1/4 1)
(1331/4 76 69 1/4 1)
(1331/4 67 64 1/4 1)
(333 69 65 1/2 1)
(333 77 70 3/2 1)
(667/2 60 60 1/2 1)
(334 65 63 1/2 1)
(669/2 79 71 1/4 1)
(669/2 60 60 1/2 1)
(1339/4 81 72 1/4 1)
(335 64 62 1 1)
(335 79 71 1 1)
(336 36 46 1 1)
(336 48 53 1 1)
(337 52 55 1 1)
(337 40 48 1 1)
(338 43 50 1 1)
(338 55 57 1 1)
(339 82 73 1/4 1)
(1357/4 84 74 1/4 1)
(679/2 82 73 1/4 1)
(1359/4 79 71 1/4 1)
(340 82 73 1/4 1)
(1361/4 84 74 1/4 1)
(681/2 82 73 1/4 1)
(1363/4 79 71 1/4 1)
(341 81 72 1/4 1)
(1365/4 82 73 1/4 1)
(683/2 81 72 1/4 1)
(1367/4 77 70 1/4 1)
(342 79 71 1/4 1)
(342 70 66 1/4 1)
(1369/4 72 67 1/4 1)
(1369/4 81 72 1/4 1)
(685/2 70 66 1/4 1)
(685/2 79 71 1/4 1)
(1371/4 67 64 1/4 1)
(1371/4 76 69 1/4 1)
(343 70 66 1/4 1)
(343 79 71 1/4 1)
(1373/4 72 67 1/4 1)
(1373/4 81 72 1/4 1)
(687/2 70 66 1/4 1)
(687/2 79 71 1/4 1)
(1375/4 76 69 1/4 1)
(1375/4 67 64 1/4 1)
(344 77 70 1/4 1)
(344 69 65 1/4 1)
(1377/4 76 69 1/4 1)
(1377/4 70 66 1/4 1)
(689/2 77 70 1/4 1)
(689/2 69 65 1/4 1)
(1379/4 81 72 1/4 1)
(1379/4 65 63 1/4 1)
(345 70 66 1/2 1)
(345 79 71 3/2 1)
(691/2 67 64 1/2 1)
(346 64 62 1/2 1)
(693/2 81 72 1/4 1)
(693/2 60 60 1/2 1)
(1387/4 82 73 1/4 1)
(347 65 63 1 1)
(347 81 72 1 1)
(348 41 49 1 1)
(348 53 56 1 1)
(1393/4 84 74 1/4 1)
(697/2 82 73 1/4 1)
(1395/4 84 74 1/4 1)
(349 81 72 1/4 1)
(349 57 58 1 1)
(349 45 51 1 1)
(1397/4 82 73 1/4 1)
(699/2 79 71 1/4 1)
(1399/4 81 72 1/4 1)
(350 77 70 1/4 1)
(350 48 53 1 1)
(350 60 60 1 1)
(1401/4 79 71 1/4 1)
(701/2 76 69 1/4 1)
(1403/4 77 70 1/4 1)
(351 62 61 1 1)
(351 74 68 1 1)
(1405/4 50 54 1/4 1)
(703/2 48 53 1/4 1)
(1407/4 50 54 1/4 1)
(352 46 52 1/4 1)
(352 77 70 1 1)
(352 65 63 1 1)
(1409/4 48 53 1/4 1)
(705/2 45 51 1/4 1)
(1411/4 46 52 1/4 1)
(353 43 50 1/4 1)
(353 82 73 1 1)
(353 70 66 1 1)
(1413/4 45 51 1/4 1)
(707/2 41 49 1/4 1)
(1415/4 43 50 1/4 1)
(354 52 55 1 1)
(354 40 48 1 1)
(1417/4 82 73 1/4 1)
(709/2 81 72 1/4 1)
(1419/4 82 73 1/4 1)
(355 79 71 1/4 1)
(355 55 57 1 1)
(355 43 50 1 1)
(1421/4 81 72 1/4 1)
(711/2 77 70 1/4 1)
(1423/4 79 71 1/4 1)
(356 76 69 1/4 1)
(356 46 52 1 1)
(356 58 59 1 1)
(1425/4 77 70 1/4 1)
(713/2 74 68 1/4 1)
(1427/4 76 69 1/4 1)
(357 60 60 1 1)
(357 72 67 1 1)
(1429/4 48 53 1/4 1)
(715/2 46 52 1/4 1)
(1431/4 48 53 1/4 1)
(358 76 69 1 1)
(358 45 51 1/4 1)
(358 64 62 1 1)
(1433/4 46 52 1/4 1)
(717/2 43 50 1/4 1)
(1435/4 45 51 1/4 1)
(359 81 72 1 1)
(359 69 65 1 1)
(359 41 49 1/4 1)
(1437/4 43 50 1/4 1)
(719/2 40 48 1/4 1)
(1439/4 41 49 1/4 1)
(360 38 47 1 1)
(360 50 54 1 1)
(1441/4 81 72 1/4 1)
(721/2 79 71 1/4 1)
(1443/4 81 72 1/4 1)
(361 77 70 1/4 1)
(1445/4 64 62 1/4 1)
(1445/4 79 71 1/4 1)
(723/2 60 60 1/4 1)
(723/2 76 69 1/4 1)
(1447/4 62 61 1/4 1)
(1447/4 77 70 1/4 1)
(362 58 59 1/4 1)
(362 74 68 1/4 1)
(1449/4 60 60 1/4 1)
(1449/4 76 69 1/4 1)
(725/2 72 67 1/4 1)
(725/2 57 58 1/4 1)
(1451/4 58 59 1/4 1)
(1451/4 74 68 1/4 1)
(363 55 57 1/4 1)
(363 70 66 1/4 1)
(1453/4 72 67 1/4 1)
(1453/4 57 58 1/4 1)
(727/2 53 56 1/4 1)
(727/2 69 65 1/4 1)
(1455/4 55 57 1/4 1)
(1455/4 70 66 1/4 1)
(364 52 55 1/4 1)
(364 67 64 1/4 1)
(1457/4 53 56 1/4 1)
(1457/4 69 65 1/4 1)
(729/2 65 63 1/4 1)
(729/2 50 54 1/4 1)
(1459/4 52 55 1/4 1)
(1459/4 67 64 1/4 1)
(365 48 53 1/4 1)
(365 64 62 1/4 1)
(1461/4 65 63 1/4 1)
(1461/4 50 54 1/4 1)
(731/2 46 52 1/4 1)
(731/2 62 61 1/4 1)
(1463/4 48 53 1/4 1)
(1463/4 64 62 1/4 1)
(366 45 51 1 1)
(366 33 44 1 1)
(366 60 60 16666667/100000000 1)
(18316667/50000 72 67 16666667/100000000 1)
(18333333/50000 70 66 16666667/100000000 1)
(367 69 65 16666667/100000000 1)
(18366667/50000 72 67 16666667/100000000 1)
(18383333/50000 67 64 16666667/100000000 1)
(368 65 63 16666667/100000000 1)
(18416667/50000 72 67 16666667/100000000 1)
(18433333/50000 63 62 16666667/100000000 1)
(369 46 52 1 1)
(369 34 45 1 1)
(18466667/50000 63 62 16666667/50000000 1)
(18483333/50000 61 60 16666667/50000000 1)
(370 62 61 16666667/50000000 1)
(18516667/50000 67 64 16666667/50000000 1)
(18533333/50000 66 63 16666667/50000000 1)
(371 69 65 16666667/50000000 1)
(18566667/50000 67 64 16666667/50000000 1)
(18583333/50000 70 66 16666667/50000000 1)
(372 47 52 1 1)
(372 35 45 1 1)
(18616667/50000 74 68 16666667/100000000 1)
(18633333/50000 72 67 16666667/100000000 1)
(373 71 66 16666667/100000000 1)
(18666667/50000 74 68 16666667/100000000 1)
(18683333/50000 69 65 16666667/100000000 1)
(374 67 64 16666667/100000000 1)
(18716667/50000 74 68 16666667/100000000 1)
(18733333/50000 65 63 16666667/100000000 1)
(375 48 53 1 1)
(375 36 46 1 1)
(18766667/50000 65 63 16666667/50000000 1)
(18783333/50000 63 62 16666667/50000000 1)
(376 64 62 16666667/50000000 1)
(18816667/50000 69 65 16666667/50000000 1)
(18833333/50000 68 65 16666667/50000000 1)
(377 71 66 16666667/50000000 1)
(18866667/50000 69 65 16666667/50000000 1)
(18883333/50000 72 67 16666667/50000000 1)
(378 49 53 1 1)
(378 37 46 1 1)
(18916667/50000 76 69 16666667/100000000 1)
(18933333/50000 74 68 16666667/100000000 1)
(379 73 67 16666667/100000000 1)
(18966667/50000 76 69 16666667/100000000 1)
(18983333/50000 70 66 16666667/100000000 1)
(380 69 65 16666667/100000000 1)
(19016667/50000 76 69 16666667/100000000 1)
(19033333/50000 67 64 16666667/100000000 1)
(381 50 54 1 1)
(381 38 47 1 1)
(19066667/50000 64 62 16666667/50000000 1)
(19083333/50000 65 63 16666667/50000000 1)
(382 70 66 1/2 1)
(19116667/50000 61 60 16666667/50000000 1)
(19133333/50000 62 61 16666667/50000000 1)
(383 69 65 1/2 1)
(19166667/50000 59 59 16666667/50000000 1)
(19183333/50000 60 60 16666667/50000000 1)
(384 58 59 1 1)
(19216667/50000 66 63 16666667/50000000 1)
(19233333/50000 67 64 16666667/50000000 1)
(385 74 68 1/2 1)
(19266667/50000 57 58 16666667/50000000 1)
(19283333/50000 58 59 16666667/50000000 1)
(386 72 67 1/2 1)
(19316667/50000 56 58 16666667/50000000 1)
(19333333/50000 57 58 16666667/50000000 1)
(387 72 67 1/4 1)
(387 55 57 1 1)
(387 46 52 1 1)
(1549/4 70 66 1/4 1)
(775/2 69 65 1/4 1)
(1551/4 67 64 1/4 1)
(388 57 58 1 1)
(388 48 53 2 1)
(388 65 63 1 1)
(389 58 59 1 1)
(389 64 62 3/4 1)
(1559/4 62 61 1/8 1)
(3119/8 64 62 1/8 1)
(390 53 56 1/4 1)
(390 65 63 1 1)
(1561/4 57 58 1/4 1)
(781/2 60 60 1/4 1)
(1563/4 65 63 1/4 1)
(391 69 65 1/2 1)
(1565/4 76 69 1/4 1)
(783/2 77 70 1/4 1)
(1567/4 79 71 1/4 1)
(392 82 73 1/4 1)
(1569/4 81 72 1/4 1)
(785/2 79 71 1/4 1)
(1571/4 77 70 1/4 1)
(393 76 69 1 1)
(393 55 57 1/4 1)
(1573/4 58 59 1/4 1)
(787/2 64 62 1/4 1)
(1575/4 67 64 1/4 1)
(394 70 66 1/2 1)
(1577/4 78 70 1/4 1)
(789/2 79 71 1/4 1)
(1579/4 81 72 1/4 1)
(395 84 74 1/4 1)
(1581/4 82 73 1/4 1)
(791/2 81 72 1/4 1)
(1583/4 79 71 1/4 1)
(396 77 70 1 1)
(396 57 58 1/4 1)
(1585/4 60 60 1/4 1)
(793/2 65 63 1/4 1)
(1587/4 69 65 1/4 1)
(397 72 67 1/2 1)
(1589/4 80 72 1/4 1)
(795/2 81 72 1/4 1)
(1591/4 82 73 1/4 1)
(398 86 75 1/4 1)
(1593/4 84 74 1/4 1)
(797/2 82 73 1/4 1)
(1595/4 81 72 1/4 1)
(399 78 70 1/4 1)
(399 74 68 1 1)
(399 70 66 1 1)
(1597/4 79 71 1/4 1)
(799/2 82 73 1/4 1)
(1599/4 81 72 1/4 1)
(400 78 70 1/4 1)
(400 74 68 1 1)
(400 70 66 1 1)
(1601/4 79 71 1/4 1)
(801/2 82 73 1/4 1)
(1603/4 81 72 1/4 1)
(401 74 68 1 1)
(401 70 66 1 1)
(401 84 74 1/4 1)
(1605/4 82 73 1/4 1)
(803/2 81 72 1/4 1)
(1607/4 79 71 1/4 1)
(402 86 75 1/4 1)
(402 70 66 1 1)
(402 74 68 1 1)
(402 77 70 1 1)
(1609/4 82 73 1/4 1)
(805/2 81 72 1/4 1)
(1611/4 79 71 1/4 1)
(403 77 70 1 1)
(403 72 67 2 1)
(403 77 70 1/10 1)
(403 79 71 2 1)
(403 79 71 1/10 1)
(403 81 72 1/10 1)
(404 76 69 1 1)
(405 41 49 1/4 1)
(405 77 70 1 1)
(405 79 71 1/10 1)
(405 72 67 1 1)
(405 69 65 1 1)
(405 77 70 1/10 1)
(1621/4 45 51 1/4 1)
(811/2 48 53 1/4 1)
(1623/4 53 56 1/4 1)
(406 57 58 1/2 1)
(1625/4 64 62 1/4 1)
(813/2 65 63 1/4 1)
(1627/4 67 64 1/4 1)
(407 70 66 1/4 1)
(1629/4 69 65 1/4 1)
(815/2 67 64 1/4 1)
(1631/4 65 63 1/4 1)
(408 43 50 1/4 1)
(408 64 62 1 1)
(1633/4 46 52 1/4 1)
(817/2 52 55 1/4 1)
(1635/4 55 57 1/4 1)
(409 58 59 1/2 1)
(1637/4 66 63 1/4 1)
(819/2 67 64 1/4 1)
(1639/4 69 65 1/4 1)
(410 72 67 1/4 1)
(1641/4 70 66 1/4 1)
(821/2 69 65 1/4 1)
(1643/4 67 64 1/4 1)
(411 65 63 1 1)
(411 45 51 1/4 1)
(1645/4 48 53 1/4 1)
(823/2 53 56 1/4 1)
(1647/4 57 58 1/4 1)
(412 60 60 1/2 1)
(1649/4 68 65 1/4 1)
(825/2 69 65 1/4 1)
(1651/4 70 66 1/4 1)
(413 74 68 1/4 1)
(1653/4 72 67 1/4 1)
(827/2 70 66 1/4 1)
(1655/4 69 65 1/4 1)
(414 46 52 1/4 1)
(414 67 64 1 1)
(1657/4 50 54 1/4 1)
(829/2 55 57 1/4 1)
(1659/4 58 59 1/4 1)
(415 62 61 1/2 1)
(1661/4 55 57 1/4 1)
(831/2 58 59 1/4 1)
(1663/4 62 61 1/4 1)
(416 67 64 1/2 1)
(1665/4 46 52 1/4 1)
(833/2 50 54 1/4 1)
(1667/4 55 57 1/4 1)
(417 58 59 1/2 1)
(1669/4 62 61 1/4 1)
(835/2 67 64 1/4 1)
(1671/4 70 66 1/4 1)
(418 74 68 1/2 1)
(1673/4 58 59 1/4 1)
(837/2 62 61 1/4 1)
(1675/4 67 64 1/4 1)
(419 70 66 1/2 1)
(1677/4 76 69 1/4 1)
(839/2 77 70 1/4 1)
(1679/4 73 67 1/4 1)
(420 74 68 1/4 1)
(1681/4 69 65 1/4 1)
(841/2 70 66 1/4 1)
(1683/4 67 64 1/4 1)
(421 65 63 1/10 1)
(421 48 53 2 1)
(421 67 64 1/10 1)
(421 53 56 1 1)
(421 69 65 1/10 1)
(421 67 64 2 1)
(422 52 55 1 1)
(423 67 64 1/10 1)
(423 53 56 1/4 1)
(423 65 63 1/10 1)
(423 65 63 1/4 1)
(1693/4 60 60 1/4 1)
(847/2 57 58 1/4 1)
(847/2 69 65 1/4 1)
(1695/4 60 60 1/4 1)
(424 72 67 1 1)
(424 53 56 1/4 1)
(1697/4 60 60 1/4 1)
(849/2 57 58 1/4 1)
(1699/4 60 60 1/4 1)
(425 76 69 3/4 1)
(425 48 53 1/4 1)
(1701/4 58 59 1/4 1)
(851/2 55 57 1/4 1)
(1703/4 58 59 1/4 1)
(1703/4 74 68 1/8 1)
(3407/8 76 69 1/8 1)
(426 77 70 1/4 1)
(426 53 56 1/4 1)
(1705/4 60 60 1/4 1)
(853/2 57 58 1/4 1)
(853/2 69 65 1/4 1)
(1707/4 60 60 1/4 1)
(427 53 56 1/4 1)
(427 72 67 1 1)
(1709/4 60 60 1/4 1)
(855/2 57 58 1/4 1)
(1711/4 60 60 1/4 1)
(428 76 69 3/4 1)
(428 48 53 1/4 1)
(1713/4 58 59 1/4 1)
(857/2 55 57 1/4 1)
(1715/4 58 59 1/4 1)
(1715/4 74 68 1/8 1)
(3431/8 76 69 1/8 1)
(429 77 70 1 1)
(429 53 56 1 1)
(429 57 58 1 1)
(430 41 49 1 1)
(430 53 56 1 1)
(430 60 60 1 1)
(430 65 63 1 1)
(430 57 58 1 1)
