(0 77 70 3 1)
(3 74 68 2 1)
(5 77 70 1/10 1)
(5 75 69 1 1)
(6 74 68 3 1)
(9 67 64 3 1)
(12 69 65 1 1)
(13 75 69 1 1)
(14 75 69 1 1)
(15 75 69 1 1)
(16 77 70 1/10 1)
(16 74 68 1 1)
(16 75 69 1/10 1)
(16 75 69 1/10 1)
(17 75 69 1 1)
(18 79 71 11/4 1)
(83/4 77 70 1/4 1)
(21 74 68 2 1)
(24 82 73 3 1)
(27 70 66 11/4 1)
(119/4 70 66 1/4 1)
(30 79 71 3 1)
(33 67 64 1 1)
(34 69 65 1/10 1)
(34 67 64 1/10 1)
(34 67 64 1/10 1)
(34 75 69 1 1)
(34 67 64 1/10 1)
(34 66 64 1/10 1)
(35 72 67 1 1)
(36 69 65 1/2 1)
(73/2 77 70 1/2 1)
(73/2 86 75 1/2 1)
(37 79 71 1/2 1)
(37 76 70 1/2 1)
(75/2 75 69 1/2 1)
(75/2 81 72 1/2 1)
(38 82 73 1/2 1)
(38 74 68 1/2 1)
(77/2 77 70 1/2 1)
(77/2 73 68 1/2 1)
(39 72 67 1/2 1)
(39 80 72 1/2 1)
(79/2 70 66 1/2 1)
(79/2 78 71 1/2 1)
(40 69 65 1/2 1)
(40 72 67 1/2 1)
(81/2 68 65 1/2 1)
(81/2 74 68 1/2 1)
(41 67 64 1/2 1)
(41 75 69 1/2 1)
(83/2 66 64 1/2 1)
(83/2 70 66 1/2 1)
(85/2 65 63 1/2 1)
(85/2 74 68 1/2 1)
(43 64 63 1/2 1)
(43 67 64 1/2 1)
(87/2 63 62 1/2 1)
(87/2 69 65 1/2 1)
(44 70 66 1/2 1)
(44 62 61 1/2 1)
(89/2 65 63 1/2 1)
(45 58 59 1/2 1)
(48 82 73 3 1)
(48 70 66 3 1)
(48 73 68 3 1)
(51 78 71 2 1)
(51 66 64 2 1)
(51 70 66 2 1)
(53 83 74 1 1)
(53 75 69 1 1)
(53 71 67 1 1)
(54 73 68 3 1)
(54 82 73 3 1)
(54 70 66 3 1)
(57 78 71 3 1)
(57 70 66 3 1)
(57 66 64 3 1)
(60 82 73 2 1)
(60 73 68 2 1)
(60 85 75 2 1)
(62 70 66 1 1)
(62 78 71 1 1)
(62 82 73 1 1)
(63 90 78 2 1)
(63 82 73 2 1)
(63 78 71 2 1)
(65 73 68 1 1)
(65 82 73 1 1)
(65 85 75 1 1)
(66 83 74 1 1)
(66 71 67 1/10 1)
(66 71 67 1 1)
(66 80 72 1 1)
(66 83 74 1 1)
(66 80 72 1 1)
(67 82 73 1 1)
(67 78 71 1 1)
(67 70 66 1 1)
(72 82 73 3 1)
(72 73 68 3 1)
(72 70 66 3 1)
(75 66 64 2 1)
(75 70 66 2 1)
(75 78 71 2 1)
(77 75 69 1 1)
(77 71 67 1 1)
(77 83 74 1 1)
(78 73 68 3 1)
(78 70 66 3 1)
(78 82 73 3 1)
(81 66 64 3 1)
(81 70 66 3 1)
(81 78 71 3 1)
(84 82 73 2 1)
(84 73 68 2 1)
(84 85 75 2 1)
(86 82 73 1 1)
(86 78 71 1 1)
(86 70 66 1 1)
(87 90 78 2 1)
(87 82 73 2 1)
(87 78 71 2 1)
(89 82 73 1 1)
(89 85 75 1 1)
(89 73 68 1 1)
(90 80 72 1 1)
(90 83 74 1 1)
(90 73 68 1/10 1)
(90 71 67 1 1)
(90 82 73 1/10 1)
(90 85 75 1/10 1)
(91 78 71 1 1)
(91 82 73 1 1)
(91 70 66 1 1)
(96 77 70 3 1)
(193/2 65 63 1/2 1)
(97 64 63 1/2 1)
(97 67 64 1/2 1)
(195/2 69 65 1/2 1)
(195/2 63 62 1/2 1)
(98 70 66 1/2 1)
(98 62 61 1/2 1)
(197/2 60 60 1/2 1)
(197/2 72 67 1/2 1)
(99 74 68 3 1)
(199/2 65 63 1/2 1)
(100 64 63 1/2 1)
(100 67 64 1/2 1)
(201/2 69 65 1/2 1)
(201/2 63 62 1/2 1)
(101 70 66 1/2 1)
(101 62 61 1/2 1)
(203/2 74 68 1/2 1)
(102 79 71 3 1)
(205/2 67 64 1/2 1)
(103 66 64 1/2 1)
(103 69 65 1/2 1)
(207/2 71 67 1/2 1)
(207/2 65 63 1/2 1)
(104 72 67 1/2 1)
(104 63 62 1/2 1)
(209/2 74 68 1/2 1)
(209/2 62 61 1/2 1)
(105 75 69 3 1)
(211/2 67 64 1/2 1)
(106 69 65 1/2 1)
(106 66 64 1/2 1)
(213/2 71 67 1/2 1)
(213/2 65 63 1/2 1)
(107 63 62 1/2 1)
(107 72 67 1/2 1)
(215/2 75 69 1/2 1)
(108 81 72 3 1)
(217/2 69 65 1/2 1)
(109 71 67 1/2 1)
(109 68 65 1/2 1)
(219/2 73 68 1/2 1)
(219/2 67 64 1/2 1)
(110 65 63 1/2 1)
(110 74 68 1/2 1)
(221/2 77 70 1/2 1)
(111 82 73 3 1)
(223/2 70 66 1/2 1)
(112 72 67 1/2 1)
(112 69 65 1/2 1)
(225/2 68 65 1/2 1)
(225/2 74 68 1/2 1)
(113 67 64 1/2 1)
(113 75 69 1/2 1)
(227/2 78 71 1/2 1)
(227/2 66 64 1/2 1)
(229/2 77 70 1/2 1)
(115 78 71 1/2 1)
(115 87 76 1/2 1)
(115 82 73 1/2 1)
(231/2 77 70 1/2 1)
(116 87 76 1/2 1)
(116 78 71 1/2 1)
(116 82 73 1/2 1)
(233/2 77 70 1/2 1)
(117 87 76 1/2 1)
(117 82 73 1/2 1)
(117 78 71 1/2 1)
(235/2 77 70 1/2 1)
(118 87 76 1/2 1)
(118 78 71 1/2 1)
(118 82 73 1/2 1)
(237/2 77 70 1/2 1)
(119 87 76 1/2 1)
(119 82 73 1/2 1)
(119 78 71 1/2 1)
(239/2 77 70 1/2 1)
(120 87 76 1/2 1)
(120 78 71 1/2 1)
(241/2 86 75 1/2 1)
(241/2 77 70 1/2 1)
(121 79 71 1/2 1)
(121 76 70 1/2 1)
(243/2 75 69 1/2 1)
(243/2 81 72 1/2 1)
(122 74 68 1/2 1)
(122 82 73 1/2 1)
(245/2 77 70 1/2 1)
(245/2 73 68 1/2 1)
(123 72 67 1/2 1)
(123 80 72 1/2 1)
(247/2 70 66 1/2 1)
(247/2 78 71 1/2 1)
(124 69 65 1/2 1)
(124 72 67 1/2 1)
(249/2 74 68 1/2 1)
(249/2 68 65 1/2 1)
(125 75 69 1/2 1)
(125 67 64 1/2 1)
(251/2 70 66 1/2 1)
(251/2 66 64 1/2 1)
(126 65 63 1/2 1)
(126 73 68 1/2 1)
(253/2 72 67 1/2 1)
(253/2 64 63 1/2 1)
(127 67 64 1/2 1)
(127 63 62 1/2 1)
(255/2 68 65 1/2 1)
(255/2 62 61 1/2 1)
(128 69 65 1/2 1)
(128 61 61 1/2 1)
(257/2 60 60 1/2 1)
(257/2 63 62 1/2 1)
(129 66 64 1/2 1)
(129 58 59 1/2 1)
(259/2 57 58 1/2 1)
(259/2 65 63 1/2 1)
(130 56 58 1/2 1)
(130 60 60 1/2 1)
(261/2 62 61 1/2 1)
(261/2 55 57 1/2 1)
(131 54 57 1/2 1)
(131 63 62 1 1)
(263/2 53 56 1/2 1)
(263/2 57 58 1/2 1)
(132 53 56 1/2 1)
(132 58 59 1/2 1)
(132 62 61 1/2 1)
(271/2 75 69 1/2 1)
(271/2 66 64 1/2 1)
(136 69 65 1/2 1)
(136 65 63 1/2 1)
(273/2 70 66 1/2 1)
(273/2 64 63 1/2 1)
(137 72 67 1 1)
(137 63 62 1/2 1)
(275/2 66 64 1/2 1)
(138 70 66 1 1)
(138 65 63 1 1)
(138 74 68 1 1)
(138 62 61 1 1)
(283/2 75 69 1/2 1)
(283/2 66 64 1/2 1)
(142 69 65 1/2 1)
(142 65 63 1/2 1)
(285/2 64 63 1/2 1)
(285/2 70 66 1/2 1)
(143 72 67 1 1)
(143 63 62 1/2 1)
(287/2 66 64 1/2 1)
(144 70 66 1 1)
(144 65 63 1 1)
(144 62 61 1 1)
(144 74 68 1 1)
(147 58 59 3 1)
(147 67 64 3 1)
(147 62 61 3/2 1)
(147 55 57 3 1)
(297/2 60 60 1/2 1)
(149 63 62 1/2 1)
(299/2 62 61 1/2 1)
(150 65 63 3 1)
(150 53 56 3 1)
(150 58 59 3 1)
(150 62 61 3 1)
(153 58 59 3 1)
(153 67 64 3 1)
(153 55 57 3 1)
(153 62 61 3/2 1)
(309/2 60 60 1/2 1)
(155 63 62 1/2 1)
(311/2 62 61 1/2 1)
(156 65 63 3 1)
(156 62 61 3 1)
(156 53 56 3 1)
(156 58 59 3 1)
(159 62 61 3 1)
(159 58 59 3 1)
(159 53 56 6 1)
(159 65 63 3 1)
(171 60 60 3 1)
(171 65 63 3 1)
(171 63 62 3 1)
(171 53 56 3 1)
(174 62 61 3 1)
(174 53 56 3 1)
(174 58 59 3 1)
