(8 64 62 7/2 1)
(23/2 59 59 1/2 1)
(12 62 61 4 1)
(16 62 61 3/2 1)
(35/2 64 62 1/2 1)
(35/2 66 63 1/10 1)
(18 62 61 3/2 1)
(39/2 57 58 1/2 1)
(20 59 59 1 1)
(21 59 59 3/4 1)
(87/4 59 59 1/4 1)
(22 59 59 4 1)
(30 71 66 3/2 1)
(63/2 66 63 1/2 1)
(32 69 65 4 1)
(36 69 65 3/2 1)
(75/2 71 66 1/2 1)
(75/2 61 60 1/10 1)
(38 69 65 3/2 1)
(79/2 64 62 1/2 1)
(40 66 63 1 1)
(41 66 63 3/4 1)
(167/4 66 63 1/4 1)
(42 66 63 4 1)
(53 69 65 13/2 1)
(119/2 64 62 1/2 1)
(60 65 63 4 1)
(64 65 63 3/2 1)
(131/2 69 65 1/10 1)
(131/2 67 64 1/2 1)
(66 65 63 3/2 1)
(135/2 60 60 1/2 1)
(68 62 61 1 1)
(69 62 61 3/4 1)
(279/4 62 61 1/4 1)
(70 62 61 4 1)
(76 62 61 3/2 1)
(155/2 64 62 1/2 1)
(155/2 65 63 1/10 1)
(78 62 61 3/2 1)
(159/2 57 58 5/2 1)
(80 59 59 1 1)
(81 59 59 3/4 1)
(327/4 59 59 1/4 1)
(82 59 59 1 1)
(82 52 55 1 1)
(82 56 57 1 1)
(83 54 56 1 1)
(83 51 54 1 1)
(83 59 59 1 1)
(84 56 57 2 1)
(84 52 55 2 1)
(84 59 59 2 1)
(86 56 57 2 1)
(86 52 55 2 1)
(86 59 59 3/2 1)
(86 50 54 2 1)
(175/2 60 60 1/2 1)
(88 57 58 4 1)
(88 48 53 4 1)
(88 52 55 4 1)
