pattern1
occurrence1
6.00000, 61.00000
6.50000, 60.00000
7.00000, 58.00000
7.50000, 56.00000
8.00000, 55.00000
occurrence2
14.50000, 64.00000
15.00000, 63.00000
15.50000, 62.00000
16.00000, 61.00000
16.50000, 56.00000
occurrence3
29.00000, 67.00000
29.15625, 68.00000
29.34375, 67.00000
29.50000, 65.00000
30.00000, 63.00000
30.50000, 61.00000
31.00000, 60.00000
occurrence4
29.50000, 65.00000
30.00000, 63.00000
30.50000, 61.00000
31.00000, 60.00000
31.50000, 58.00000
occurrence5
30.00000, 63.00000
30.50000, 61.00000
31.00000, 60.00000
31.50000, 58.00000
32.00000, 57.00000
occurrence6
35.00000, 65.00000
35.50000, 63.00000
36.00000, 61.00000
36.50000, 60.00000
37.00000, 58.00000
occurrence7
35.50000, 63.00000
36.00000, 61.00000
36.50000, 60.00000
37.00000, 58.00000
37.50000, 56.00000
occurrence8
36.00000, 61.00000
36.50000, 60.00000
37.00000, 58.00000
37.50000, 56.00000
38.00000, 55.00000
occurrence9
56.00000, 68.00000
56.50000, 66.00000
57.00000, 63.00000
57.50000, 58.00000
58.00000, 61.00000
occurrence10
56.50000, 66.00000
57.00000, 63.00000
57.50000, 58.00000
58.00000, 61.00000
58.50000, 59.00000
occurrence11
62.00000, 64.00000
62.50000, 60.00000
63.00000, 58.00000
63.50000, 57.00000
64.00000, 56.00000
occurrence12
71.46875, 67.00000
71.96875, 68.00000
72.46875, 65.00000
72.96875, 61.00000
73.46875, 59.00000
occurrence13
83.46875, 72.00000
84.12500, 73.00000
84.31250, 72.00000
84.46875, 70.00000
84.96875, 68.00000
85.46875, 65.00000
occurrence14
85.96875, 61.00000
86.46875, 60.00000
86.96875, 58.00000
87.46875, 56.00000
87.96875, 55.00000
occurrence15
97.96875, 75.00000
98.96875, 77.00000
99.96875, 68.00000
occurrence16
107.96875, 68.00000
108.46875, 66.00000
108.96875, 63.00000
109.46875, 58.00000
109.96875, 61.00000
occurrence17
108.46875, 66.00000
108.96875, 63.00000
109.46875, 58.00000
109.96875, 61.00000
110.46875, 59.00000
occurrence18
129.96875, 61.00000
130.46875, 60.00000
130.96875, 58.00000
131.46875, 56.00000
131.96875, 55.00000
occurrence19
150.46875, 66.00000
151.46875, 65.00000
151.96875, 64.00000
152.46875, 59.00000
occurrence20
156.46875, 66.00000
156.96875, 63.00000
157.46875, 58.00000
157.96875, 61.00000
158.46875, 59.00000
occurrence21
181.93750, 78.00000
183.43750, 76.00000
183.68750, 73.00000
183.93750, 71.00000
occurrence22
184.93750, 68.00000
185.12500, 69.00000
185.28125, 68.00000
185.43750, 66.00000
185.93750, 64.00000
186.43750, 59.00000
186.93750, 61.00000
occurrence23
202.93750, 70.00000
203.43750, 69.00000
203.93750, 68.00000
204.43750, 66.00000
204.93750, 63.00000
occurrence24
203.93750, 68.00000
204.43750, 66.00000
204.93750, 63.00000
205.43750, 58.00000
205.93750, 61.00000
occurrence25
204.43750, 66.00000
204.93750, 63.00000
205.43750, 58.00000
205.93750, 61.00000
206.43750, 59.00000
occurrence26
217.93750, 73.00000
218.43750, 75.00000
218.68750, 73.00000
218.93750, 72.00000
219.43750, 70.00000
219.93750, 66.00000
occurrence27
251.93750, 70.00000
252.43750, 69.00000
252.93750, 68.00000
253.43750, 66.00000
253.93750, 63.00000
occurrence28
276.93750, 68.00000
277.09375, 70.00000
277.28125, 68.00000
277.43750, 65.00000
277.93750, 64.00000
278.43750, 59.00000
278.93750, 61.00000
occurrence29
285.93750, 61.00000
286.43750, 63.00000
286.68750, 61.00000
286.93750, 60.00000
287.43750, 58.00000
287.93750, 55.00000
occurrence30
286.43750, 63.00000
286.68750, 61.00000
286.93750, 60.00000
287.43750, 58.00000
287.93750, 55.00000
288.43750, 56.00000
pattern2
occurrence1
9.50000, 60.00000
10.00000, 61.00000
10.34375, 63.00000
10.65625, 61.00000
11.00000, 60.00000
11.50000, 58.00000
12.00000, 56.00000
12.50000, 55.00000
13.00000, 54.00000
occurrence2
10.00000, 61.00000
10.34375, 63.00000
10.65625, 61.00000
11.00000, 60.00000
11.50000, 58.00000
12.00000, 56.00000
12.50000, 55.00000
13.00000, 54.00000
13.50000, 56.00000
occurrence3
14.00000, 65.00000
14.50000, 64.00000
15.00000, 63.00000
15.50000, 62.00000
16.00000, 61.00000
16.50000, 56.00000
17.00000, 58.00000
17.50000, 59.00000
occurrence4
29.50000, 65.00000
30.00000, 63.00000
30.50000, 61.00000
31.00000, 60.00000
31.50000, 58.00000
32.00000, 57.00000
32.50000, 58.00000
33.00000, 60.00000
occurrence5
51.00000, 80.00000
51.50000, 75.00000
53.50000, 72.00000
54.00000, 73.00000
54.50000, 75.00000
occurrence6
100.96875, 77.00000
101.46875, 77.00000
101.96875, 75.00000
102.96875, 77.00000
103.46875, 71.00000
104.46875, 72.00000
occurrence7
117.96875, 74.00000
118.21875, 73.00000
120.96875, 72.00000
121.12500, 73.00000
121.31250, 72.00000
121.46875, 68.00000
occurrence8
125.96875, 70.00000
126.46875, 67.00000
126.96875, 69.00000
127.46875, 66.00000
127.96875, 61.00000
128.46875, 58.00000
128.96875, 68.00000
129.12500, 70.00000
129.28125, 68.00000
129.46875, 65.00000
occurrence9
126.46875, 67.00000
126.96875, 69.00000
127.46875, 66.00000
127.96875, 61.00000
128.46875, 58.00000
128.96875, 68.00000
129.12500, 70.00000
129.28125, 68.00000
129.46875, 65.00000
129.96875, 61.00000
occurrence10
127.96875, 61.00000
128.46875, 58.00000
128.96875, 68.00000
129.12500, 70.00000
129.28125, 68.00000
129.46875, 65.00000
129.96875, 61.00000
130.46875, 60.00000
130.96875, 58.00000
131.46875, 56.00000
occurrence11
148.46875, 68.00000
148.96875, 70.00000
149.46875, 68.00000
150.46875, 66.00000
151.46875, 65.00000
151.96875, 64.00000
occurrence12
151.46875, 65.00000
151.96875, 64.00000
152.46875, 59.00000
152.96875, 61.00000
153.46875, 64.00000
153.96875, 63.00000
154.46875, 61.00000
154.96875, 60.00000
occurrence13
153.96875, 63.00000
154.46875, 61.00000
154.96875, 60.00000
155.28125, 63.00000
155.62500, 68.00000
155.96875, 70.00000
156.46875, 66.00000
156.96875, 63.00000
157.46875, 58.00000
occurrence14
155.96875, 70.00000
156.46875, 66.00000
156.96875, 63.00000
157.46875, 58.00000
157.96875, 61.00000
158.46875, 59.00000
158.96875, 60.00000
159.46875, 65.00000
occurrence15
177.43750, 72.00000
177.68750, 75.00000
177.93750, 73.00000
178.43750, 72.00000
178.93750, 70.00000
179.43750, 69.00000
179.93750, 68.00000
180.43750, 66.00000
180.93750, 67.00000
occurrence16
181.62500, 73.00000
181.93750, 78.00000
183.43750, 76.00000
183.68750, 73.00000
183.93750, 71.00000
184.43750, 69.00000
184.93750, 68.00000
185.12500, 69.00000
occurrence17
184.43750, 69.00000
184.93750, 68.00000
185.12500, 69.00000
185.28125, 68.00000
185.43750, 66.00000
185.93750, 64.00000
186.43750, 59.00000
186.93750, 61.00000
187.43750, 64.00000
187.93750, 63.00000
occurrence18
185.43750, 66.00000
185.93750, 64.00000
186.43750, 59.00000
186.93750, 61.00000
187.43750, 64.00000
187.93750, 63.00000
188.43750, 60.00000
188.93750, 61.00000
occurrence19
200.93750, 72.00000
201.43750, 73.00000
201.93750, 72.00000
202.43750, 71.00000
202.93750, 70.00000
203.43750, 69.00000
203.93750, 68.00000
204.43750, 66.00000
occurrence20
207.93750, 65.00000
210.93750, 56.00000
211.18750, 58.00000
211.43750, 60.00000
occurrence21
218.93750, 72.00000
219.43750, 70.00000
219.93750, 66.00000
220.43750, 67.00000
220.93750, 70.00000
221.43750, 67.00000
221.93750, 69.00000
222.43750, 66.00000
occurrence22
227.93750, 68.00000
228.43750, 72.00000
229.93750, 68.00000
230.43750, 66.00000
230.93750, 65.00000
231.43750, 64.00000
occurrence23
245.93750, 74.00000
246.43750, 73.00000
248.93750, 71.00000
249.43750, 68.00000
occurrence24
249.93750, 72.00000
251.43750, 75.00000
251.68750, 72.00000
251.93750, 70.00000
252.43750, 69.00000
252.93750, 68.00000
253.43750, 66.00000
occurrence25
255.43750, 66.00000
255.93750, 65.00000
256.43750, 61.00000
256.93750, 58.00000
257.43750, 56.00000
257.93750, 63.00000
258.43750, 60.00000
258.93750, 61.00000
occurrence26
277.43750, 65.00000
277.93750, 64.00000
278.43750, 59.00000
278.93750, 61.00000
279.43750, 64.00000
279.93750, 63.00000
280.43750, 61.00000
280.93750, 60.00000
occurrence27
282.43750, 67.00000
282.93750, 68.00000
283.43750, 70.00000
283.68750, 68.00000
283.93750, 67.00000
284.43750, 65.00000
284.93750, 63.00000
285.43750, 60.00000
285.93750, 61.00000
occurrence28
282.93750, 68.00000
283.43750, 70.00000
283.68750, 68.00000
283.93750, 67.00000
284.43750, 65.00000
284.93750, 63.00000
285.43750, 60.00000
285.93750, 61.00000
286.43750, 63.00000
pattern3
occurrence1
3.65625, 67.00000
4.00000, 70.00000
4.50000, 69.00000
5.00000, 68.00000
5.50000, 65.00000
6.00000, 61.00000
6.50000, 60.00000
7.00000, 58.00000
7.50000, 56.00000
8.00000, 55.00000
8.34375, 58.00000
8.65625, 64.00000
9.00000, 63.00000
9.50000, 60.00000
10.00000, 61.00000
10.34375, 63.00000
10.65625, 61.00000
occurrence2
14.00000, 65.00000
14.50000, 64.00000
15.00000, 63.00000
15.50000, 62.00000
16.00000, 61.00000
16.50000, 56.00000
17.00000, 58.00000
17.50000, 59.00000
19.50000, 68.00000
20.50000, 58.00000
21.00000, 59.00000
occurrence3
29.00000, 67.00000
29.15625, 68.00000
29.34375, 67.00000
29.50000, 65.00000
30.00000, 63.00000
30.50000, 61.00000
31.00000, 60.00000
31.50000, 58.00000
32.00000, 57.00000
32.50000, 58.00000
33.00000, 60.00000
33.50000, 57.00000
34.00000, 58.00000
34.50000, 72.00000
34.65625, 70.00000
34.81250, 68.00000
35.00000, 65.00000
35.50000, 63.00000
36.00000, 61.00000
occurrence4
29.50000, 65.00000
30.00000, 63.00000
30.50000, 61.00000
31.00000, 60.00000
31.50000, 58.00000
32.00000, 57.00000
32.50000, 58.00000
33.00000, 60.00000
33.50000, 57.00000
34.00000, 58.00000
34.50000, 72.00000
34.65625, 70.00000
34.81250, 68.00000
35.00000, 65.00000
35.50000, 63.00000
36.00000, 61.00000
36.50000, 60.00000
occurrence5
30.00000, 63.00000
30.50000, 61.00000
31.00000, 60.00000
31.50000, 58.00000
32.00000, 57.00000
32.50000, 58.00000
33.00000, 60.00000
33.50000, 57.00000
34.00000, 58.00000
34.50000, 72.00000
34.65625, 70.00000
34.81250, 68.00000
35.00000, 65.00000
35.50000, 63.00000
36.00000, 61.00000
36.50000, 60.00000
37.00000, 58.00000
occurrence6
30.50000, 61.00000
31.00000, 60.00000
31.50000, 58.00000
32.00000, 57.00000
32.50000, 58.00000
33.00000, 60.00000
33.50000, 57.00000
34.00000, 58.00000
34.50000, 72.00000
34.65625, 70.00000
34.81250, 68.00000
35.00000, 65.00000
35.50000, 63.00000
36.00000, 61.00000
36.50000, 60.00000
37.00000, 58.00000
37.50000, 56.00000
occurrence7
31.00000, 60.00000
31.50000, 58.00000
32.00000, 57.00000
32.50000, 58.00000
33.00000, 60.00000
33.50000, 57.00000
34.00000, 58.00000
34.50000, 72.00000
34.65625, 70.00000
34.81250, 68.00000
35.00000, 65.00000
35.50000, 63.00000
36.00000, 61.00000
36.50000, 60.00000
37.00000, 58.00000
37.50000, 56.00000
38.00000, 55.00000
occurrence8
54.00000, 73.00000
54.50000, 75.00000
54.75000, 73.00000
55.00000, 72.00000
55.50000, 70.00000
56.00000, 68.00000
56.50000, 66.00000
57.00000, 63.00000
57.50000, 58.00000
58.00000, 61.00000
58.50000, 59.00000
59.00000, 60.00000
59.50000, 65.00000
61.00000, 68.00000
occurrence9
97.46875, 77.00000
97.96875, 75.00000
98.96875, 77.00000
99.96875, 68.00000
100.96875, 77.00000
101.46875, 77.00000
101.96875, 75.00000
102.96875, 77.00000
103.46875, 71.00000
104.46875, 72.00000
occurrence10
124.96875, 60.00000
125.31250, 63.00000
125.62500, 67.00000
125.96875, 70.00000
126.46875, 67.00000
126.96875, 69.00000
127.46875, 66.00000
127.96875, 61.00000
128.46875, 58.00000
128.96875, 68.00000
129.12500, 70.00000
129.28125, 68.00000
129.46875, 65.00000
129.96875, 61.00000
130.46875, 60.00000
130.96875, 58.00000
131.46875, 56.00000
131.96875, 55.00000
occurrence11
126.96875, 69.00000
127.46875, 66.00000
127.96875, 61.00000
128.46875, 58.00000
128.96875, 68.00000
129.12500, 70.00000
129.28125, 68.00000
129.46875, 65.00000
129.96875, 61.00000
130.46875, 60.00000
130.96875, 58.00000
131.46875, 56.00000
131.96875, 55.00000
132.46875, 58.00000
132.96875, 61.00000
133.46875, 64.00000
133.96875, 63.00000
occurrence12
127.46875, 66.00000
127.96875, 61.00000
128.46875, 58.00000
128.96875, 68.00000
129.12500, 70.00000
129.28125, 68.00000
129.46875, 65.00000
129.96875, 61.00000
130.46875, 60.00000
130.96875, 58.00000
131.46875, 56.00000
131.96875, 55.00000
132.46875, 58.00000
132.96875, 61.00000
133.46875, 64.00000
133.96875, 63.00000
134.46875, 61.00000
occurrence13
151.46875, 65.00000
151.96875, 64.00000
152.46875, 59.00000
152.96875, 61.00000
153.46875, 64.00000
153.96875, 63.00000
154.46875, 61.00000
154.96875, 60.00000
155.28125, 63.00000
155.62500, 68.00000
155.96875, 70.00000
156.46875, 66.00000
156.96875, 63.00000
157.46875, 58.00000
157.96875, 61.00000
158.46875, 59.00000
occurrence14
161.43750, 65.00000
161.93750, 63.00000
162.43750, 60.00000
162.93750, 61.00000
163.43750, 59.00000
168.43750, 60.00000
occurrence15
169.93750, 70.00000
170.43750, 68.00000
170.93750, 67.00000
171.18750, 68.00000
171.43750, 70.00000
171.68750, 72.00000
171.93750, 75.00000
172.43750, 72.00000
176.43750, 58.00000
176.68750, 61.00000
176.93750, 65.00000
occurrence16
171.93750, 75.00000
172.43750, 72.00000
176.43750, 58.00000
176.68750, 61.00000
176.93750, 65.00000
177.18750, 68.00000
177.43750, 72.00000
177.68750, 75.00000
177.93750, 73.00000
178.43750, 72.00000
178.93750, 70.00000
occurrence17
177.93750, 73.00000
178.43750, 72.00000
178.93750, 70.00000
179.43750, 69.00000
179.93750, 68.00000
180.43750, 66.00000
180.93750, 67.00000
181.28125, 70.00000
181.62500, 73.00000
181.93750, 78.00000
183.43750, 76.00000
183.68750, 73.00000
183.93750, 71.00000
184.43750, 69.00000
184.93750, 68.00000
occurrence18
178.43750, 72.00000
178.93750, 70.00000
179.43750, 69.00000
179.93750, 68.00000
180.43750, 66.00000
180.93750, 67.00000
181.28125, 70.00000
181.62500, 73.00000
181.93750, 78.00000
183.43750, 76.00000
183.68750, 73.00000
183.93750, 71.00000
184.43750, 69.00000
184.93750, 68.00000
185.12500, 69.00000
185.28125, 68.00000
185.43750, 66.00000
occurrence19
213.43750, 72.00000
213.68750, 75.00000
213.93750, 73.00000
215.43750, 60.00000
215.93750, 72.00000
216.28125, 73.00000
216.62500, 74.00000
216.93750, 75.00000
217.43750, 72.00000
217.93750, 73.00000
218.43750, 75.00000
218.68750, 73.00000
218.93750, 72.00000
219.43750, 70.00000
219.93750, 66.00000
220.43750, 67.00000
occurrence20
219.43750, 70.00000
219.93750, 66.00000
220.43750, 67.00000
220.93750, 70.00000
221.43750, 67.00000
221.93750, 69.00000
222.43750, 66.00000
222.93750, 61.00000
223.43750, 58.00000
223.93750, 68.00000
224.93750, 58.00000
225.28125, 61.00000
225.62500, 65.00000
225.93750, 68.00000
226.43750, 65.00000
occurrence21
219.93750, 66.00000
220.43750, 67.00000
220.93750, 70.00000
221.43750, 67.00000
221.93750, 69.00000
222.43750, 66.00000
222.93750, 61.00000
223.43750, 58.00000
223.93750, 68.00000
224.93750, 58.00000
225.28125, 61.00000
225.62500, 65.00000
225.93750, 68.00000
226.43750, 65.00000
226.93750, 61.00000
occurrence22
245.93750, 74.00000
246.43750, 73.00000
248.93750, 71.00000
249.43750, 68.00000
249.93750, 72.00000
251.43750, 75.00000
251.68750, 72.00000
251.93750, 70.00000
252.43750, 69.00000
252.93750, 68.00000
occurrence23
252.43750, 69.00000
252.93750, 68.00000
253.43750, 66.00000
253.93750, 63.00000
254.43750, 60.00000
254.93750, 68.00000
255.12500, 70.00000
255.28125, 68.00000
255.43750, 66.00000
255.93750, 65.00000
256.43750, 61.00000
256.93750, 58.00000
257.43750, 56.00000
257.93750, 63.00000
258.43750, 60.00000
258.93750, 61.00000
259.43750, 64.00000
occurrence24
265.43750, 77.00000
265.93750, 79.00000
266.43750, 77.00000
266.93750, 75.00000
267.43750, 72.00000
267.93750, 67.00000
268.43750, 63.00000
268.93750, 66.00000
270.43750, 64.00000
270.93750, 65.00000
271.28125, 68.00000
271.59375, 72.00000
271.93750, 75.00000
272.43750, 72.00000
occurrence25
265.93750, 79.00000
266.43750, 77.00000
266.93750, 75.00000
267.43750, 72.00000
267.93750, 67.00000
268.43750, 63.00000
268.93750, 66.00000
270.43750, 64.00000
270.93750, 65.00000
271.28125, 68.00000
271.59375, 72.00000
271.93750, 75.00000
272.43750, 72.00000
272.93750, 73.00000
occurrence26
266.43750, 77.00000
266.93750, 75.00000
267.43750, 72.00000
267.93750, 67.00000
268.43750, 63.00000
268.93750, 66.00000
270.43750, 64.00000
270.93750, 65.00000
271.28125, 68.00000
271.59375, 72.00000
271.93750, 75.00000
272.43750, 72.00000
272.93750, 73.00000
273.43750, 71.00000
occurrence27
280.93750, 60.00000
281.28125, 63.00000
281.59375, 67.00000
281.93750, 70.00000
282.43750, 67.00000
282.93750, 68.00000
283.43750, 70.00000
283.68750, 68.00000
283.93750, 67.00000
284.43750, 65.00000
284.93750, 63.00000
285.43750, 60.00000
285.93750, 61.00000
286.43750, 63.00000
286.68750, 61.00000
286.93750, 60.00000
287.43750, 58.00000
287.93750, 55.00000
pattern4
occurrence1
4.00000, 70.00000
4.50000, 69.00000
5.00000, 68.00000
5.50000, 65.00000
6.00000, 61.00000
occurrence2
4.50000, 69.00000
5.00000, 68.00000
5.50000, 65.00000
6.00000, 61.00000
6.50000, 60.00000
occurrence3
5.50000, 65.00000
6.00000, 61.00000
6.50000, 60.00000
7.00000, 58.00000
7.50000, 56.00000
occurrence4
54.50000, 75.00000
54.75000, 73.00000
55.00000, 72.00000
55.50000, 70.00000
56.00000, 68.00000
56.50000, 66.00000
occurrence5
55.00000, 72.00000
55.50000, 70.00000
56.00000, 68.00000
56.50000, 66.00000
57.00000, 63.00000
occurrence6
70.96875, 70.00000
71.46875, 67.00000
71.96875, 68.00000
72.46875, 65.00000
72.96875, 61.00000
occurrence7
71.96875, 68.00000
72.46875, 65.00000
72.96875, 61.00000
73.46875, 59.00000
73.96875, 60.00000
occurrence8
85.46875, 65.00000
85.96875, 61.00000
86.46875, 60.00000
86.96875, 58.00000
87.46875, 56.00000
occurrence9
106.46875, 75.00000
106.71875, 73.00000
106.96875, 72.00000
107.46875, 70.00000
107.96875, 68.00000
108.46875, 66.00000
occurrence10
106.96875, 72.00000
107.46875, 70.00000
107.96875, 68.00000
108.46875, 66.00000
108.96875, 63.00000
occurrence11
111.46875, 68.00000
111.71875, 66.00000
111.96875, 65.00000
112.46875, 56.00000
112.96875, 58.00000
113.46875, 59.00000
occurrence12
122.46875, 68.00000
124.46875, 59.00000
occurrence13
125.96875, 70.00000
126.46875, 67.00000
126.96875, 69.00000
127.46875, 66.00000
127.96875, 61.00000
occurrence14
126.46875, 67.00000
126.96875, 69.00000
127.46875, 66.00000
127.96875, 61.00000
128.46875, 58.00000
occurrence15
129.46875, 65.00000
129.96875, 61.00000
130.46875, 60.00000
130.96875, 58.00000
131.46875, 56.00000
occurrence16
155.96875, 70.00000
156.46875, 66.00000
156.96875, 63.00000
157.46875, 58.00000
157.96875, 61.00000
occurrence17
183.43750, 76.00000
183.68750, 73.00000
183.93750, 71.00000
184.43750, 69.00000
184.93750, 68.00000
185.12500, 69.00000
185.28125, 68.00000
185.43750, 66.00000
occurrence18
183.93750, 71.00000
184.43750, 69.00000
184.93750, 68.00000
185.12500, 69.00000
185.28125, 68.00000
185.43750, 66.00000
185.93750, 64.00000
occurrence19
184.43750, 69.00000
184.93750, 68.00000
185.12500, 69.00000
185.28125, 68.00000
185.43750, 66.00000
185.93750, 64.00000
186.43750, 59.00000
occurrence20
218.43750, 75.00000
218.68750, 73.00000
218.93750, 72.00000
219.43750, 70.00000
219.93750, 66.00000
220.43750, 67.00000
occurrence21
220.93750, 70.00000
221.43750, 67.00000
221.93750, 69.00000
222.43750, 66.00000
222.93750, 61.00000
occurrence22
221.43750, 67.00000
221.93750, 69.00000
222.43750, 66.00000
222.93750, 61.00000
223.43750, 58.00000
occurrence23
251.43750, 75.00000
251.68750, 72.00000
251.93750, 70.00000
252.43750, 69.00000
252.93750, 68.00000
253.43750, 66.00000
occurrence24
252.43750, 69.00000
252.93750, 68.00000
253.43750, 66.00000
253.93750, 63.00000
254.43750, 60.00000
occurrence25
266.93750, 75.00000
267.43750, 72.00000
267.93750, 67.00000
268.43750, 63.00000
268.93750, 66.00000
occurrence26
275.93750, 71.00000
276.43750, 70.00000
276.93750, 68.00000
277.09375, 70.00000
277.28125, 68.00000
277.43750, 65.00000
277.93750, 64.00000
pattern5
occurrence1
9.50000, 60.00000
10.00000, 61.00000
10.34375, 63.00000
10.65625, 61.00000
11.00000, 60.00000
11.50000, 58.00000
12.00000, 56.00000
occurrence2
11.00000, 60.00000
11.50000, 58.00000
12.00000, 56.00000
12.50000, 55.00000
13.00000, 54.00000
13.50000, 56.00000
occurrence3
15.00000, 63.00000
15.50000, 62.00000
16.00000, 61.00000
16.50000, 56.00000
17.00000, 58.00000
17.50000, 59.00000
occurrence4
31.00000, 60.00000
31.50000, 58.00000
32.00000, 57.00000
32.50000, 58.00000
33.00000, 60.00000
33.50000, 57.00000
occurrence5
36.00000, 61.00000
36.50000, 60.00000
37.00000, 58.00000
37.50000, 56.00000
38.00000, 55.00000
38.50000, 58.00000
occurrence6
53.50000, 72.00000
54.00000, 73.00000
54.50000, 75.00000
54.75000, 73.00000
55.00000, 72.00000
55.50000, 70.00000
56.00000, 68.00000
occurrence7
81.96875, 73.00000
83.46875, 72.00000
84.12500, 73.00000
84.31250, 72.00000
84.46875, 70.00000
occurrence8
101.96875, 75.00000
102.96875, 77.00000
103.46875, 71.00000
104.46875, 72.00000
occurrence9
105.46875, 72.00000
105.96875, 73.00000
106.46875, 75.00000
106.71875, 73.00000
106.96875, 72.00000
107.46875, 70.00000
107.96875, 68.00000
occurrence10
126.96875, 69.00000
127.46875, 66.00000
127.96875, 61.00000
128.46875, 58.00000
128.96875, 68.00000
129.12500, 70.00000
129.28125, 68.00000
129.46875, 65.00000
occurrence11
129.96875, 61.00000
130.46875, 60.00000
130.96875, 58.00000
131.46875, 56.00000
131.96875, 55.00000
132.46875, 58.00000
occurrence12
146.46875, 73.00000
147.46875, 71.00000
147.96875, 71.00000
148.12500, 72.00000
148.28125, 71.00000
148.46875, 68.00000
148.96875, 70.00000
occurrence13
177.43750, 72.00000
177.68750, 75.00000
177.93750, 73.00000
178.43750, 72.00000
178.93750, 70.00000
179.43750, 69.00000
179.93750, 68.00000
occurrence14
185.43750, 66.00000
185.93750, 64.00000
186.43750, 59.00000
186.93750, 61.00000
187.43750, 64.00000
187.93750, 63.00000
occurrence15
185.93750, 64.00000
186.43750, 59.00000
186.93750, 61.00000
187.43750, 64.00000
187.93750, 63.00000
188.43750, 60.00000
occurrence16
187.43750, 64.00000
187.93750, 63.00000
188.43750, 60.00000
188.93750, 61.00000
189.43750, 59.00000
189.93750, 60.00000
occurrence17
200.93750, 72.00000
201.43750, 73.00000
201.93750, 72.00000
202.43750, 71.00000
202.93750, 70.00000
203.43750, 69.00000
occurrence18
223.93750, 68.00000
224.93750, 58.00000
225.28125, 61.00000
225.62500, 65.00000
225.93750, 68.00000
226.43750, 65.00000
occurrence19
231.43750, 64.00000
231.93750, 63.00000
232.43750, 56.00000
232.93750, 61.00000
233.43750, 58.00000
233.93750, 60.00000
occurrence20
249.93750, 72.00000
251.43750, 75.00000
251.68750, 72.00000
251.93750, 70.00000
252.43750, 69.00000
occurrence21
255.43750, 66.00000
255.93750, 65.00000
256.43750, 61.00000
256.93750, 58.00000
257.43750, 56.00000
257.93750, 63.00000
occurrence22
267.93750, 67.00000
268.43750, 63.00000
268.93750, 66.00000
270.43750, 64.00000
occurrence23
282.43750, 67.00000
282.93750, 68.00000
283.43750, 70.00000
283.68750, 68.00000
283.93750, 67.00000
284.43750, 65.00000
284.93750, 63.00000
occurrence24
283.93750, 67.00000
284.43750, 65.00000
284.93750, 63.00000
285.43750, 60.00000
285.93750, 61.00000
286.43750, 63.00000
occurrence25
287.93750, 55.00000
288.43750, 56.00000
288.93750, 58.00000
289.43750, 55.00000
289.93750, 56.00000
290.43750, 51.00000
pattern6
occurrence1
10.34375, 63.00000
10.65625, 61.00000
11.00000, 60.00000
11.50000, 58.00000
12.00000, 56.00000
12.50000, 55.00000
13.00000, 54.00000
13.50000, 56.00000
14.00000, 65.00000
14.50000, 64.00000
15.00000, 63.00000
15.50000, 62.00000
16.00000, 61.00000
16.50000, 56.00000
17.00000, 58.00000
17.50000, 59.00000
19.50000, 68.00000
20.50000, 58.00000
21.00000, 59.00000
23.50000, 68.00000
24.50000, 59.00000
25.00000, 60.00000
29.00000, 67.00000
29.15625, 68.00000
29.34375, 67.00000
occurrence2
11.00000, 60.00000
11.50000, 58.00000
12.00000, 56.00000
12.50000, 55.00000
13.00000, 54.00000
13.50000, 56.00000
14.00000, 65.00000
14.50000, 64.00000
15.00000, 63.00000
15.50000, 62.00000
16.00000, 61.00000
16.50000, 56.00000
17.00000, 58.00000
17.50000, 59.00000
19.50000, 68.00000
20.50000, 58.00000
21.00000, 59.00000
23.50000, 68.00000
24.50000, 59.00000
25.00000, 60.00000
29.00000, 67.00000
29.15625, 68.00000
29.34375, 67.00000
29.50000, 65.00000
30.00000, 63.00000
occurrence3
11.50000, 58.00000
12.00000, 56.00000
12.50000, 55.00000
13.00000, 54.00000
13.50000, 56.00000
14.00000, 65.00000
14.50000, 64.00000
15.00000, 63.00000
15.50000, 62.00000
16.00000, 61.00000
16.50000, 56.00000
17.00000, 58.00000
17.50000, 59.00000
19.50000, 68.00000
20.50000, 58.00000
21.00000, 59.00000
23.50000, 68.00000
24.50000, 59.00000
25.00000, 60.00000
29.00000, 67.00000
29.15625, 68.00000
29.34375, 67.00000
29.50000, 65.00000
30.00000, 63.00000
30.50000, 61.00000
occurrence4
12.00000, 56.00000
12.50000, 55.00000
13.00000, 54.00000
13.50000, 56.00000
14.00000, 65.00000
14.50000, 64.00000
15.00000, 63.00000
15.50000, 62.00000
16.00000, 61.00000
16.50000, 56.00000
17.00000, 58.00000
17.50000, 59.00000
19.50000, 68.00000
20.50000, 58.00000
21.00000, 59.00000
23.50000, 68.00000
24.50000, 59.00000
25.00000, 60.00000
29.00000, 67.00000
29.15625, 68.00000
29.34375, 67.00000
29.50000, 65.00000
30.00000, 63.00000
30.50000, 61.00000
31.00000, 60.00000
occurrence5
12.50000, 55.00000
13.00000, 54.00000
13.50000, 56.00000
14.00000, 65.00000
14.50000, 64.00000
15.00000, 63.00000
15.50000, 62.00000
16.00000, 61.00000
16.50000, 56.00000
17.00000, 58.00000
17.50000, 59.00000
19.50000, 68.00000
20.50000, 58.00000
21.00000, 59.00000
23.50000, 68.00000
24.50000, 59.00000
25.00000, 60.00000
29.00000, 67.00000
29.15625, 68.00000
29.34375, 67.00000
29.50000, 65.00000
30.00000, 63.00000
30.50000, 61.00000
31.00000, 60.00000
31.50000, 58.00000
occurrence6
16.00000, 61.00000
16.50000, 56.00000
17.00000, 58.00000
17.50000, 59.00000
19.50000, 68.00000
20.50000, 58.00000
21.00000, 59.00000
23.50000, 68.00000
24.50000, 59.00000
25.00000, 60.00000
29.00000, 67.00000
29.15625, 68.00000
29.34375, 67.00000
29.50000, 65.00000
30.00000, 63.00000
30.50000, 61.00000
31.00000, 60.00000
31.50000, 58.00000
32.00000, 57.00000
32.50000, 58.00000
33.00000, 60.00000
33.50000, 57.00000
34.00000, 58.00000
34.50000, 72.00000
34.65625, 70.00000
34.81250, 68.00000
35.00000, 65.00000
occurrence7
17.00000, 58.00000
17.50000, 59.00000
19.50000, 68.00000
20.50000, 58.00000
21.00000, 59.00000
23.50000, 68.00000
24.50000, 59.00000
25.00000, 60.00000
29.00000, 67.00000
29.15625, 68.00000
29.34375, 67.00000
29.50000, 65.00000
30.00000, 63.00000
30.50000, 61.00000
31.00000, 60.00000
31.50000, 58.00000
32.00000, 57.00000
32.50000, 58.00000
33.00000, 60.00000
33.50000, 57.00000
34.00000, 58.00000
34.50000, 72.00000
34.65625, 70.00000
34.81250, 68.00000
35.00000, 65.00000
35.50000, 63.00000
36.00000, 61.00000
occurrence8
21.00000, 59.00000
23.50000, 68.00000
24.50000, 59.00000
25.00000, 60.00000
29.00000, 67.00000
29.15625, 68.00000
29.34375, 67.00000
29.50000, 65.00000
30.00000, 63.00000
30.50000, 61.00000
31.00000, 60.00000
31.50000, 58.00000
32.00000, 57.00000
32.50000, 58.00000
33.00000, 60.00000
33.50000, 57.00000
34.00000, 58.00000
34.50000, 72.00000
34.65625, 70.00000
34.81250, 68.00000
35.00000, 65.00000
35.50000, 63.00000
36.00000, 61.00000
36.50000, 60.00000
37.00000, 58.00000
37.50000, 56.00000
38.00000, 55.00000
38.50000, 58.00000
39.00000, 61.00000
39.50000, 64.00000
40.00000, 63.00000
occurrence9
40.50000, 61.00000
41.00000, 60.00000
41.31250, 63.00000
41.65625, 67.00000
42.00000, 68.00000
42.50000, 63.00000
47.50000, 71.00000
48.00000, 72.00000
49.00000, 75.00000
50.00000, 79.00000
51.00000, 80.00000
51.50000, 75.00000
53.50000, 72.00000
54.00000, 73.00000
54.50000, 75.00000
54.75000, 73.00000
55.00000, 72.00000
55.50000, 70.00000
56.00000, 68.00000
56.50000, 66.00000
57.00000, 63.00000
57.50000, 58.00000
58.00000, 61.00000
58.50000, 59.00000
59.00000, 60.00000
59.50000, 65.00000
occurrence10
42.50000, 63.00000
47.50000, 71.00000
48.00000, 72.00000
49.00000, 75.00000
50.00000, 79.00000
51.00000, 80.00000
51.50000, 75.00000
53.50000, 72.00000
54.00000, 73.00000
54.50000, 75.00000
54.75000, 73.00000
55.00000, 72.00000
55.50000, 70.00000
56.00000, 68.00000
56.50000, 66.00000
57.00000, 63.00000
57.50000, 58.00000
58.00000, 61.00000
58.50000, 59.00000
59.00000, 60.00000
59.50000, 65.00000
61.00000, 68.00000
61.15625, 70.00000
61.31250, 68.00000
61.50000, 66.00000
occurrence11
80.96875, 65.00000
81.21875, 68.00000
81.46875, 72.00000
81.71875, 75.00000
81.96875, 73.00000
83.46875, 72.00000
84.12500, 73.00000
84.31250, 72.00000
84.46875, 70.00000
84.96875, 68.00000
85.46875, 65.00000
85.96875, 61.00000
86.46875, 60.00000
86.96875, 58.00000
87.46875, 56.00000
87.96875, 55.00000
88.21875, 58.00000
88.46875, 61.00000
88.71875, 64.00000
88.96875, 63.00000
89.46875, 60.00000
89.96875, 61.00000
90.46875, 63.00000
95.46875, 68.00000
96.46875, 72.00000
97.46875, 77.00000
97.96875, 75.00000
98.96875, 77.00000
99.96875, 68.00000
occurrence12
81.96875, 73.00000
83.46875, 72.00000
84.12500, 73.00000
84.31250, 72.00000
84.46875, 70.00000
84.96875, 68.00000
85.46875, 65.00000
85.96875, 61.00000
86.46875, 60.00000
86.96875, 58.00000
87.46875, 56.00000
87.96875, 55.00000
88.21875, 58.00000
88.46875, 61.00000
88.71875, 64.00000
88.96875, 63.00000
89.46875, 60.00000
89.96875, 61.00000
90.46875, 63.00000
95.46875, 68.00000
96.46875, 72.00000
97.46875, 77.00000
97.96875, 75.00000
98.96875, 77.00000
99.96875, 68.00000
100.96875, 77.00000
occurrence13
128.96875, 68.00000
129.12500, 70.00000
129.28125, 68.00000
129.46875, 65.00000
129.96875, 61.00000
130.46875, 60.00000
130.96875, 58.00000
131.46875, 56.00000
131.96875, 55.00000
132.46875, 58.00000
132.96875, 61.00000
133.46875, 64.00000
133.96875, 63.00000
134.46875, 61.00000
134.96875, 60.00000
135.28125, 63.00000
135.62500, 67.00000
135.96875, 70.00000
136.46875, 68.00000
136.96875, 67.00000
137.46875, 68.00000
137.96875, 72.00000
138.46875, 63.00000
142.46875, 59.00000
142.96875, 60.00000
143.28125, 63.00000
143.62500, 67.00000
143.96875, 68.00000
145.46875, 74.00000
146.46875, 73.00000
147.46875, 71.00000
147.96875, 71.00000
occurrence14
129.28125, 68.00000
129.46875, 65.00000
129.96875, 61.00000
130.46875, 60.00000
130.96875, 58.00000
131.46875, 56.00000
131.96875, 55.00000
132.46875, 58.00000
132.96875, 61.00000
133.46875, 64.00000
133.96875, 63.00000
134.46875, 61.00000
134.96875, 60.00000
135.28125, 63.00000
135.62500, 67.00000
135.96875, 70.00000
136.46875, 68.00000
136.96875, 67.00000
137.46875, 68.00000
137.96875, 72.00000
138.46875, 63.00000
142.46875, 59.00000
142.96875, 60.00000
143.28125, 63.00000
143.62500, 67.00000
143.96875, 68.00000
145.46875, 74.00000
146.46875, 73.00000
147.46875, 71.00000
147.96875, 71.00000
148.12500, 72.00000
148.28125, 71.00000
occurrence15
129.46875, 65.00000
129.96875, 61.00000
130.46875, 60.00000
130.96875, 58.00000
131.46875, 56.00000
131.96875, 55.00000
132.46875, 58.00000
132.96875, 61.00000
133.46875, 64.00000
133.96875, 63.00000
134.46875, 61.00000
134.96875, 60.00000
135.28125, 63.00000
135.62500, 67.00000
135.96875, 70.00000
136.46875, 68.00000
136.96875, 67.00000
137.46875, 68.00000
137.96875, 72.00000
138.46875, 63.00000
142.46875, 59.00000
142.96875, 60.00000
143.28125, 63.00000
143.62500, 67.00000
143.96875, 68.00000
145.46875, 74.00000
146.46875, 73.00000
147.46875, 71.00000
147.96875, 71.00000
148.12500, 72.00000
148.28125, 71.00000
148.46875, 68.00000
occurrence16
134.96875, 60.00000
135.28125, 63.00000
135.62500, 67.00000
135.96875, 70.00000
136.46875, 68.00000
136.96875, 67.00000
137.46875, 68.00000
137.96875, 72.00000
138.46875, 63.00000
142.46875, 59.00000
142.96875, 60.00000
143.28125, 63.00000
143.62500, 67.00000
143.96875, 68.00000
145.46875, 74.00000
146.46875, 73.00000
147.46875, 71.00000
147.96875, 71.00000
148.12500, 72.00000
148.28125, 71.00000
148.46875, 68.00000
148.96875, 70.00000
149.46875, 68.00000
150.46875, 66.00000
151.46875, 65.00000
151.96875, 64.00000
152.46875, 59.00000
152.96875, 61.00000
153.46875, 64.00000
153.96875, 63.00000
occurrence17
136.96875, 67.00000
137.46875, 68.00000
137.96875, 72.00000
138.46875, 63.00000
142.46875, 59.00000
142.96875, 60.00000
143.28125, 63.00000
143.62500, 67.00000
143.96875, 68.00000
145.46875, 74.00000
146.46875, 73.00000
147.46875, 71.00000
147.96875, 71.00000
148.12500, 72.00000
148.28125, 71.00000
148.46875, 68.00000
148.96875, 70.00000
149.46875, 68.00000
150.46875, 66.00000
151.46875, 65.00000
151.96875, 64.00000
152.46875, 59.00000
152.96875, 61.00000
153.46875, 64.00000
153.96875, 63.00000
154.46875, 61.00000
154.96875, 60.00000
155.28125, 63.00000
155.62500, 68.00000
155.96875, 70.00000
occurrence18
161.93750, 63.00000
162.43750, 60.00000
162.93750, 61.00000
163.43750, 59.00000
168.43750, 60.00000
168.93750, 67.00000
169.28125, 68.00000
169.62500, 69.00000
169.93750, 70.00000
170.43750, 68.00000
170.93750, 67.00000
171.18750, 68.00000
171.43750, 70.00000
171.68750, 72.00000
171.93750, 75.00000
172.43750, 72.00000
176.43750, 58.00000
176.68750, 61.00000
176.93750, 65.00000
177.18750, 68.00000
177.43750, 72.00000
177.68750, 75.00000
177.93750, 73.00000
178.43750, 72.00000
178.93750, 70.00000
179.43750, 69.00000
179.93750, 68.00000
180.43750, 66.00000
180.93750, 67.00000
occurrence19
168.43750, 60.00000
168.93750, 67.00000
169.28125, 68.00000
169.62500, 69.00000
169.93750, 70.00000
170.43750, 68.00000
170.93750, 67.00000
171.18750, 68.00000
171.43750, 70.00000
171.68750, 72.00000
171.93750, 75.00000
172.43750, 72.00000
176.43750, 58.00000
176.68750, 61.00000
176.93750, 65.00000
177.18750, 68.00000
177.43750, 72.00000
177.68750, 75.00000
177.93750, 73.00000
178.43750, 72.00000
178.93750, 70.00000
179.43750, 69.00000
179.93750, 68.00000
180.43750, 66.00000
180.93750, 67.00000
181.28125, 70.00000
181.62500, 73.00000
181.93750, 78.00000
183.43750, 76.00000
183.68750, 73.00000
183.93750, 71.00000
184.43750, 69.00000
184.93750, 68.00000
185.12500, 69.00000
185.28125, 68.00000
185.43750, 66.00000
185.93750, 64.00000
186.43750, 59.00000
186.93750, 61.00000
187.43750, 64.00000
occurrence20
188.93750, 61.00000
189.43750, 59.00000
189.93750, 60.00000
190.93750, 63.00000
191.43750, 68.00000
193.93750, 63.00000
194.93750, 68.00000
195.93750, 70.00000
197.43750, 63.00000
199.93750, 72.00000
200.93750, 72.00000
201.43750, 73.00000
201.93750, 72.00000
202.43750, 71.00000
202.93750, 70.00000
203.43750, 69.00000
203.93750, 68.00000
204.43750, 66.00000
204.93750, 63.00000
205.43750, 58.00000
205.93750, 61.00000
206.43750, 59.00000
206.93750, 60.00000
207.43750, 68.00000
207.68750, 66.00000
207.93750, 65.00000
occurrence21
212.43750, 60.00000
212.68750, 61.00000
212.93750, 65.00000
213.18750, 68.00000
213.43750, 72.00000
213.68750, 75.00000
213.93750, 73.00000
215.43750, 60.00000
215.93750, 72.00000
216.28125, 73.00000
216.62500, 74.00000
216.93750, 75.00000
217.43750, 72.00000
217.93750, 73.00000
218.43750, 75.00000
218.68750, 73.00000
218.93750, 72.00000
219.43750, 70.00000
219.93750, 66.00000
220.43750, 67.00000
220.93750, 70.00000
221.43750, 67.00000
221.93750, 69.00000
222.43750, 66.00000
222.93750, 61.00000
223.43750, 58.00000
223.93750, 68.00000
224.93750, 58.00000
225.28125, 61.00000
225.62500, 65.00000
225.93750, 68.00000
226.43750, 65.00000
226.93750, 61.00000
227.43750, 58.00000
227.93750, 68.00000
228.43750, 72.00000
229.93750, 68.00000
230.43750, 66.00000
230.93750, 65.00000
231.43750, 64.00000
occurrence22
229.93750, 68.00000
230.43750, 66.00000
230.93750, 65.00000
231.43750, 64.00000
231.93750, 63.00000
232.43750, 56.00000
232.93750, 61.00000
233.43750, 58.00000
233.93750, 60.00000
238.43750, 64.00000
238.93750, 65.00000
239.28125, 68.00000
239.62500, 72.00000
239.93750, 75.00000
241.43750, 72.00000
241.93750, 73.00000
242.43750, 75.00000
244.93750, 68.00000
245.28125, 68.00000
245.62500, 68.00000
245.93750, 74.00000
246.43750, 73.00000
248.93750, 71.00000
occurrence23
244.93750, 68.00000
245.28125, 68.00000
245.62500, 68.00000
245.93750, 74.00000
246.43750, 73.00000
248.93750, 71.00000
249.43750, 68.00000
249.93750, 72.00000
251.43750, 75.00000
251.68750, 72.00000
251.93750, 70.00000
252.43750, 69.00000
252.93750, 68.00000
253.43750, 66.00000
253.93750, 63.00000
254.43750, 60.00000
254.93750, 68.00000
255.12500, 70.00000
255.28125, 68.00000
255.43750, 66.00000
255.93750, 65.00000
256.43750, 61.00000
256.93750, 58.00000
257.43750, 56.00000
257.93750, 63.00000
258.43750, 60.00000
258.93750, 61.00000
259.43750, 64.00000
263.93750, 72.00000
occurrence24
246.43750, 73.00000
248.93750, 71.00000
249.43750, 68.00000
249.93750, 72.00000
251.43750, 75.00000
251.68750, 72.00000
251.93750, 70.00000
252.43750, 69.00000
252.93750, 68.00000
253.43750, 66.00000
253.93750, 63.00000
254.43750, 60.00000
254.93750, 68.00000
255.12500, 70.00000
255.28125, 68.00000
255.43750, 66.00000
255.93750, 65.00000
256.43750, 61.00000
256.93750, 58.00000
257.43750, 56.00000
257.93750, 63.00000
258.43750, 60.00000
258.93750, 61.00000
259.43750, 64.00000
263.93750, 72.00000
264.43750, 75.00000
265.43750, 77.00000
pattern7
occurrence1
6.00000, 61.00000
6.50000, 60.00000
7.00000, 58.00000
7.50000, 56.00000
8.00000, 55.00000
8.34375, 58.00000
8.65625, 64.00000
9.00000, 63.00000
9.50000, 60.00000
10.00000, 61.00000
10.34375, 63.00000
10.65625, 61.00000
11.00000, 60.00000
11.50000, 58.00000
12.00000, 56.00000
12.50000, 55.00000
13.00000, 54.00000
13.50000, 56.00000
14.00000, 65.00000
occurrence2
6.50000, 60.00000
7.00000, 58.00000
7.50000, 56.00000
8.00000, 55.00000
8.34375, 58.00000
8.65625, 64.00000
9.00000, 63.00000
9.50000, 60.00000
10.00000, 61.00000
10.34375, 63.00000
10.65625, 61.00000
11.00000, 60.00000
11.50000, 58.00000
12.00000, 56.00000
12.50000, 55.00000
13.00000, 54.00000
13.50000, 56.00000
14.00000, 65.00000
14.50000, 64.00000
occurrence3
12.50000, 55.00000
13.00000, 54.00000
13.50000, 56.00000
14.00000, 65.00000
14.50000, 64.00000
15.00000, 63.00000
15.50000, 62.00000
16.00000, 61.00000
16.50000, 56.00000
17.00000, 58.00000
17.50000, 59.00000
19.50000, 68.00000
20.50000, 58.00000
occurrence4
16.50000, 56.00000
17.00000, 58.00000
17.50000, 59.00000
19.50000, 68.00000
20.50000, 58.00000
21.00000, 59.00000
23.50000, 68.00000
24.50000, 59.00000
occurrence5
32.50000, 58.00000
33.00000, 60.00000
33.50000, 57.00000
34.00000, 58.00000
34.50000, 72.00000
34.65625, 70.00000
34.81250, 68.00000
35.00000, 65.00000
35.50000, 63.00000
36.00000, 61.00000
36.50000, 60.00000
37.00000, 58.00000
37.50000, 56.00000
38.00000, 55.00000
38.50000, 58.00000
39.00000, 61.00000
39.50000, 64.00000
40.00000, 63.00000
40.50000, 61.00000
occurrence6
62.00000, 64.00000
62.50000, 60.00000
63.00000, 58.00000
63.50000, 57.00000
64.00000, 56.00000
64.50000, 54.00000
65.00000, 53.00000
65.25000, 56.00000
65.50000, 60.00000
65.75000, 63.00000
66.00000, 61.00000
66.50000, 56.00000
67.00000, 58.00000
67.50000, 59.00000
70.00000, 67.00000
occurrence7
72.96875, 61.00000
73.46875, 59.00000
73.96875, 60.00000
74.46875, 63.00000
80.46875, 58.00000
80.71875, 60.00000
80.96875, 65.00000
occurrence8
80.46875, 58.00000
80.71875, 60.00000
80.96875, 65.00000
81.21875, 68.00000
81.46875, 72.00000
81.71875, 75.00000
81.96875, 73.00000
83.46875, 72.00000
84.12500, 73.00000
84.31250, 72.00000
84.46875, 70.00000
84.96875, 68.00000
85.46875, 65.00000
85.96875, 61.00000
86.46875, 60.00000
86.96875, 58.00000
87.46875, 56.00000
87.96875, 55.00000
88.21875, 58.00000
88.46875, 61.00000
occurrence9
80.71875, 60.00000
80.96875, 65.00000
81.21875, 68.00000
81.46875, 72.00000
81.71875, 75.00000
81.96875, 73.00000
83.46875, 72.00000
84.12500, 73.00000
84.31250, 72.00000
84.46875, 70.00000
84.96875, 68.00000
85.46875, 65.00000
85.96875, 61.00000
86.46875, 60.00000
86.96875, 58.00000
87.46875, 56.00000
87.96875, 55.00000
88.21875, 58.00000
88.46875, 61.00000
88.71875, 64.00000
occurrence10
95.46875, 68.00000
96.46875, 72.00000
97.46875, 77.00000
97.96875, 75.00000
98.96875, 77.00000
99.96875, 68.00000
100.96875, 77.00000
101.46875, 77.00000
101.96875, 75.00000
102.96875, 77.00000
103.46875, 71.00000
occurrence11
129.46875, 65.00000
129.96875, 61.00000
130.46875, 60.00000
130.96875, 58.00000
131.46875, 56.00000
131.96875, 55.00000
132.46875, 58.00000
132.96875, 61.00000
133.46875, 64.00000
133.96875, 63.00000
134.46875, 61.00000
134.96875, 60.00000
135.28125, 63.00000
135.62500, 67.00000
135.96875, 70.00000
136.46875, 68.00000
136.96875, 67.00000
137.46875, 68.00000
occurrence12
130.46875, 60.00000
130.96875, 58.00000
131.46875, 56.00000
131.96875, 55.00000
132.46875, 58.00000
132.96875, 61.00000
133.46875, 64.00000
133.96875, 63.00000
134.46875, 61.00000
134.96875, 60.00000
135.28125, 63.00000
135.62500, 67.00000
135.96875, 70.00000
136.46875, 68.00000
136.96875, 67.00000
137.46875, 68.00000
137.96875, 72.00000
138.46875, 63.00000
occurrence13
169.93750, 70.00000
170.43750, 68.00000
170.93750, 67.00000
171.18750, 68.00000
171.43750, 70.00000
171.68750, 72.00000
171.93750, 75.00000
172.43750, 72.00000
176.43750, 58.00000
176.68750, 61.00000
176.93750, 65.00000
177.18750, 68.00000
177.43750, 72.00000
177.68750, 75.00000
177.93750, 73.00000
occurrence14
170.43750, 68.00000
170.93750, 67.00000
171.18750, 68.00000
171.43750, 70.00000
171.68750, 72.00000
171.93750, 75.00000
172.43750, 72.00000
176.43750, 58.00000
176.68750, 61.00000
176.93750, 65.00000
177.18750, 68.00000
177.43750, 72.00000
177.68750, 75.00000
177.93750, 73.00000
178.43750, 72.00000
occurrence15
170.93750, 67.00000
171.18750, 68.00000
171.43750, 70.00000
171.68750, 72.00000
171.93750, 75.00000
172.43750, 72.00000
176.43750, 58.00000
176.68750, 61.00000
176.93750, 65.00000
177.18750, 68.00000
177.43750, 72.00000
177.68750, 75.00000
177.93750, 73.00000
178.43750, 72.00000
178.93750, 70.00000
occurrence16
176.93750, 65.00000
177.18750, 68.00000
177.43750, 72.00000
177.68750, 75.00000
177.93750, 73.00000
178.43750, 72.00000
178.93750, 70.00000
179.43750, 69.00000
179.93750, 68.00000
180.43750, 66.00000
180.93750, 67.00000
181.28125, 70.00000
181.62500, 73.00000
181.93750, 78.00000
183.43750, 76.00000
183.68750, 73.00000
183.93750, 71.00000
184.43750, 69.00000
184.93750, 68.00000
occurrence17
189.43750, 59.00000
189.93750, 60.00000
190.93750, 63.00000
191.43750, 68.00000
193.93750, 63.00000
194.93750, 68.00000
195.93750, 70.00000
197.43750, 63.00000
occurrence18
211.93750, 63.00000
212.18750, 61.00000
212.43750, 60.00000
212.68750, 61.00000
212.93750, 65.00000
213.18750, 68.00000
213.43750, 72.00000
213.68750, 75.00000
213.93750, 73.00000
215.43750, 60.00000
215.93750, 72.00000
216.28125, 73.00000
216.62500, 74.00000
216.93750, 75.00000
217.43750, 72.00000
217.93750, 73.00000
218.43750, 75.00000
218.68750, 73.00000
218.93750, 72.00000
219.43750, 70.00000
219.93750, 66.00000
occurrence19
222.93750, 61.00000
223.43750, 58.00000
223.93750, 68.00000
224.93750, 58.00000
225.28125, 61.00000
225.62500, 65.00000
225.93750, 68.00000
226.43750, 65.00000
226.93750, 61.00000
227.43750, 58.00000
227.93750, 68.00000
228.43750, 72.00000
229.93750, 68.00000
230.43750, 66.00000
230.93750, 65.00000
occurrence20
224.93750, 58.00000
225.28125, 61.00000
225.62500, 65.00000
225.93750, 68.00000
226.43750, 65.00000
226.93750, 61.00000
227.43750, 58.00000
227.93750, 68.00000
228.43750, 72.00000
229.93750, 68.00000
230.43750, 66.00000
230.93750, 65.00000
231.43750, 64.00000
231.93750, 63.00000
232.43750, 56.00000
232.93750, 61.00000
occurrence21
263.93750, 72.00000
264.43750, 75.00000
265.43750, 77.00000
265.93750, 79.00000
266.43750, 77.00000
266.93750, 75.00000
267.43750, 72.00000
267.93750, 67.00000
268.43750, 63.00000
268.93750, 66.00000
270.43750, 64.00000
270.93750, 65.00000
271.28125, 68.00000
271.59375, 72.00000
271.93750, 75.00000
occurrence22
278.43750, 59.00000
278.93750, 61.00000
279.43750, 64.00000
279.93750, 63.00000
280.43750, 61.00000
280.93750, 60.00000
281.28125, 63.00000
281.59375, 67.00000
281.93750, 70.00000
282.43750, 67.00000
282.93750, 68.00000
283.43750, 70.00000
283.68750, 68.00000
283.93750, 67.00000
284.43750, 65.00000
284.93750, 63.00000
285.43750, 60.00000
285.93750, 61.00000
286.43750, 63.00000
pattern8
occurrence1
30.50000, 61.00000
31.00000, 60.00000
31.50000, 58.00000
32.00000, 57.00000
32.50000, 58.00000
33.00000, 60.00000
33.50000, 57.00000
34.00000, 58.00000
34.50000, 72.00000
34.65625, 70.00000
34.81250, 68.00000
35.00000, 65.00000
35.50000, 63.00000
36.00000, 61.00000
36.50000, 60.00000
37.00000, 58.00000
37.50000, 56.00000
38.00000, 55.00000
38.50000, 58.00000
39.00000, 61.00000
39.50000, 64.00000
40.00000, 63.00000
40.50000, 61.00000
41.00000, 60.00000
41.31250, 63.00000
41.65625, 67.00000
42.00000, 68.00000
42.50000, 63.00000
occurrence2
73.96875, 60.00000
74.46875, 63.00000
80.46875, 58.00000
80.71875, 60.00000
80.96875, 65.00000
81.21875, 68.00000
81.46875, 72.00000
81.71875, 75.00000
81.96875, 73.00000
83.46875, 72.00000
84.12500, 73.00000
84.31250, 72.00000
84.46875, 70.00000
84.96875, 68.00000
85.46875, 65.00000
85.96875, 61.00000
occurrence3
84.46875, 70.00000
84.96875, 68.00000
85.46875, 65.00000
85.96875, 61.00000
86.46875, 60.00000
86.96875, 58.00000
87.46875, 56.00000
87.96875, 55.00000
88.21875, 58.00000
88.46875, 61.00000
88.71875, 64.00000
88.96875, 63.00000
89.46875, 60.00000
89.96875, 61.00000
90.46875, 63.00000
95.46875, 68.00000
96.46875, 72.00000
occurrence4
95.46875, 68.00000
96.46875, 72.00000
97.46875, 77.00000
97.96875, 75.00000
98.96875, 77.00000
99.96875, 68.00000
100.96875, 77.00000
101.46875, 77.00000
101.96875, 75.00000
102.96875, 77.00000
103.46875, 71.00000
104.46875, 72.00000
104.96875, 75.00000
105.46875, 72.00000
105.96875, 73.00000
106.46875, 75.00000
106.71875, 73.00000
106.96875, 72.00000
107.46875, 70.00000
occurrence5
112.96875, 58.00000
113.46875, 59.00000
117.96875, 74.00000
118.21875, 73.00000
120.96875, 72.00000
121.12500, 73.00000
121.31250, 72.00000
121.46875, 68.00000
121.96875, 70.00000
122.46875, 68.00000
124.46875, 59.00000
124.96875, 60.00000
occurrence6
125.96875, 70.00000
126.46875, 67.00000
126.96875, 69.00000
127.46875, 66.00000
127.96875, 61.00000
128.46875, 58.00000
128.96875, 68.00000
129.12500, 70.00000
129.28125, 68.00000
129.46875, 65.00000
129.96875, 61.00000
130.46875, 60.00000
130.96875, 58.00000
131.46875, 56.00000
131.96875, 55.00000
132.46875, 58.00000
132.96875, 61.00000
133.46875, 64.00000
133.96875, 63.00000
134.46875, 61.00000
134.96875, 60.00000
135.28125, 63.00000
135.62500, 67.00000
135.96875, 70.00000
136.46875, 68.00000
136.96875, 67.00000
137.46875, 68.00000
137.96875, 72.00000
occurrence7
130.96875, 58.00000
131.46875, 56.00000
131.96875, 55.00000
132.46875, 58.00000
132.96875, 61.00000
133.46875, 64.00000
133.96875, 63.00000
134.46875, 61.00000
134.96875, 60.00000
135.28125, 63.00000
135.62500, 67.00000
135.96875, 70.00000
136.46875, 68.00000
136.96875, 67.00000
137.46875, 68.00000
137.96875, 72.00000
138.46875, 63.00000
142.46875, 59.00000
142.96875, 60.00000
occurrence8
135.96875, 70.00000
136.46875, 68.00000
136.96875, 67.00000
137.46875, 68.00000
137.96875, 72.00000
138.46875, 63.00000
142.46875, 59.00000
142.96875, 60.00000
143.28125, 63.00000
143.62500, 67.00000
143.96875, 68.00000
145.46875, 74.00000
146.46875, 73.00000
147.46875, 71.00000
147.96875, 71.00000
occurrence9
142.46875, 59.00000
142.96875, 60.00000
143.28125, 63.00000
143.62500, 67.00000
143.96875, 68.00000
145.46875, 74.00000
146.46875, 73.00000
147.46875, 71.00000
147.96875, 71.00000
148.12500, 72.00000
148.28125, 71.00000
148.46875, 68.00000
148.96875, 70.00000
149.46875, 68.00000
150.46875, 66.00000
151.46875, 65.00000
151.96875, 64.00000
152.46875, 59.00000
152.96875, 61.00000
153.46875, 64.00000
153.96875, 63.00000
154.46875, 61.00000
occurrence10
143.62500, 67.00000
143.96875, 68.00000
145.46875, 74.00000
146.46875, 73.00000
147.46875, 71.00000
147.96875, 71.00000
148.12500, 72.00000
148.28125, 71.00000
148.46875, 68.00000
148.96875, 70.00000
149.46875, 68.00000
150.46875, 66.00000
151.46875, 65.00000
151.96875, 64.00000
152.46875, 59.00000
152.96875, 61.00000
153.46875, 64.00000
153.96875, 63.00000
154.46875, 61.00000
154.96875, 60.00000
155.28125, 63.00000
155.62500, 68.00000
occurrence11
143.96875, 68.00000
145.46875, 74.00000
146.46875, 73.00000
147.46875, 71.00000
147.96875, 71.00000
148.12500, 72.00000
148.28125, 71.00000
148.46875, 68.00000
148.96875, 70.00000
149.46875, 68.00000
150.46875, 66.00000
151.46875, 65.00000
151.96875, 64.00000
152.46875, 59.00000
152.96875, 61.00000
153.46875, 64.00000
153.96875, 63.00000
154.46875, 61.00000
154.96875, 60.00000
155.28125, 63.00000
155.62500, 68.00000
155.96875, 70.00000
occurrence12
169.28125, 68.00000
169.62500, 69.00000
169.93750, 70.00000
170.43750, 68.00000
170.93750, 67.00000
171.18750, 68.00000
171.43750, 70.00000
171.68750, 72.00000
171.93750, 75.00000
172.43750, 72.00000
176.43750, 58.00000
176.68750, 61.00000
176.93750, 65.00000
177.18750, 68.00000
177.43750, 72.00000
177.68750, 75.00000
177.93750, 73.00000
178.43750, 72.00000
178.93750, 70.00000
179.43750, 69.00000
179.93750, 68.00000
180.43750, 66.00000
180.93750, 67.00000
181.28125, 70.00000
occurrence13
171.68750, 72.00000
171.93750, 75.00000
172.43750, 72.00000
176.43750, 58.00000
176.68750, 61.00000
176.93750, 65.00000
177.18750, 68.00000
177.43750, 72.00000
177.68750, 75.00000
177.93750, 73.00000
178.43750, 72.00000
178.93750, 70.00000
179.43750, 69.00000
179.93750, 68.00000
180.43750, 66.00000
180.93750, 67.00000
181.28125, 70.00000
181.62500, 73.00000
181.93750, 78.00000
183.43750, 76.00000
183.68750, 73.00000
occurrence14
176.43750, 58.00000
176.68750, 61.00000
176.93750, 65.00000
177.18750, 68.00000
177.43750, 72.00000
177.68750, 75.00000
177.93750, 73.00000
178.43750, 72.00000
178.93750, 70.00000
179.43750, 69.00000
179.93750, 68.00000
180.43750, 66.00000
180.93750, 67.00000
181.28125, 70.00000
181.62500, 73.00000
181.93750, 78.00000
183.43750, 76.00000
183.68750, 73.00000
183.93750, 71.00000
184.43750, 69.00000
184.93750, 68.00000
185.12500, 69.00000
185.28125, 68.00000
185.43750, 66.00000
185.93750, 64.00000
186.43750, 59.00000
186.93750, 61.00000
187.43750, 64.00000
187.93750, 63.00000
188.43750, 60.00000
occurrence15
201.93750, 72.00000
202.43750, 71.00000
202.93750, 70.00000
203.43750, 69.00000
203.93750, 68.00000
204.43750, 66.00000
204.93750, 63.00000
205.43750, 58.00000
205.93750, 61.00000
206.43750, 59.00000
206.93750, 60.00000
207.43750, 68.00000
207.68750, 66.00000
207.93750, 65.00000
210.93750, 56.00000
211.18750, 58.00000
211.43750, 60.00000
211.68750, 61.00000
211.93750, 63.00000
212.18750, 61.00000
212.43750, 60.00000
212.68750, 61.00000
212.93750, 65.00000
213.18750, 68.00000
213.43750, 72.00000
213.68750, 75.00000
213.93750, 73.00000
occurrence16
207.43750, 68.00000
207.68750, 66.00000
207.93750, 65.00000
210.93750, 56.00000
211.18750, 58.00000
211.43750, 60.00000
211.68750, 61.00000
211.93750, 63.00000
212.18750, 61.00000
212.43750, 60.00000
212.68750, 61.00000
212.93750, 65.00000
213.18750, 68.00000
213.43750, 72.00000
213.68750, 75.00000
213.93750, 73.00000
215.43750, 60.00000
215.93750, 72.00000
216.28125, 73.00000
216.62500, 74.00000
216.93750, 75.00000
217.43750, 72.00000
217.93750, 73.00000
218.43750, 75.00000
218.68750, 73.00000
218.93750, 72.00000
219.43750, 70.00000
occurrence17
207.93750, 65.00000
210.93750, 56.00000
211.18750, 58.00000
211.43750, 60.00000
211.68750, 61.00000
211.93750, 63.00000
212.18750, 61.00000
212.43750, 60.00000
212.68750, 61.00000
212.93750, 65.00000
213.18750, 68.00000
213.43750, 72.00000
213.68750, 75.00000
213.93750, 73.00000
215.43750, 60.00000
215.93750, 72.00000
216.28125, 73.00000
216.62500, 74.00000
216.93750, 75.00000
217.43750, 72.00000
217.93750, 73.00000
218.43750, 75.00000
218.68750, 73.00000
218.93750, 72.00000
219.43750, 70.00000
219.93750, 66.00000
occurrence18
251.93750, 70.00000
252.43750, 69.00000
252.93750, 68.00000
253.43750, 66.00000
253.93750, 63.00000
254.43750, 60.00000
254.93750, 68.00000
255.12500, 70.00000
255.28125, 68.00000
255.43750, 66.00000
255.93750, 65.00000
256.43750, 61.00000
256.93750, 58.00000
257.43750, 56.00000
257.93750, 63.00000
258.43750, 60.00000
258.93750, 61.00000
259.43750, 64.00000
263.93750, 72.00000
occurrence19
255.93750, 65.00000
256.43750, 61.00000
256.93750, 58.00000
257.43750, 56.00000
257.93750, 63.00000
258.43750, 60.00000
258.93750, 61.00000
259.43750, 64.00000
263.93750, 72.00000
264.43750, 75.00000
265.43750, 77.00000
265.93750, 79.00000
266.43750, 77.00000
266.93750, 75.00000
267.43750, 72.00000
267.93750, 67.00000
occurrence20
256.43750, 61.00000
256.93750, 58.00000
257.43750, 56.00000
257.93750, 63.00000
258.43750, 60.00000
258.93750, 61.00000
259.43750, 64.00000
263.93750, 72.00000
264.43750, 75.00000
265.43750, 77.00000
265.93750, 79.00000
266.43750, 77.00000
266.93750, 75.00000
267.43750, 72.00000
267.93750, 67.00000
268.43750, 63.00000
pattern9
occurrence1
65.00000, 53.00000
65.25000, 56.00000
65.50000, 60.00000
65.75000, 63.00000
occurrence2
80.46875, 58.00000
80.71875, 60.00000
80.96875, 65.00000
81.21875, 68.00000
occurrence3
80.96875, 65.00000
81.21875, 68.00000
81.46875, 72.00000
81.71875, 75.00000
occurrence4
176.43750, 58.00000
176.68750, 61.00000
176.93750, 65.00000
177.18750, 68.00000
occurrence5
176.68750, 61.00000
176.93750, 65.00000
177.18750, 68.00000
177.43750, 72.00000
occurrence6
176.93750, 65.00000
177.18750, 68.00000
177.43750, 72.00000
177.68750, 75.00000
occurrence7
212.68750, 61.00000
212.93750, 65.00000
213.18750, 68.00000
213.43750, 72.00000
occurrence8
212.93750, 65.00000
213.18750, 68.00000
213.43750, 72.00000
213.68750, 75.00000
pattern10
occurrence1
31.50000, 58.00000
32.00000, 57.00000
32.50000, 58.00000
33.00000, 60.00000
occurrence2
57.50000, 58.00000
58.00000, 61.00000
58.50000, 59.00000
59.00000, 60.00000
occurrence3
72.96875, 61.00000
73.46875, 59.00000
73.96875, 60.00000
74.46875, 63.00000
occurrence4
104.46875, 72.00000
104.96875, 75.00000
105.46875, 72.00000
105.96875, 73.00000
occurrence5
109.46875, 58.00000
109.96875, 61.00000
110.46875, 59.00000
110.96875, 60.00000
occurrence6
127.46875, 66.00000
127.96875, 61.00000
128.46875, 58.00000
128.96875, 68.00000
occurrence7
157.46875, 58.00000
157.96875, 61.00000
158.46875, 59.00000
158.96875, 60.00000
occurrence8
168.93750, 67.00000
169.28125, 68.00000
169.62500, 69.00000
169.93750, 70.00000
170.43750, 68.00000
occurrence9
199.93750, 72.00000
200.93750, 72.00000
201.43750, 73.00000
occurrence10
205.43750, 58.00000
205.93750, 61.00000
206.43750, 59.00000
206.93750, 60.00000
occurrence11
220.43750, 67.00000
220.93750, 70.00000
221.43750, 67.00000
221.93750, 69.00000
occurrence12
222.43750, 66.00000
222.93750, 61.00000
223.43750, 58.00000
223.93750, 68.00000
occurrence13
253.43750, 66.00000
253.93750, 63.00000
254.43750, 60.00000
254.93750, 68.00000
occurrence14
256.43750, 61.00000
256.93750, 58.00000
257.43750, 56.00000
257.93750, 63.00000
occurrence15
256.93750, 58.00000
257.43750, 56.00000
257.93750, 63.00000
258.43750, 60.00000
