(3 69 65 3 1)
(3 66 63 3 1)
(3 60 60 3 1)
(6 59 59 3 1)
(6 69 65 1 1)
(6 62 61 3 1)
(7 67 64 4 1)
(11 66 63 1/2 1)
(23/2 64 62 1/2 1)
(12 62 61 2 1)
(14 61 60 1 1)
(15 59 59 2 1)
(17 57 58 1 1)
(18 57 58 3 1)
(21 62 61 3 1)
(21 57 58 3 1)
(24 64 62 2 1)
(24 61 60 2 1)
(26 66 63 1/2 1)
(26 62 61 1/2 1)
(53/2 67 64 1/2 1)
(53/2 64 62 1/2 1)
(27 66 63 1/2 1)
(27 62 61 1/2 1)
(33 72 67 3 1)
(33 81 72 3 1)
(36 81 72 1 1)
(36 71 66 3 1)
(37 79 71 4 1)
(39 67 64 3 1)
(41 78 70 1/2 1)
(83/2 76 69 1/2 1)
(42 74 68 2 1)
(42 67 64 3 1)
(44 73 67 1 1)
(45 71 66 2 1)
(45 67 64 3 1)
(47 69 65 1 1)
(48 66 63 3 1)
(48 69 65 3 1)
(51 69 65 3 1)
(51 74 68 3 1)
(54 73 67 2 1)
(54 76 69 2 1)
(56 74 68 1/2 1)
(56 78 70 1/2 1)
(113/2 76 69 1/2 1)
(113/2 79 71 1/2 1)
(57 78 70 1/2 1)
(57 74 68 1/2 1)
(60 57 58 4 1)
(60 62 61 3 1)
(64 59 59 1 1)
(64 64 62 1 1)
(65 66 63 1 1)
(65 60 60 1 1)
(66 62 61 3 1)
(66 69 65 1 1)
(67 67 64 4 1)
(71 66 63 2 1)
(71 60 60 1 1)
(72 59 59 3 1)
(73 64 62 1 1)
(74 62 61 2 1)
(76 61 60 1 1)
(77 57 58 3/2 1)
(157/2 62 61 1/2 1)
(79 66 63 1/2 1)
(159/2 69 65 1/2 1)
(80 74 68 1/2 1)
(161/2 78 70 1/2 1)
(81 81 72 1/2 1)
(163/2 78 70 1/2 1)
(82 74 68 16666667/50000000 1)
(10291667/125000 69 65 16666667/50000000 1)
(10333333/125000 66 63 16666667/50000000 1)
(83 69 65 16666667/50000000 1)
(10416667/125000 67 64 16666667/50000000 1)
(10458333/125000 64 62 16666667/50000000 1)
(84 62 61 4 1)
(84 74 68 3 1)
(88 64 62 1 1)
(88 76 69 1 1)
(89 66 63 1 1)
(89 78 70 1 1)
(90 69 65 1 1)
(90 81 72 1 1)
(91 79 71 2 1)
(91 67 64 4 1)
(95 66 63 2 1)
(95 78 70 1 1)
(97 76 69 1 1)
(97 64 62 1 1)
(98 74 68 1 1)
(98 62 61 2 1)
(100 73 67 1 1)
(100 61 60 1 1)
(101 69 65 1 1)
(101 57 58 3/2 1)
(205/2 62 61 1/2 1)
(103 66 63 1/2 1)
(207/2 69 65 1/2 1)
(104 74 68 1/2 1)
(209/2 78 70 1/2 1)
(105 69 65 1 1)
(105 81 72 1 1)
(106 67 64 1 1)
(106 79 71 1 1)
(107 66 63 2 1)
(107 78 70 1 1)
(109 76 69 1 1)
(109 64 62 1 1)
(110 62 61 2 1)
(110 74 68 1 1)
(112 61 60 1 1)
(112 73 67 1 1)
(113 76 69 1 1)
(113 64 62 1 1)
(114 62 61 1/2 1)
(114 74 68 1/2 1)
(117 71 66 3 1)
(117 66 63 3 1)
(120 64 62 3 1)
(120 69 65 4 1)
(123 62 61 1 1)
(124 68 64 1/2 1)
(249/2 71 66 1/2 1)
(125 74 68 2 1)
(127 73 67 1 1)
(129 78 70 3 1)
(129 73 67 3 1)
(132 71 66 3 1)
(132 76 69 4 1)
(135 69 65 1 1)
(136 75 68 1/2 1)
(273/2 78 70 1/2 1)
(137 81 72 2 1)
(139 80 71 1 1)
(141 66 63 7/2 1)
(283/2 71 66 1/2 1)
(142 70 65 1/2 1)
(285/2 71 66 1/2 1)
(143 73 67 1/2 1)
(287/2 71 66 1/2 1)
(144 69 65 3 1)
(289/2 64 62 1/2 1)
(145 63 61 1/2 1)
(291/2 64 62 1/2 1)
(146 66 63 1/2 1)
(293/2 64 62 1/2 1)
(147 68 64 1/2 1)
(147 62 61 1 1)
(295/2 69 65 1/2 1)
(148 71 66 1/2 1)
(297/2 73 67 1/2 1)
(149 74 68 1/2 1)
(299/2 76 69 1/2 1)
(150 74 68 1/2 1)
(301/2 73 67 1/2 1)
(151 71 66 1/2 1)
(303/2 69 65 1/2 1)
(152 68 64 1/2 1)
(305/2 69 65 1/2 1)
(153 73 67 7/2 1)
(307/2 78 70 1/2 1)
(154 77 70 1/2 1)
(309/2 78 70 1/2 1)
(155 80 71 1/2 1)
(311/2 78 70 1/2 1)
(156 76 69 3 1)
(313/2 71 66 1/2 1)
(157 70 65 1/2 1)
(315/2 71 66 1/2 1)
(158 73 67 1/2 1)
(317/2 71 66 1/2 1)
(159 75 68 1/2 1)
(159 69 65 1 1)
(319/2 76 69 1/2 1)
(160 78 70 1/2 1)
(321/2 80 71 1/2 1)
(161 81 72 1/2 1)
(323/2 83 73 1/2 1)
(162 81 72 1/2 1)
(325/2 80 71 1/2 1)
(163 78 70 1/2 1)
(327/2 76 69 1/2 1)
(164 75 68 1/2 1)
(329/2 76 69 1/2 1)
(165 75 68 1/2 1)
(331/2 76 69 1/2 1)
(166 78 70 1/2 1)
(333/2 80 71 1/2 1)
(167 81 72 1/2 1)
(335/2 83 73 1/2 1)
(168 81 72 1/2 1)
(337/2 80 71 1/2 1)
(169 78 70 1/2 1)
(339/2 76 69 1/2 1)
(170 75 68 1/2 1)
(341/2 76 69 1/2 1)
(171 75 68 1/2 1)
(343/2 76 69 1/2 1)
(172 78 70 1/2 1)
(345/2 80 71 1/2 1)
(173 81 72 1/2 1)
(347/2 83 73 1/2 1)
(174 81 72 1/2 1)
(349/2 80 71 1/2 1)
(175 78 70 1/2 1)
(351/2 76 69 1/2 1)
(176 75 68 1/2 1)
(353/2 73 67 1/2 1)
(177 71 66 1/2 1)
(355/2 69 65 1/2 1)
(178 68 64 1/2 1)
(357/2 66 63 1/2 1)
(179 64 62 1/2 1)
(359/2 63 61 1/2 1)
(180 64 62 6 1)
(186 56 57 3 1)
(186 59 59 3 1)
(186 65 63 3 1)
(189 57 58 3 1)
(189 61 60 3 1)
(189 66 63 3 1)
(192 59 59 3 1)
(192 68 64 3 1)
(192 65 63 3 1)
(195 69 65 3 1)
(195 61 60 3 1)
(195 66 63 3 1)
(198 67 64 3 1)
(198 70 65 3 1)
(198 61 60 3 1)
(198 64 62 3 1)
(201 71 66 1 1)
(201 66 63 3 1)
(201 62 61 3 1)
(202 73 67 1 1)
(203 74 68 1/2 1)
(204 61 60 2 1)
(204 69 65 2 1)
(204 64 62 2 1)
(206 59 59 1 1)
(206 68 64 1 1)
(206 62 61 1 1)
(207 69 65 1/4 1)
(207 61 60 1/2 1)
(415/2 73 67 1/2 1)
(208 71 66 1/2 1)
(417/2 69 65 1/2 1)
(209 68 64 1/2 1)
(419/2 66 63 1/2 1)
(210 65 63 3 1)
(213 66 63 3 1)
(216 68 64 3 1)
(216 65 63 3 1)
(219 69 65 3 1)
(219 66 63 3 1)
(222 71 66 3 1)
(222 66 63 3 1)
(225 72 67 3 1)
(225 66 63 3 1)
(228 65 63 1/2 1)
(228 73 67 5 1)
(457/2 68 64 1/2 1)
(229 65 63 1/2 1)
(459/2 68 64 1/2 1)
(230 65 63 1/2 1)
(461/2 68 64 1/2 1)
(231 65 63 1/2 1)
(463/2 68 64 1/2 1)
(232 65 63 1/2 1)
(465/2 68 64 1/2 1)
(233 66 63 1/2 1)
(233 72 67 1 1)
(467/2 68 64 1/2 1)
(234 65 63 1/2 1)
(234 73 67 2 1)
(469/2 68 64 1/2 1)
(235 65 63 1/2 1)
(471/2 68 64 1/2 1)
(236 72 67 1 1)
(236 66 63 1/2 1)
(473/2 68 64 1/2 1)
(237 73 67 2 1)
(237 65 63 1/2 1)
(475/2 68 64 1/2 1)
(238 65 63 1/2 1)
(477/2 68 64 1/2 1)
(239 66 63 1/2 1)
(239 72 67 1 1)
(479/2 68 64 1/2 1)
(240 73 67 5 1)
(240 65 63 1/2 1)
(481/2 68 64 1/2 1)
(241 65 63 1/2 1)
(483/2 68 64 1/2 1)
(242 65 63 1/2 1)
(485/2 68 64 1/2 1)
(243 65 63 1/2 1)
(487/2 68 64 1/2 1)
(244 65 63 1/2 1)
(489/2 68 64 1/2 1)
(245 65 63 1/2 1)
(245 73 67 1 1)
(491/2 68 64 1/2 1)
(246 74 68 2 1)
(246 65 63 1/2 1)
(493/2 68 64 1/2 1)
(247 65 63 1/2 1)
(495/2 68 64 1/2 1)
(248 65 63 1/2 1)
(248 73 67 1 1)
(497/2 68 64 1/2 1)
(249 65 63 1/2 1)
(249 74 68 2 1)
(499/2 68 64 1/2 1)
(250 65 63 1/2 1)
(501/2 68 64 1/2 1)
(251 65 63 1/2 1)
(251 73 67 1 1)
(503/2 68 64 1/2 1)
(252 65 63 1/2 1)
(252 74 68 6 1)
(505/2 68 64 1/2 1)
(253 65 63 1/2 1)
(507/2 68 64 1/2 1)
(254 65 63 1/2 1)
(509/2 68 64 1/2 1)
(255 65 63 1/2 1)
(511/2 68 64 1/2 1)
(256 65 63 1/2 1)
(513/2 68 64 1/2 1)
(257 65 63 1/2 1)
(515/2 68 64 1/2 1)
(258 64 62 1/2 1)
(258 74 68 2 1)
(517/2 68 64 1/2 1)
(259 64 62 1/2 1)
(519/2 68 64 1/2 1)
(260 64 62 1/2 1)
(260 73 67 1 1)
(521/2 68 64 1/2 1)
(261 74 68 2 1)
(261 64 62 1/2 1)
(523/2 68 64 1/2 1)
(262 64 62 1/2 1)
(525/2 68 64 1/2 1)
(263 64 62 1/2 1)
(263 73 67 1 1)
(527/2 68 64 1/2 1)
(264 64 62 1/2 1)
(264 74 68 5 1)
(529/2 68 64 1/2 1)
(265 64 62 1/2 1)
(531/2 68 64 1/2 1)
(266 64 62 1/2 1)
(533/2 68 64 1/2 1)
(267 64 62 1/2 1)
(535/2 68 64 1/2 1)
(268 64 62 1/2 1)
(537/2 68 64 1/2 1)
(269 62 61 1/2 1)
(269 74 68 1 1)
(539/2 68 64 1/2 1)
(270 61 60 1/2 1)
(270 73 67 2 1)
(541/2 64 62 1/2 1)
(271 61 60 1/2 1)
(543/2 64 62 1/2 1)
(272 62 61 1/2 1)
(272 74 68 1 1)
(545/2 64 62 1/2 1)
(273 61 60 1/2 1)
(273 73 67 2 1)
(547/2 64 62 1/2 1)
(274 61 60 1/2 1)
(549/2 64 62 1/2 1)
(275 71 66 1 1)
(275 59 59 1/2 1)
(551/2 65 63 1/2 1)
(276 57 58 1/2 1)
(276 69 65 5 1)
(553/2 61 60 1/2 1)
(277 57 58 1/2 1)
(555/2 61 60 1/2 1)
(278 57 58 1/2 1)
(557/2 61 60 1/2 1)
(279 57 58 1/2 1)
(559/2 61 60 1/2 1)
(280 57 58 1/2 1)
(561/2 61 60 1/2 1)
(281 71 66 1 1)
(281 59 59 1/2 1)
(563/2 61 60 1/2 1)
(282 69 65 2 1)
(282 57 58 1/2 1)
(565/2 61 60 1/2 1)
(283 57 58 1/2 1)
(567/2 61 60 1/2 1)
(284 59 59 1/2 1)
(284 71 66 1 1)
(569/2 61 60 1/2 1)
(285 57 58 1/2 1)
(285 69 65 2 1)
(571/2 61 60 1/2 1)
(286 57 58 1/2 1)
(573/2 61 60 1/2 1)
(287 67 64 1 1)
(287 55 57 1/2 1)
(575/2 61 60 1/2 1)
(288 66 63 5 1)
(288 54 56 1/2 1)
(577/2 57 58 1/2 1)
(289 54 56 1/2 1)
(579/2 57 58 1/2 1)
(290 54 56 1/2 1)
(581/2 57 58 1/2 1)
(291 54 56 1/2 1)
(583/2 57 58 1/2 1)
(292 54 56 1/2 1)
(585/2 57 58 1/2 1)
(293 55 57 1/2 1)
(293 67 64 1 1)
(587/2 57 58 1/2 1)
(294 66 63 2 1)
(294 54 56 1/2 1)
(589/2 57 58 1/2 1)
(295 54 56 1/2 1)
(591/2 57 58 1/2 1)
(296 55 57 1/2 1)
(296 67 64 1 1)
(593/2 57 58 1/2 1)
(297 54 56 1/2 1)
(297 66 63 2 1)
(595/2 57 58 1/2 1)
(298 54 56 1/2 1)
(597/2 57 58 1/2 1)
(299 56 57 1/2 1)
(299 68 64 1 1)
(599/2 62 61 1/2 1)
(300 69 65 2 1)
(300 57 58 1/2 1)
(601/2 64 62 1/2 1)
(301 57 58 1/2 1)
(603/2 64 62 1/2 1)
(302 59 59 1/2 1)
(302 71 66 1 1)
(605/2 64 62 1/2 1)
(303 61 60 1/2 1)
(303 73 67 2 1)
(607/2 64 62 1/2 1)
(304 61 60 1/2 1)
(609/2 64 62 1/2 1)
(305 62 61 1/2 1)
(305 74 68 1 1)
(611/2 69 65 1/2 1)
(306 76 69 3 1)
(306 69 65 3 1)
(306 64 62 3 1)
(309 76 69 16666667/50000000 1)
(15466667/50000 75 68 16666667/50000000 1)
(15483333/50000 78 70 16666667/50000000 1)
(310 76 69 16666667/50000000 1)
(15516667/50000 74 68 16666667/50000000 1)
(15533333/50000 73 67 16666667/50000000 1)
(311 71 66 1/5 1)
(1556/5 69 65 1/5 1)
(1557/5 68 64 1/5 1)
(1558/5 66 63 1/5 1)
(1559/5 64 62 1/5 1)
(312 81 72 3 1)
(315 81 72 16666667/50000000 1)
(15766667/50000 80 71 16666667/50000000 1)
(15783333/50000 83 73 16666667/50000000 1)
(316 81 72 16666667/50000000 1)
(15816667/50000 80 71 16666667/50000000 1)
(15833333/50000 78 70 16666667/50000000 1)
(317 76 69 1/5 1)
(1586/5 75 68 1/5 1)
(1587/5 73 67 1/5 1)
(1588/5 71 66 1/5 1)
(1589/5 69 65 1/5 1)
(318 81 72 16666667/50000000 1)
(15916667/50000 80 71 16666667/50000000 1)
(15933333/50000 83 73 16666667/50000000 1)
(319 81 72 16666667/50000000 1)
(15966667/50000 80 71 16666667/50000000 1)
(15983333/50000 78 70 16666667/50000000 1)
(320 76 69 1/5 1)
(1601/5 74 68 1/5 1)
(1602/5 73 67 1/5 1)
(1603/5 71 66 1/5 1)
(1604/5 69 65 1/5 1)
(321 76 69 16666667/50000000 1)
(16066667/50000 75 68 16666667/50000000 1)
(16083333/50000 78 70 16666667/50000000 1)
(322 76 69 16666667/50000000 1)
(16116667/50000 74 68 16666667/50000000 1)
(16133333/50000 73 67 16666667/50000000 1)
(323 71 66 1/5 1)
(1616/5 69 65 1/5 1)
(1617/5 68 64 1/5 1)
(1618/5 66 63 1/5 1)
(1619/5 64 62 1/5 1)
(324 64 62 1/2 1)
(324 76 69 5 1)
(649/2 69 65 1/2 1)
(325 64 62 1/2 1)
(651/2 69 65 1/2 1)
(326 64 62 1/2 1)
(653/2 69 65 1/2 1)
(327 64 62 1/2 1)
(655/2 69 65 1/2 1)
(328 64 62 1/2 1)
(657/2 69 65 1/2 1)
(329 63 61 1/2 1)
(329 75 68 1 1)
(659/2 69 65 1/2 1)
(330 64 62 1/2 1)
(330 76 69 2 1)
(661/2 69 65 1/2 1)
(331 64 62 1/2 1)
(663/2 69 65 1/2 1)
(332 78 70 1 1)
(332 66 63 1/2 1)
(665/2 69 65 1/2 1)
(333 76 69 2 1)
(333 64 62 1/2 1)
(667/2 69 65 1/2 1)
(334 64 62 1/2 1)
(669/2 69 65 1/2 1)
(335 74 68 1 1)
(335 62 61 1/2 1)
(671/2 68 64 1/2 1)
(336 73 67 5 1)
(336 61 60 1/2 1)
(673/2 64 62 1/2 1)
(337 61 60 1/2 1)
(675/2 64 62 1/2 1)
(338 61 60 1/2 1)
(677/2 64 62 1/2 1)
(339 61 60 1/2 1)
(679/2 64 62 1/2 1)
(340 61 60 1/2 1)
(681/2 64 62 1/2 1)
(341 60 60 1/2 1)
(341 72 67 1 1)
(683/2 64 62 1/2 1)
(342 73 67 2 1)
(342 61 60 1/2 1)
(685/2 64 62 1/2 1)
(343 61 60 1/2 1)
(687/2 64 62 1/2 1)
(344 62 61 1/2 1)
(344 74 68 1 1)
(689/2 64 62 1/2 1)
(345 61 60 1/2 1)
(345 73 67 2 1)
(691/2 64 62 1/2 1)
(346 61 60 1/2 1)
(693/2 64 62 1/2 1)
(347 59 59 1/2 1)
(347 71 66 1 1)
(695/2 65 63 1/2 1)
(348 69 65 5 1)
(348 57 58 1/2 1)
(697/2 61 60 1/2 1)
(349 57 58 1/2 1)
(699/2 61 60 1/2 1)
(350 57 58 1/2 1)
(701/2 61 60 1/2 1)
(351 57 58 1/2 1)
(703/2 61 60 1/2 1)
(352 57 58 1/2 1)
(705/2 61 60 1/2 1)
(353 68 64 1 1)
(353 56 57 1/2 1)
(707/2 61 60 1/2 1)
(354 57 58 1/2 1)
(354 69 65 2 1)
(709/2 61 60 1/2 1)
(355 57 58 1/2 1)
(711/2 61 60 1/2 1)
(356 68 64 1 1)
(356 56 57 1/2 1)
(713/2 61 60 1/2 1)
(357 57 58 1/2 1)
(357 69 65 2 1)
(715/2 61 60 1/2 1)
(358 57 58 1/2 1)
(717/2 61 60 1/2 1)
(359 58 58 1/2 1)
(359 70 65 1 1)
(719/2 66 63 1/2 1)
(360 71 66 2 1)
(360 59 59 1/2 1)
(721/2 66 63 1/2 1)
(361 59 59 1/2 1)
(723/2 66 63 1/2 1)
(362 61 60 1/2 1)
(362 73 67 1 1)
(725/2 66 63 1/2 1)
(363 62 61 1/2 1)
(363 74 68 2 1)
(727/2 66 63 1/2 1)
(364 62 61 1/2 1)
(729/2 66 63 1/2 1)
(365 63 61 1/2 1)
(365 75 68 1 1)
(731/2 71 66 1/2 1)
(366 64 62 1/2 1)
(366 76 69 2 1)
(733/2 71 66 1/2 1)
(367 64 62 1/2 1)
(735/2 71 66 1/2 1)
(368 66 63 1/2 1)
(368 78 70 1 1)
(737/2 71 66 1/2 1)
(369 67 64 1/2 1)
(369 79 71 2 1)
(739/2 71 66 1/2 1)
(370 67 64 1/2 1)
(741/2 71 66 1/2 1)
(371 80 71 1 1)
(371 68 64 1/2 1)
(743/2 76 69 1/2 1)
(372 76 69 3 1)
(372 81 72 3 1)
(372 69 65 3 1)
(375 81 72 16666667/50000000 1)
(18766667/50000 80 71 16666667/50000000 1)
(18783333/50000 83 73 16666667/50000000 1)
(376 81 72 16666667/50000000 1)
(18816667/50000 80 71 16666667/50000000 1)
(18833333/50000 78 70 16666667/50000000 1)
(377 76 69 1/5 1)
(1886/5 74 68 1/5 1)
(1887/5 73 67 1/5 1)
(1888/5 71 66 1/5 1)
(1889/5 69 65 1/5 1)
(378 81 72 3 1)
(381 81 72 16666667/50000000 1)
(19066667/50000 80 71 16666667/50000000 1)
(19083333/50000 83 73 16666667/50000000 1)
(382 81 72 16666667/50000000 1)
(19116667/50000 80 71 16666667/50000000 1)
(19133333/50000 78 70 16666667/50000000 1)
(383 76 69 1/5 1)
(1916/5 75 68 1/5 1)
(1917/5 73 67 1/5 1)
(1918/5 71 66 1/5 1)
(1919/5 69 65 1/5 1)
(384 81 72 16666667/50000000 1)
(19216667/50000 80 71 16666667/50000000 1)
(19233333/50000 83 73 16666667/50000000 1)
(385 81 72 16666667/50000000 1)
(19266667/50000 80 71 16666667/50000000 1)
(19283333/50000 78 70 16666667/50000000 1)
(386 76 69 1/5 1)
(1931/5 74 68 1/5 1)
(1932/5 73 67 1/5 1)
(1933/5 71 66 1/5 1)
(1934/5 69 65 1/5 1)
(387 81 72 16666667/50000000 1)
(19366667/50000 80 71 16666667/50000000 1)
(19383333/50000 83 73 16666667/50000000 1)
(388 81 72 16666667/50000000 1)
(19416667/50000 80 71 16666667/50000000 1)
(19433333/50000 78 70 16666667/50000000 1)
(389 76 69 1/5 1)
(1946/5 74 68 1/5 1)
(1947/5 73 67 1/5 1)
(1948/5 71 66 1/5 1)
(1949/5 69 65 1/5 1)
(390 76 69 3 1)
(390 73 67 7 1)
(397 74 68 1 1)
(397 71 66 1 1)
(398 73 67 1 1)
(398 69 65 1 1)
(399 69 65 2 1)
(399 73 67 2 1)
(401 68 64 1 1)
(401 71 66 1 1)
(402 69 65 1 1)
(404 76 69 3 1)
(407 64 62 3 1)
(410 69 65 2 1)
(412 68 64 1 1)
(413 74 68 2 1)
(415 73 67 1 1)
(416 81 72 3 1)
(419 69 65 3 1)
(422 78 70 2 1)
(424 76 69 1/2 1)
(425 74 68 1/2 1)
(426 73 67 1 1)
(427 69 65 1 1)
(428 64 62 3 1)
(428 76 69 1 1)
(431 52 55 3 1)
(431 64 62 1 1)
(434 57 58 2 1)
(434 69 65 1 1)
(436 68 64 1 1)
(436 56 57 1 1)
(437 74 68 1 1)
(437 62 61 2 1)
(439 61 60 1 1)
(439 73 67 1 1)
(440 81 72 1 1)
(440 69 65 3 1)
(443 69 65 1 1)
(443 57 58 3 1)
(446 78 70 1 1)
(446 66 63 2 1)
(448 76 69 1/2 1)
(448 64 62 1/2 1)
(449 62 61 1/2 1)
(449 74 68 1/2 1)
(450 61 60 1 1)
(450 73 67 1 1)
(451 69 65 1 1)
(452 81 72 1 1)
(452 69 65 3 1)
(455 69 65 1 1)
(455 57 58 3 1)
(458 78 70 1 1)
(458 66 63 2 1)
(460 76 69 1/2 1)
(460 64 62 1/2 1)
(461 62 61 1/2 1)
(461 74 68 1/2 1)
(462 73 67 1 1)
(462 61 60 1 1)
(463 69 65 1 1)
(464 66 63 2 1)
(464 78 70 1 1)
(466 64 62 1/2 1)
(466 76 69 1/2 1)
(467 74 68 1/2 1)
(467 62 61 1/2 1)
(468 73 67 1 1)
(468 61 60 1 1)
(469 69 65 1 1)
(470 66 63 2 1)
(472 64 62 1/2 1)
(473 62 61 2 1)
(475 61 60 1/2 1)
(476 59 59 1/2 1)
(504 65 63 3 1)
(504 74 68 3 1)
(507 74 68 1 1)
(507 64 62 3 1)
(508 72 67 4 1)
(510 60 60 3 1)
(512 71 66 1/2 1)
(1025/2 69 65 1/2 1)
(513 67 64 2 1)
(513 60 60 3 1)
(515 66 63 1 1)
(516 64 62 2 1)
(516 60 60 3 1)
(518 62 61 1 1)
(519 62 61 3 1)
(519 59 59 3 1)
(522 62 61 3 1)
(522 67 64 3 1)
(525 69 65 2 1)
(525 66 63 2 1)
(527 71 66 1/2 1)
(527 67 64 1/2 1)
(1055/2 69 65 1/2 1)
(1055/2 72 67 1/2 1)
(528 67 64 1 1)
(528 71 66 1 1)
(1063/2 77 70 1/2 1)
(532 76 69 1/2 1)
(1065/2 77 70 1/2 1)
(533 76 69 1/2 1)
(1067/2 77 70 1/2 1)
(534 77 70 3 1)
(1069/2 86 75 1/2 1)
(535 85 74 1/2 1)
(1071/2 86 75 1/2 1)
(536 85 74 1/2 1)
(1073/2 86 75 1/2 1)
(537 86 75 1 1)
(537 75 68 3 1)
(538 84 74 4 1)
(540 72 67 3 1)
(542 82 72 1/2 1)
(1085/2 81 72 1/2 1)
(543 72 67 3 1)
(543 79 71 2 1)
(545 78 70 1 1)
(546 75 68 2 1)
(546 72 67 3 1)
(548 74 68 1 1)
(549 70 65 3 1)
(549 74 68 3 1)
(552 79 71 3 1)
(555 78 70 2 1)
(555 81 72 2 1)
(557 79 71 1/2 1)
(557 82 72 1/2 1)
(1115/2 81 72 1/2 1)
(1115/2 84 74 1/2 1)
(558 79 71 1/2 1)
(558 82 72 1/2 1)
(561 69 65 3 1)
(561 81 72 3 1)
(564 74 68 3 1)
(567 76 69 2 1)
(567 73 67 2 1)
(569 77 70 1/2 1)
(569 74 68 1/2 1)
(1139/2 76 69 1/2 1)
(1139/2 79 71 1/2 1)
(570 74 68 1/2 1)
(570 77 70 1/2 1)
(1147/2 85 74 1/2 1)
(574 86 75 1/2 1)
(1149/2 85 74 1/2 1)
(575 87 75 1/2 1)
(1151/2 86 75 1/2 1)
(576 84 74 1/2 1)
(1153/2 82 72 1/2 1)
(577 81 72 1/2 1)
(1155/2 79 71 1/2 1)
(578 78 70 1/2 1)
(1157/2 75 68 1/2 1)
(579 74 68 1/2 1)
(1159/2 72 67 1/2 1)
(580 70 65 1/2 1)
(1161/2 69 65 1/2 1)
(581 67 64 1/2 1)
(1163/2 66 63 1/2 1)
(582 67 64 1/2 1)
(1165/2 66 63 1/2 1)
(583 67 64 1/2 1)
(1167/2 65 63 1/2 1)
(584 63 61 1/2 1)
(1169/2 62 61 1/2 1)
(585 61 60 1/2 1)
(1171/2 80 71 1/2 1)
(586 81 72 1/2 1)
(1173/2 80 71 1/2 1)
(587 82 72 1/2 1)
(1175/2 81 72 1/2 1)
(588 79 71 1/2 1)
(1177/2 77 70 1/2 1)
(589 76 69 1/2 1)
(1179/2 74 68 1/2 1)
(590 73 67 1/2 1)
(1181/2 70 65 1/2 1)
(591 69 65 1/2 1)
(1183/2 67 64 1/2 1)
(592 65 63 1/2 1)
(1185/2 64 62 1/2 1)
(593 62 61 1/2 1)
(1187/2 61 60 1/2 1)
(594 62 61 1/2 1)
(1189/2 65 63 1/2 1)
(595 69 65 1/2 1)
(1191/2 74 68 1/2 1)
(596 77 70 1/2 1)
(1193/2 74 68 1/2 1)
(597 73 67 2 1)
(597 76 69 2 1)
(599 74 68 1/2 1)
(599 77 70 1/2 1)
(1199/2 79 71 1/2 1)
(1199/2 76 69 1/2 1)
(600 74 68 1/2 1)
(600 77 70 1/2 1)
(603 81 72 1/2 1)
(1207/2 79 71 1/2 1)
(604 77 70 1/2 1)
(1209/2 76 69 1/2 1)
(605 74 68 1/2 1)
(1211/2 73 67 1/2 1)
(606 74 68 1/2 1)
(1213/2 73 67 1/2 1)
(607 74 68 1/2 1)
(1215/2 72 67 1/2 1)
(608 71 66 1/2 1)
(1217/2 69 65 1/2 1)
(609 68 64 2 1)
(609 71 66 2 1)
(611 69 65 1/2 1)
(611 72 67 1/2 1)
(1223/2 71 66 1/2 1)
(1223/2 74 68 1/2 1)
(612 72 67 1/2 1)
(612 69 65 1/2 1)
(615 88 76 1/2 1)
(1231/2 86 75 1/2 1)
(616 84 74 1/2 1)
(1233/2 83 73 1/2 1)
(617 81 72 1/2 1)
(1235/2 80 71 1/2 1)
(618 81 72 1/2 1)
(1237/2 76 69 1/2 1)
(619 74 68 1/2 1)
(1239/2 72 67 1/2 1)
(620 71 66 1/2 1)
(1241/2 69 65 1/2 1)
(621 71 66 2 1)
(621 68 64 2 1)
(623 72 67 1/2 1)
(623 69 65 1/2 1)
(1247/2 74 68 1/2 1)
(1247/2 71 66 1/2 1)
(624 69 65 3 1)
(624 72 67 2 1)
(626 74 68 1/2 1)
(1253/2 76 69 1/2 1)
(627 69 65 3 1)
(627 75 68 2 1)
(629 76 69 1/2 1)
(1259/2 78 70 1/2 1)
(630 76 69 2 1)
(630 71 66 3 1)
(632 78 70 1/2 1)
(1265/2 79 71 1/2 1)
(633 71 66 3 1)
(633 78 70 2 1)
(635 79 71 1/2 1)
(1271/2 81 72 1/2 1)
(636 79 71 2 1)
(636 71 66 3 1)
(638 81 72 1/2 1)
(1277/2 83 73 1/2 1)
(639 82 72 2 1)
(639 76 69 3 1)
(641 83 73 1/2 1)
(1283/2 85 74 1/2 1)
(642 83 73 2 1)
(642 78 70 3 1)
(644 85 74 1/2 1)
(1289/2 86 75 1/2 1)
(645 78 70 3 1)
(645 85 74 2 1)
(647 86 75 1/2 1)
(1295/2 88 76 1/2 1)
(648 86 75 2 1)
(648 78 70 3 1)
(650 85 74 1/2 1)
(1301/2 83 73 1/2 1)
(651 86 75 2 1)
(651 77 70 3 1)
(653 85 74 1/2 1)
(1307/2 83 73 1/2 1)
(654 77 70 3 1)
(654 86 75 2 1)
(656 85 74 1/2 1)
(1313/2 83 73 1/2 1)
(657 78 70 1 1)
(657 82 72 1 1)
(658 70 65 1 1)
(658 78 70 2 1)
(659 71 66 1/2 1)
(1319/2 73 67 1/2 1)
(661 78 70 2 1)
(661 71 66 1 1)
(662 73 67 1/2 1)
(1325/2 74 68 1/2 1)
(664 73 67 1 1)
(664 78 70 2 1)
(665 74 68 1/2 1)
(1331/2 76 69 1/2 1)
(667 78 70 2 1)
(667 71 66 1 1)
(668 73 67 1/2 1)
(1337/2 74 68 1/2 1)
(670 78 70 2 1)
(670 82 72 1 1)
(671 83 73 1/2 1)
(1343/2 85 74 1/2 1)
(673 78 70 2 1)
(673 83 73 1 1)
(674 85 74 1/2 1)
(1349/2 86 75 1/2 1)
(676 85 74 1 1)
(676 78 70 2 1)
(677 86 75 1/2 1)
(1355/2 88 76 1/2 1)
(679 83 73 1 1)
(679 78 70 2 1)
(680 85 74 1/2 1)
(1361/2 86 75 1/2 1)
(682 82 72 1 1)
(682 78 70 2 1)
(683 83 73 1/2 1)
(1367/2 85 74 1/2 1)
(685 66 63 1 1)
(686 68 64 1/2 1)
(1373/2 70 65 1/2 1)
(688 70 65 1 1)
(689 71 66 1/2 1)
(1379/2 73 67 1/2 1)
(691 78 70 1 1)
(692 80 71 1/2 1)
(1385/2 82 72 1/2 1)
(694 82 72 1 1)
(695 83 73 1/2 1)
(1391/2 85 74 1/2 1)
(697 85 74 1 1)
(698 83 73 1/2 1)
(1397/2 82 72 1/2 1)
(700 82 72 1 1)
(701 80 71 1/2 1)
(1403/2 78 70 1/2 1)
(703 78 70 1 1)
(704 80 71 1/2 1)
(1409/2 82 72 1/2 1)
(706 82 72 1 1)
(707 83 73 1/2 1)
(1415/2 85 74 1/2 1)
(709 85 74 1 1)
(710 83 73 1/2 1)
(1421/2 82 72 1/2 1)
(712 82 72 1 1)
(713 80 71 1/2 1)
(1427/2 78 70 1/2 1)
(715 78 70 1 1)
(716 80 71 1/2 1)
(1433/2 82 72 1/2 1)
(718 82 72 1 1)
(719 83 73 1/2 1)
(1439/2 85 74 3/2 1)
(721 78 70 2 1)
(721 73 67 3 1)
(721 82 72 2 1)
(721 85 74 2 1)
(724 73 67 2 1)
(724 70 65 3 1)
(724 78 70 2 1)
(724 82 72 2 1)
(727 70 65 2 1)
(727 66 63 3 1)
(727 73 67 2 1)
(727 78 70 2 1)
(730 70 65 2 1)
(730 61 60 3 1)
(730 73 67 2 1)
(730 66 63 2 1)
(733 66 63 2 1)
(733 58 58 3 1)
(733 70 65 2 1)
(733 61 60 2 1)
(736 54 56 3 1)
(736 61 60 2 1)
(736 58 58 2 1)
(736 66 63 2 1)
(739 61 60 2 1)
(739 49 53 3 1)
(739 58 58 2 1)
(739 54 56 2 1)
(742 49 53 2 1)
(742 46 51 3 1)
(742 54 56 2 1)
(742 58 58 2 1)
(745 54 56 2 1)
(745 49 53 2 1)
(745 46 51 3 1)
(748 46 51 3 1)
(748 49 53 2 1)
(748 54 56 2 1)
(751 46 51 7 1)
(751 54 56 2 1)
(751 49 53 2 1)
(758 46 51 6 1)
(758 54 56 1 1)
(758 49 53 1 1)
(764 46 51 6 1)
(764 54 56 1 1)
(764 49 53 1 1)
(770 78 70 3 1)
(773 66 63 3 1)
(776 71 66 2 1)
(778 70 65 1/2 1)
(1557/2 73 67 1/2 1)
(779 76 69 2 1)
(781 75 68 1 1)
(785 78 70 3 1)
(788 66 63 3 1)
(791 71 66 2 1)
(793 70 65 1/2 1)
(1587/2 73 67 1/2 1)
(794 76 69 2 1)
(796 74 68 1 1)
(800 74 68 2 1)
(802 73 67 1/2 1)
(1605/2 76 69 1/2 1)
(803 79 71 4 1)
(810 66 63 3 1)
(810 60 60 3 1)
(810 69 65 3 1)
(813 62 61 3 1)
(813 69 65 1 1)
(813 59 59 3 1)
(814 67 64 4 1)
(818 66 63 1/2 1)
(1637/2 64 62 1/2 1)
(819 62 61 2 1)
(821 61 60 1 1)
(822 59 59 2 1)
(824 57 58 1 1)
(825 57 58 3 1)
(828 62 61 3 1)
(828 57 58 3 1)
(831 64 62 2 1)
(831 61 60 2 1)
(833 62 61 1/2 1)
(833 66 63 1/2 1)
(1667/2 64 62 1/2 1)
(1667/2 67 64 1/2 1)
(834 62 61 1/2 1)
(834 66 63 1/2 1)
(1675/2 72 67 1/2 1)
(838 71 66 1/2 1)
(1677/2 72 67 1/2 1)
(839 71 66 1/2 1)
(1679/2 72 67 1/2 1)
(840 72 67 3 1)
(1681/2 81 72 1/2 1)
(841 80 71 1/2 1)
(1683/2 81 72 1/2 1)
(842 80 71 1/2 1)
(1685/2 81 72 1/2 1)
(843 81 72 1 1)
(843 71 66 3 1)
(844 79 71 4 1)
(846 67 64 3 1)
(848 78 70 1/2 1)
(1697/2 76 69 1/2 1)
(849 67 64 3 1)
(849 74 68 2 1)
(851 73 67 1 1)
(852 67 64 3 1)
(852 71 66 2 1)
(854 69 65 1 1)
(855 66 63 3 1)
(855 69 65 3 1)
(858 74 68 3 1)
(858 69 65 3 1)
(861 76 69 2 1)
(861 73 67 2 1)
(863 78 70 1/2 1)
(863 74 68 1/2 1)
(1727/2 76 69 1/2 1)
(1727/2 79 71 1/2 1)
(864 78 70 1/2 1)
(864 74 68 1/2 1)
(867 57 58 4 1)
(867 62 61 3 1)
(871 64 62 1 1)
(871 59 59 1 1)
(872 66 63 1 1)
(872 60 60 1 1)
(873 69 65 1 1)
(873 62 61 3 1)
(874 67 64 4 1)
(878 60 60 1 1)
(878 66 63 2 1)
(879 59 59 1 1)
(880 64 62 1 1)
(881 62 61 2 1)
(883 61 60 1 1)
(884 57 58 3/2 1)
(1771/2 62 61 1/2 1)
(886 66 63 1/2 1)
(1773/2 69 65 1/2 1)
(887 74 68 1/2 1)
(1775/2 78 70 1/2 1)
(888 81 72 1/2 1)
(1777/2 78 70 1/2 1)
(889 74 68 16666667/50000000 1)
(8893333/10000 69 65 16666667/50000000 1)
(8896667/10000 66 63 16666667/50000000 1)
(890 69 65 16666667/50000000 1)
(8903333/10000 67 64 16666667/50000000 1)
(8906667/10000 64 62 16666667/50000000 1)
(891 62 61 4 1)
(892 74 68 2 1)
(895 64 62 1 1)
(895 76 69 1 1)
(896 78 70 1 1)
(896 66 63 1 1)
(897 69 65 1 1)
(897 81 72 1 1)
(898 67 64 4 1)
(898 79 71 2 1)
(902 78 70 1 1)
(902 66 63 2 1)
(904 64 62 1 1)
(904 76 69 1 1)
(905 74 68 1 1)
(905 62 61 2 1)
(907 61 60 1 1)
(907 73 67 1 1)
(908 57 58 3/2 1)
(908 69 65 1 1)
(1819/2 74 68 1/2 1)
(910 78 70 1/2 1)
(1821/2 74 68 1/2 1)
(911 81 72 1/2 1)
(1823/2 78 70 1/2 1)
(912 86 75 1/2 1)
(1825/2 85 74 1/2 1)
(913 83 73 1/2 1)
(1827/2 81 72 1/2 1)
(914 79 71 1/2 1)
(1829/2 78 70 3/2 1)
(916 76 69 1 1)
(916 64 62 1 1)
(917 62 61 2 1)
(917 74 68 1 1)
(919 61 60 1 1)
(919 73 67 1 1)
(920 57 58 6666667/5000000 1)
(920 69 65 1 1)
(9213333/10000 74 68 16666667/50000000 1)
(9216667/10000 73 67 16666667/50000000 1)
(922 74 68 16666667/50000000 1)
(9223333/10000 76 69 16666667/50000000 1)
(9226667/10000 78 70 16666667/50000000 1)
(923 79 71 1/4 1)
(3693/4 81 72 1/4 1)
(1847/2 83 73 1/4 1)
(3695/4 85 74 1/4 1)
(924 86 75 16666667/50000000 1)
(9243333/10000 85 74 16666667/50000000 1)
(9246667/10000 88 76 16666667/50000000 1)
(925 86 75 16666667/50000000 1)
(9253333/10000 85 74 16666667/50000000 1)
(9256667/10000 83 73 16666667/50000000 1)
(926 81 72 16666667/50000000 1)
(9263333/10000 79 71 16666667/50000000 1)
(9266667/10000 78 70 6666667/5000000 1)
(928 76 69 1 1)
(928 64 62 1 1)
(929 62 61 2 1)
(929 74 68 1 1)
(931 61 60 1 1)
(931 73 67 1 1)
(932 64 62 1 1)
(932 76 69 1 1)
(933 74 68 1/2 1)
(933 62 61 1/2 1)
(936 66 63 3 1)
(936 71 66 3 1)
(939 64 62 3 1)
(939 69 65 4 1)
(942 62 61 1 1)
(943 68 64 1/2 1)
(1887/2 71 66 1/2 1)
(944 74 68 2 1)
(946 73 67 1 1)
(948 71 66 3 1)
(948 76 69 3 1)
(951 74 68 4 1)
(951 69 65 3 1)
(954 67 64 1 1)
(955 73 67 1/2 1)
(1911/2 76 69 1/2 1)
(956 79 71 2 1)
(958 78 70 1 1)
(960 66 63 7/2 1)
(1921/2 71 66 1/2 1)
(961 70 65 1/2 1)
(1923/2 71 66 1/2 1)
(962 73 67 1/2 1)
(1925/2 71 66 1/2 1)
(963 69 65 3 1)
(1927/2 64 62 1/2 1)
(964 63 61 1/2 1)
(1929/2 64 62 1/2 1)
(965 66 63 1/2 1)
(1931/2 64 62 1/2 1)
(966 62 61 1 1)
(966 68 64 1/2 1)
(1933/2 69 65 1/2 1)
(967 71 66 1/2 1)
(1935/2 73 67 1/2 1)
(968 74 68 1/2 1)
(1937/2 76 69 1/2 1)
(969 74 68 1/2 1)
(1939/2 73 67 1/2 1)
(970 71 66 1/2 1)
(1941/2 69 65 1/2 1)
(971 68 64 1/2 1)
(1943/2 69 65 1/2 1)
(972 71 66 7/2 1)
(1945/2 76 69 1/2 1)
(973 75 68 1/2 1)
(1947/2 76 69 1/2 1)
(974 78 70 1/2 1)
(1949/2 76 69 1/2 1)
(975 74 68 3 1)
(1951/2 69 65 1/2 1)
(976 68 64 1/2 1)
(1953/2 69 65 1/2 1)
(977 71 66 1/2 1)
(1955/2 69 65 1/2 1)
(978 67 64 1 1)
(978 73 67 1/2 1)
(1957/2 74 68 1/2 1)
(979 76 69 1/2 1)
(1959/2 78 70 1/2 1)
(980 79 71 1/2 1)
(1961/2 81 72 1/2 1)
(981 79 71 1/2 1)
(1963/2 78 70 1/2 1)
(982 76 69 1/2 1)
(1965/2 74 68 1/2 1)
(983 73 67 1/2 1)
(1967/2 74 68 1/2 1)
(984 80 71 1/2 1)
(1969/2 81 72 1/2 1)
(985 83 73 1/2 1)
(1971/2 85 74 1/2 1)
(986 86 75 1/2 1)
(1973/2 88 76 1/2 1)
(987 86 75 1/2 1)
(1975/2 85 74 1/2 1)
(988 83 73 1/2 1)
(1977/2 81 72 1/2 1)
(989 80 71 1/2 1)
(1979/2 81 72 1/2 1)
(990 80 71 1/2 1)
(1981/2 81 72 1/2 1)
(991 83 73 1/2 1)
(1983/2 85 74 1/2 1)
(992 86 75 1/2 1)
(1985/2 88 76 1/2 1)
(993 86 75 1/2 1)
(1987/2 85 74 1/2 1)
(994 83 73 1/2 1)
(1989/2 81 72 1/2 1)
(995 80 71 1/2 1)
(1991/2 81 72 1/2 1)
(996 80 71 1/2 1)
(1993/2 81 72 1/2 1)
(997 83 73 1/2 1)
(1995/2 85 74 1/2 1)
(998 86 75 1/2 1)
(1997/2 88 76 1/2 1)
(999 86 75 1/2 1)
(1999/2 85 74 1/2 1)
(1000 83 73 1/2 1)
(2001/2 81 72 1/2 1)
(1001 80 71 1/2 1)
(2003/2 78 70 1/2 1)
(1002 76 69 1/2 1)
(2005/2 74 68 1/2 1)
(1003 73 67 1/2 1)
(2007/2 71 66 1/2 1)
(1004 69 65 1/2 1)
(2009/2 68 64 1/2 1)
(1005 69 65 6 1)
(1011 70 65 3 1)
(1011 64 62 3 1)
(1011 61 60 3 1)
(1014 66 63 3 1)
(1014 62 61 3 1)
(1014 71 66 3 1)
(1017 73 67 3 1)
(1017 64 62 3 1)
(1017 70 65 3 1)
(1020 74 68 3 1)
(1020 66 63 3 1)
(1020 71 66 3 1)
(1023 75 68 3 1)
(1023 72 67 3 1)
(1023 66 63 3 1)
(1023 69 65 3 1)
(1026 71 66 3 1)
(1026 76 69 1 1)
(1026 67 64 3 1)
(1027 78 70 1 1)
(1028 79 71 1 1)
(1029 74 68 2 1)
(1029 69 65 2 1)
(1029 66 63 2 1)
(1031 73 67 1 1)
(1031 64 62 1 1)
(1031 67 64 1 1)
(1032 74 68 1/2 1)
(1032 66 63 1/2 1)
(2065/2 78 70 1/2 1)
(1033 76 69 1/2 1)
(2067/2 74 68 1/2 1)
(1034 73 67 1/2 1)
(2069/2 71 66 1/2 1)
(1035 70 65 3 1)
(1038 71 66 3 1)
(1041 73 67 3 1)
(1041 70 65 3 1)
(1044 71 66 3 1)
(1044 74 68 3 1)
(1047 76 69 3 1)
(1047 71 66 3 1)
(1050 71 66 3 1)
(1050 77 70 3 1)
(1053 78 70 5 1)
(1053 70 65 1/2 1)
(2107/2 73 67 1/2 1)
(1054 70 65 1/2 1)
(2109/2 73 67 1/2 1)
(1055 70 65 1/2 1)
(2111/2 73 67 1/2 1)
(1056 70 65 1/2 1)
(2113/2 73 67 1/2 1)
(1057 70 65 1/2 1)
(2115/2 73 67 1/2 1)
(1058 71 66 1/2 1)
(1058 77 70 1 1)
(2117/2 73 67 1/2 1)
(1059 78 70 2 1)
(1059 70 65 1/2 1)
(2119/2 73 67 1/2 1)
(1060 70 65 1/2 1)
(2121/2 73 67 1/2 1)
(1061 71 66 1/2 1)
(1061 77 70 1 1)
(2123/2 73 67 1/2 1)
(1062 78 70 2 1)
(1062 70 65 1/2 1)
(2125/2 73 67 1/2 1)
(1063 70 65 1/2 1)
(2127/2 73 67 1/2 1)
(1064 71 66 1/2 1)
(1064 77 70 1 1)
(2129/2 73 67 1/2 1)
(1065 70 65 1/2 1)
(1065 78 70 5 1)
(2131/2 73 67 1/2 1)
(1066 70 65 1/2 1)
(2133/2 73 67 1/2 1)
(1067 70 65 1/2 1)
(2135/2 73 67 1/2 1)
(1068 70 65 1/2 1)
(2137/2 73 67 1/2 1)
(1069 70 65 1/2 1)
(2139/2 73 67 1/2 1)
(1070 70 65 1/2 1)
(1070 78 70 1 1)
(2141/2 73 67 1/2 1)
(1071 79 71 2 1)
(1071 70 65 1/2 1)
(2143/2 73 67 1/2 1)
(1072 70 65 1/2 1)
(2145/2 73 67 1/2 1)
(1073 70 65 1/2 1)
(1073 78 70 1 1)
(2147/2 73 67 1/2 1)
(1074 79 71 2 1)
(1074 70 65 1/2 1)
(2149/2 73 67 1/2 1)
(1075 70 65 1/2 1)
(2151/2 73 67 1/2 1)
(1076 70 65 1/2 1)
(1076 78 70 1 1)
(2153/2 73 67 1/2 1)
(1077 79 71 6 1)
(1077 70 65 1/2 1)
(2155/2 73 67 1/2 1)
(1078 70 65 1/2 1)
(2157/2 73 67 1/2 1)
(1079 70 65 1/2 1)
(2159/2 73 67 1/2 1)
(1080 70 65 1/2 1)
(2161/2 73 67 1/2 1)
(1081 70 65 1/2 1)
(2163/2 73 67 1/2 1)
(1082 70 65 1/2 1)
(2165/2 73 67 1/2 1)
(1083 79 71 2 1)
(1083 69 65 1/2 1)
(2167/2 73 67 1/2 1)
(1084 69 65 1/2 1)
(2169/2 73 67 1/2 1)
(1085 78 70 1 1)
(1085 69 65 1/2 1)
(2171/2 73 67 1/2 1)
(1086 79 71 2 1)
(1086 69 65 1/2 1)
(2173/2 73 67 1/2 1)
(1087 69 65 1/2 1)
(2175/2 73 67 1/2 1)
(1088 69 65 1/2 1)
(1088 78 70 1 1)
(2177/2 73 67 1/2 1)
(1089 79 71 5 1)
(1089 69 65 1/2 1)
(2179/2 73 67 1/2 1)
(1090 69 65 1/2 1)
(2181/2 73 67 1/2 1)
(1091 69 65 1/2 1)
(2183/2 73 67 1/2 1)
(1092 69 65 1/2 1)
(2185/2 73 67 1/2 1)
(1093 69 65 1/2 1)
(2187/2 73 67 1/2 1)
(1094 67 64 1/2 1)
(1094 79 71 1 1)
(2189/2 73 67 1/2 1)
(1095 78 70 2 1)
(1095 66 63 1/2 1)
(2191/2 69 65 1/2 1)
(1096 66 63 1/2 1)
(2193/2 69 65 1/2 1)
(1097 79 71 1 1)
(1097 67 64 1/2 1)
(2195/2 69 65 1/2 1)
(1098 78 70 2 1)
(1098 66 63 1/2 1)
(2197/2 69 65 1/2 1)
(1099 66 63 1/2 1)
(2199/2 69 65 1/2 1)
(1100 76 69 1 1)
(1100 64 62 1/2 1)
(2201/2 70 65 1/2 1)
(1101 74 68 5 1)
(1101 62 61 1/2 1)
(2203/2 66 63 1/2 1)
(1102 62 61 1/2 1)
(2205/2 66 63 1/2 1)
(1103 62 61 1/2 1)
(2207/2 66 63 1/2 1)
(1104 62 61 1/2 1)
(2209/2 66 63 1/2 1)
(1105 62 61 1/2 1)
(2211/2 66 63 1/2 1)
(1106 64 62 1/2 1)
(1106 76 69 1 1)
(2213/2 66 63 1/2 1)
(1107 74 68 2 1)
(1107 62 61 1/2 1)
(2215/2 66 63 1/2 1)
(1108 62 61 1/2 1)
(2217/2 66 63 1/2 1)
(1109 76 69 1 1)
(1109 64 62 1/2 1)
(2219/2 66 63 1/2 1)
(1110 74 68 2 1)
(1110 62 61 1/2 1)
(2221/2 66 63 1/2 1)
(1111 62 61 1/2 1)
(2223/2 66 63 1/2 1)
(1112 72 67 1 1)
(1112 60 60 1/2 1)
(2225/2 66 63 1/2 1)
(1113 71 66 5 1)
(1113 59 59 1/2 1)
(2227/2 62 61 1/2 1)
(1114 59 59 1/2 1)
(2229/2 62 61 1/2 1)
(1115 59 59 1/2 1)
(2231/2 62 61 1/2 1)
(1116 59 59 1/2 1)
(2233/2 62 61 1/2 1)
(1117 59 59 1/2 1)
(2235/2 62 61 1/2 1)
(1118 60 60 1/2 1)
(1118 72 67 1 1)
(2237/2 62 61 1/2 1)
(1119 71 66 2 1)
(1119 59 59 1/2 1)
(2239/2 62 61 1/2 1)
(1120 59 59 1/2 1)
(2241/2 62 61 1/2 1)
(1121 60 60 1/2 1)
(1121 72 67 1 1)
(2243/2 62 61 1/2 1)
(1122 71 66 2 1)
(1122 59 59 1/2 1)
(2245/2 62 61 1/2 1)
(1123 59 59 1/2 1)
(2247/2 62 61 1/2 1)
(1124 61 60 1/2 1)
(1124 73 67 1 1)
(2249/2 67 64 1/2 1)
(1125 74 68 2 1)
(1125 62 61 1/2 1)
(2251/2 69 65 1/2 1)
(1126 62 61 1/2 1)
(2253/2 69 65 1/2 1)
(1127 64 62 1/2 1)
(1127 76 69 1 1)
(2255/2 69 65 1/2 1)
(1128 78 70 2 1)
(1128 66 63 1/2 1)
(2257/2 69 65 1/2 1)
(1129 66 63 1/2 1)
(2259/2 69 65 1/2 1)
(1130 67 64 1/2 1)
(1130 79 71 1 1)
(2261/2 74 68 1/2 1)
(1131 74 68 3 1)
(1131 69 65 3 1)
(1131 81 72 3 1)
(1134 81 72 16666667/50000000 1)
(5671667/5000 80 71 16666667/50000000 1)
(5673333/5000 83 73 16666667/50000000 1)
(1135 81 72 16666667/50000000 1)
(5676667/5000 79 71 16666667/50000000 1)
(5678333/5000 78 70 16666667/50000000 1)
(1136 76 69 1/5 1)
(5681/5 74 68 1/5 1)
(5682/5 73 67 1/5 1)
(5683/5 71 66 1/5 1)
(5684/5 69 65 1/5 1)
(1137 74 68 3 1)
(1137 80 71 3 1)
(1137 86 75 3 1)
(1140 86 75 16666667/50000000 1)
(5701667/5000 85 74 16666667/50000000 1)
(5703333/5000 88 76 16666667/50000000 1)
(1141 86 75 16666667/50000000 1)
(5706667/5000 85 74 16666667/50000000 1)
(5708333/5000 83 73 16666667/50000000 1)
(1142 81 72 1/5 1)
(5711/5 80 71 1/5 1)
(5712/5 78 70 1/5 1)
(5713/5 76 69 1/5 1)
(5714/5 74 68 1/5 1)
(1143 86 75 16666667/50000000 1)
(5716667/5000 85 74 16666667/50000000 1)
(5718333/5000 88 76 16666667/50000000 1)
(1144 86 75 16666667/50000000 1)
(5721667/5000 85 74 16666667/50000000 1)
(5723333/5000 83 73 16666667/50000000 1)
(1145 81 72 1/5 1)
(5726/5 79 71 1/5 1)
(5727/5 78 70 1/5 1)
(5728/5 76 69 1/5 1)
(5729/5 74 68 1/5 1)
(1146 81 72 16666667/50000000 1)
(5731667/5000 80 71 16666667/50000000 1)
(5733333/5000 83 73 16666667/50000000 1)
(1147 81 72 16666667/50000000 1)
(5736667/5000 79 71 16666667/50000000 1)
(5738333/5000 78 70 16666667/50000000 1)
(1148 76 69 1/5 1)
(5741/5 74 68 1/5 1)
(5742/5 73 67 1/5 1)
(5743/5 71 66 1/5 1)
(5744/5 69 65 1/5 1)
(1149 81 72 5 1)
(1149 69 65 1/2 1)
(2299/2 74 68 1/2 1)
(1150 69 65 1/2 1)
(2301/2 74 68 1/2 1)
(1151 69 65 1/2 1)
(2303/2 74 68 1/2 1)
(1152 69 65 1/2 1)
(2305/2 74 68 1/2 1)
(1153 69 65 1/2 1)
(2307/2 74 68 1/2 1)
(1154 80 71 1 1)
(1154 68 64 1/2 1)
(2309/2 74 68 1/2 1)
(1155 69 65 1/2 1)
(1155 81 72 2 1)
(2311/2 74 68 1/2 1)
(1156 69 65 1/2 1)
(2313/2 74 68 1/2 1)
(1157 83 73 1 1)
(1157 71 66 1/2 1)
(2315/2 74 68 1/2 1)
(1158 69 65 1/2 1)
(1158 81 72 2 1)
(2317/2 74 68 1/2 1)
(1159 69 65 1/2 1)
(2319/2 74 68 1/2 1)
(1160 67 64 1/2 1)
(1160 79 71 1 1)
(2321/2 73 67 1/2 1)
(1161 66 63 1/2 1)
(1161 78 70 5 1)
(2323/2 69 65 1/2 1)
(1162 66 63 1/2 1)
(2325/2 69 65 1/2 1)
(1163 66 63 1/2 1)
(2327/2 69 65 1/2 1)
(1164 66 63 1/2 1)
(2329/2 69 65 1/2 1)
(1165 66 63 1/2 1)
(2331/2 69 65 1/2 1)
(1166 77 70 1 1)
(1166 65 63 1/2 1)
(2333/2 69 65 1/2 1)
(1167 78 70 2 1)
(1167 66 63 1/2 1)
(2335/2 69 65 1/2 1)
(1168 66 63 1/2 1)
(2337/2 69 65 1/2 1)
(1169 79 71 1 1)
(1169 67 64 1/2 1)
(2339/2 69 65 1/2 1)
(1170 66 63 1/2 1)
(1170 78 70 2 1)
(2341/2 69 65 1/2 1)
(1171 66 63 1/2 1)
(2343/2 69 65 1/2 1)
(1172 64 62 1/2 1)
(1172 76 69 1 1)
(2345/2 70 65 1/2 1)
(1173 62 61 1/2 1)
(1173 74 68 5 1)
(2347/2 66 63 1/2 1)
(1174 62 61 1/2 1)
(2349/2 66 63 1/2 1)
(1175 62 61 1/2 1)
(2351/2 66 63 1/2 1)
(1176 62 61 1/2 1)
(2353/2 66 63 1/2 1)
(1177 62 61 1/2 1)
(2355/2 66 63 1/2 1)
(1178 73 67 1 1)
(1178 61 60 1/2 1)
(2357/2 66 63 1/2 1)
(1179 74 68 2 1)
(1179 62 61 1/2 1)
(2359/2 66 63 1/2 1)
(1180 62 61 1/2 1)
(2361/2 66 63 1/2 1)
(1181 61 60 1/2 1)
(1181 73 67 1 1)
(2363/2 66 63 1/2 1)
(1182 62 61 1/2 1)
(1182 74 68 2 1)
(2365/2 66 63 1/2 1)
(1183 62 61 1/2 1)
(2367/2 66 63 1/2 1)
(1184 75 68 1 1)
(1184 63 61 1/2 1)
(2369/2 71 66 1/2 1)
(1185 76 69 2 1)
(1185 64 62 1/2 1)
(2371/2 71 66 1/2 1)
(1186 64 62 1/2 1)
(2373/2 71 66 1/2 1)
(1187 66 63 1/2 1)
(1187 78 70 1 1)
(2375/2 71 66 1/2 1)
(1188 67 64 1/2 1)
(1188 79 71 2 1)
(2377/2 71 66 1/2 1)
(1189 67 64 1/2 1)
(2379/2 71 66 1/2 1)
(1190 68 64 1/2 1)
(1190 80 71 1 1)
(2381/2 76 69 1/2 1)
(1191 69 65 1/2 1)
(1191 81 72 2 1)
(2383/2 76 69 1/2 1)
(1192 69 65 1/2 1)
(2385/2 76 69 1/2 1)
(1193 83 73 1 1)
(1193 71 66 1/2 1)
(2387/2 76 69 1/2 1)
(1194 84 74 2 1)
(1194 72 67 1/2 1)
(2389/2 76 69 1/2 1)
(1195 72 67 1/2 1)
(2391/2 76 69 1/2 1)
(1196 73 67 1/2 1)
(1196 85 74 1 1)
(2393/2 81 72 1/2 1)
(1197 74 68 3 1)
(1197 81 72 3 1)
(1197 86 75 3 1)
(1200 86 75 16666667/50000000 1)
(6001667/5000 85 74 16666667/50000000 1)
(6003333/5000 88 76 16666667/50000000 1)
(1201 86 75 16666667/50000000 1)
(6006667/5000 85 74 16666667/50000000 1)
(6008333/5000 83 73 16666667/50000000 1)
(1202 81 72 1/5 1)
(6011/5 79 71 1/5 1)
(6012/5 78 70 1/5 1)
(6013/5 76 69 1/5 1)
(6014/5 74 68 1/5 1)
(1203 74 68 3 1)
(1203 80 71 3 1)
(1203 86 75 3 1)
(1206 86 75 16666667/50000000 1)
(6031667/5000 85 74 16666667/50000000 1)
(6033333/5000 88 76 16666667/50000000 1)
(1207 86 75 16666667/50000000 1)
(6036667/5000 85 74 16666667/50000000 1)
(6038333/5000 83 73 16666667/50000000 1)
(1208 81 72 1/5 1)
(6041/5 80 71 1/5 1)
(6042/5 78 70 1/5 1)
(6043/5 76 69 1/5 1)
(6044/5 74 68 1/5 1)
(1209 74 68 3 1)
(1209 81 72 3 1)
(1209 78 70 3 1)
(1209 86 75 3 1)
(1212 86 75 16666667/50000000 1)
(6061667/5000 85 74 16666667/50000000 1)
(6063333/5000 88 76 16666667/50000000 1)
(1213 86 75 16666667/50000000 1)
(6066667/5000 85 74 16666667/50000000 1)
(6068333/5000 83 73 16666667/50000000 1)
(1214 81 72 1/5 1)
(6071/5 79 71 1/5 1)
(6072/5 78 70 1/5 1)
(6073/5 76 69 1/5 1)
(6074/5 74 68 1/5 1)
(1215 86 75 16666667/50000000 1)
(6076667/5000 85 74 16666667/50000000 1)
(6078333/5000 88 76 16666667/50000000 1)
(1216 86 75 16666667/50000000 1)
(6081667/5000 85 74 16666667/50000000 1)
(6083333/5000 83 73 16666667/50000000 1)
(1217 81 72 1/5 1)
(6086/5 79 71 1/5 1)
(6087/5 78 70 1/5 1)
(6088/5 76 69 1/5 1)
(6089/5 74 68 1/5 1)
(1218 86 75 16666667/50000000 1)
(6091667/5000 85 74 16666667/50000000 1)
(6093333/5000 88 76 16666667/50000000 1)
(1219 86 75 16666667/50000000 1)
(6096667/5000 85 74 16666667/50000000 1)
(6098333/5000 83 73 16666667/50000000 1)
(1220 81 72 1/5 1)
(6101/5 79 71 1/5 1)
(6102/5 78 70 1/5 1)
(6103/5 76 69 1/5 1)
(6104/5 74 68 1/5 1)
(1221 81 72 3 1)
(1221 78 70 7 1)
(1228 79 71 1 1)
(1228 76 69 1 1)
(1229 74 68 1 1)
(1229 78 70 1 1)
(1230 78 70 2 1)
(1230 74 68 2 1)
(1232 76 69 1 1)
(1232 73 67 1 1)
(1233 74 68 1/2 1)
(1235 81 72 3 1)
(1238 69 65 3 1)
(1241 74 68 2 1)
(1243 73 67 1 1)
(1244 79 71 2 1)
(1246 78 70 1 1)
(1247 86 75 3 1)
(1250 74 68 3 1)
(1253 83 73 2 1)
(1255 81 72 1/2 1)
(1256 79 71 1/2 1)
(1257 78 70 1 1)
(1258 74 68 1 1)
(1259 81 72 1 1)
(1259 69 65 3 1)
(1262 57 58 3 1)
(1262 69 65 1 1)
(1265 74 68 1 1)
(1265 62 61 2 1)
(1267 61 60 1 1)
(1267 73 67 1 1)
(1268 67 64 2 1)
(1268 79 71 1 1)
(1270 78 70 1 1)
(1270 66 63 1 1)
(1271 74 68 3 1)
(1271 86 75 1 1)
(1274 62 61 3 1)
(1274 74 68 1 1)
(1277 71 66 2 1)
(1277 83 73 1 1)
(1279 81 72 1/2 1)
(1279 69 65 1/2 1)
(1280 67 64 1/2 1)
(1280 79 71 1/2 1)
(1281 66 63 1 1)
(1281 78 70 1 1)
(1282 74 68 1 1)
(1283 74 68 3 1)
(1283 86 75 1 1)
(1286 62 61 3 1)
(1286 74 68 1 1)
(1289 71 66 2 1)
(1289 83 73 1 1)
(1291 69 65 1/2 1)
(1291 81 72 1/2 1)
(1292 67 64 1/2 1)
(1292 79 71 1/2 1)
(1293 66 63 1 1)
(1293 78 70 1 1)
(1294 74 68 1 1)
(1295 71 66 2 1)
(1295 83 73 1 1)
(1297 69 65 1/2 1)
(1297 81 72 1/2 1)
(1298 67 64 1/2 1)
(1298 79 71 1/2 1)
(1299 78 70 1 1)
(1299 66 63 1 1)
(1300 74 68 1 1)
(1301 71 66 2 1)
(1303 69 65 1/2 1)
(1304 67 64 1/2 1)
(1305 66 63 1/2 1)
(1306 64 62 1/2 1)
(1307 62 61 1/2 1)
(1308 61 60 1/2 1)
(1309 59 59 1/2 1)
(1310 58 58 1/2 1)
(1317 60 60 3 1)
(1317 69 65 4 1)
(1320 59 59 3 1)
(1321 67 64 4 1)
(1325 66 63 1/2 1)
(2651/2 64 62 1/2 1)
(1326 62 61 2 1)
(1328 61 60 1 1)
(1329 59 59 2 1)
(1331 57 58 1 1)
(1332 57 58 3 1)
(1335 62 61 3 1)
(1335 57 58 3 1)
(1338 64 62 2 1)
(1338 61 60 2 1)
(1340 62 61 1/2 1)
(1340 66 63 1/2 1)
(2681/2 67 64 1/2 1)
(2681/2 64 62 1/2 1)
(1341 66 63 1/2 1)
(1341 62 61 1/2 1)
(1343 69 65 1/2 1)
(1344 64 62 2 1)
(1344 61 60 2 1)
(1346 66 63 1/2 1)
(1346 62 61 1/2 1)
(2693/2 64 62 1/2 1)
(2693/2 67 64 1/2 1)
(1347 62 61 1/2 1)
(1347 66 63 1/2 1)
(1349 74 68 1/2 1)
(1350 61 60 2 1)
(1350 64 62 2 1)
(1352 62 61 1/2 1)
(1352 66 63 1/2 1)
(2705/2 67 64 1/2 1)
(2705/2 64 62 1/2 1)
(1353 66 63 1/2 1)
(1353 62 61 1/2 1)
(1355 78 70 1/2 1)
(1356 64 62 2 1)
(1356 61 60 2 1)
(1358 62 61 1/2 1)
(1358 66 63 1/2 1)
(2717/2 67 64 1/2 1)
(2717/2 64 62 1/2 1)
(1359 62 61 1/2 1)
(1359 66 63 1/2 1)
(1361 81 72 1/2 1)
(1362 64 62 2 1)
(1362 61 60 2 1)
(1364 62 61 1/2 1)
(1364 66 63 1/2 1)
(2729/2 67 64 1/2 1)
(2729/2 64 62 1/2 1)
(1365 66 63 1/2 1)
(1365 62 61 1/2 1)
(1367 86 75 1/2 1)
(1367 78 70 1/2 1)
(1370 86 75 1/2 1)
(1370 78 70 1/2 1)
(1373 78 70 1/2 1)
(1373 86 75 1/2 1)
(1374 78 70 1/2 1)
(1374 86 75 1/2 1)
(1377 73 67 1/2 1)
(1377 67 64 1/2 1)
(1380 74 68 1/2 1)
(1380 66 63 1/2 1)
