(0 67 64 3/4 1)
(3/4 66 63 1/4 1)
(1 66 63 2 1)
(3 66 63 3/4 1)
(15/4 67 64 1/4 1)
(4 67 64 2 1)
(6 67 64 3/4 1)
(27/4 71 66 1/4 1)
(7 74 68 3/2 1)
(17/2 76 69 1/2 1)
(9 74 68 1/2 1)
(19/2 72 67 1/2 1)
(10 71 66 1 1)
(11 67 64 1/2 1)
(12 67 64 3/4 1)
(51/4 66 63 1/4 1)
(13 66 63 2 1)
(15 66 63 3/4 1)
(63/4 67 64 1/4 1)
(16 67 64 2 1)
(18 67 64 3/4 1)
(75/4 71 66 1/4 1)
(19 74 68 3/2 1)
(41/2 73 67 1/2 1)
(21 72 67 1/2 1)
(43/2 69 65 1/2 1)
(22 67 64 1 1)
(24 71 66 3/4 1)
(99/4 71 66 1/4 1)
(25 71 66 1 1)
(26 72 67 1/2 1)
(27 72 67 3/4 1)
(111/4 72 67 1/4 1)
(28 72 67 1 1)
(29 71 66 1/2 1)
(30 71 66 3/4 1)
(123/4 71 66 1/4 1)
(31 71 66 1/2 1)
(63/2 69 65 1/2 1)
(32 68 64 1/2 1)
(65/2 69 65 1/2 1)
(33 75 68 1/2 1)
(67/2 76 69 1/2 1)
(34 67 64 1 1)
(35 66 63 1/2 1)
(36 79 71 3/4 1)
(147/4 78 70 1/4 1)
(37 78 70 2 1)
(39 78 70 3/4 1)
(159/4 79 71 1/4 1)
(40 79 71 2 1)
(42 79 71 3/4 1)
(171/4 83 73 1/4 1)
(43 86 75 3/2 1)
(89/2 88 76 1/2 1)
(45 86 75 1/2 1)
(91/2 84 74 1/2 1)
(46 83 73 1 1)
(47 79 71 1/2 1)
(48 79 71 3/4 1)
(195/4 78 70 1/4 1)
(49 78 70 2 1)
(51 78 70 3/4 1)
(207/4 79 71 1/4 1)
(52 79 71 2 1)
(54 79 71 3/4 1)
(219/4 83 73 1/4 1)
(55 86 75 1/2 1)
(56 86 75 1/4 1)
(225/4 85 74 1/4 1)
(113/2 86 75 1/4 1)
(227/4 85 74 1/4 1)
(57 86 75 1/4 1)
(229/4 84 74 1/4 1)
(115/2 83 73 1/4 1)
(231/4 81 72 1/4 1)
(58 79 71 1 1)
(60 71 66 1 1)
(60 74 68 1 1)
(61 79 71 1 1)
(61 76 69 1 1)
(63 74 68 1 1)
(63 78 70 1 1)
(64 72 67 1 1)
(64 76 69 1 1)
(66 74 68 1 1)
(66 71 66 1 1)
(67 74 68 1 1)
(67 72 67 1 1)
(68 72 67 1 1)
(68 74 68 1 1)
(69 74 68 1 1)
(69 72 67 1 1)
(70 71 66 1 1)
(70 74 68 1 1)
(293/4 74 68 1/4 1)
(147/2 76 69 1/4 1)
(295/4 78 70 1/4 1)
(74 79 71 1/4 1)
(297/4 81 72 1/4 1)
(149/2 83 73 1/4 1)
(299/4 85 74 1/4 1)
(75 86 75 1/2 1)
(151/2 86 75 1/2 1)
(305/4 74 68 1/4 1)
(153/2 76 69 1/4 1)
(307/4 78 70 1/4 1)
(77 79 71 1/4 1)
(309/4 81 72 1/4 1)
(155/2 83 73 1/4 1)
(311/4 85 74 1/4 1)
(78 86 75 1/2 1)
(157/2 86 75 1/2 1)
(79 83 73 1/2 1)
(159/2 81 72 1/2 1)
(80 79 71 1/2 1)
(161/2 78 70 1/2 1)
(81 76 69 1/2 1)
(163/2 74 68 1/2 1)
(82 73 67 1/10 1)
(82 81 72 3/2 1)
(167/2 83 73 1/4 1)
(335/4 81 72 1/4 1)
(84 79 71 1/4 1)
(169/2 81 72 1/4 1)
(339/4 79 71 1/4 1)
(85 78 70 1/4 1)
(171/2 79 71 1/4 1)
(343/4 78 70 1/4 1)
(86 76 69 1/4 1)
(173/2 78 70 1/4 1)
(347/4 76 69 1/4 1)
(87 74 68 1/2 1)
(175/2 76 69 1/4 1)
(351/4 74 68 1/4 1)
(88 73 67 1 1)
(179/2 73 67 1/2 1)
(90 74 68 1/4 1)
(361/4 73 67 1/4 1)
(181/2 71 66 1/4 1)
(363/4 73 67 1/4 1)
(91 74 68 1 1)
(185/2 74 68 1/2 1)
(93 76 69 1/4 1)
(373/4 74 68 1/4 1)
(187/2 73 67 1/4 1)
(375/4 74 68 1/4 1)
(94 81 72 3/2 1)
(191/2 83 73 1/4 1)
(383/4 81 72 1/4 1)
(96 79 71 1/4 1)
(193/2 81 72 1/4 1)
(387/4 79 71 1/4 1)
(97 78 70 1/4 1)
(195/2 79 71 1/4 1)
(391/4 78 70 1/4 1)
(98 76 69 1/2 1)
(197/2 78 70 1/4 1)
(395/4 76 69 1/4 1)
(99 74 68 1/4 1)
(199/2 76 69 1/4 1)
(399/4 74 68 1/4 1)
(100 73 67 1 1)
(203/2 73 67 1/2 1)
(102 76 69 1/4 1)
(409/4 74 68 1/4 1)
(205/2 73 67 1/4 1)
(411/4 74 68 1/4 1)
(103 76 69 3/4 1)
(415/4 79 71 1/4 1)
(104 74 68 1 1)
(105 73 67 1 1)
(106 74 68 1/2 1)
(213/2 76 69 1/4 1)
(427/4 78 70 1/4 1)
(107 79 71 1/4 1)
(429/4 81 72 1/4 1)
(215/2 83 73 1/4 1)
(431/4 85 74 1/4 1)
(108 86 75 1/2 1)
(217/2 86 75 1/2 1)
(109 86 75 1/2 1)
(219/2 81 72 1/2 1)
(110 81 72 1/2 1)
(221/2 78 70 1/2 1)
(111 78 70 1/2 1)
(223/2 74 68 1/2 1)
(112 74 68 2 1)
(114 76 69 3/4 1)
(459/4 73 67 1/4 1)
(115 74 68 1/2 1)
(231/2 76 69 1/4 1)
(463/4 78 70 1/4 1)
(116 79 71 1/4 1)
(465/4 81 72 1/4 1)
(233/2 83 73 1/4 1)
(467/4 85 74 1/4 1)
(117 86 75 1/2 1)
(235/2 86 75 1/2 1)
(118 86 75 16666667/50000000 1)
(14791667/125000 81 72 16666667/50000000 1)
(14833333/125000 81 72 16666667/100000000 1)
(119 81 72 16666667/50000000 1)
(14916667/125000 78 70 16666667/50000000 1)
(14958333/125000 78 70 16666667/100000000 1)
(120 78 70 16666667/50000000 1)
(15041667/125000 74 68 16666667/50000000 1)
(15083333/125000 74 68 16666667/100000000 1)
(121 74 68 2 1)
(123 76 69 3/4 1)
(495/4 73 67 1/4 1)
(124 74 68 3/4 1)
(499/4 74 68 1/4 1)
(125 73 67 3/4 1)
(503/4 74 68 1/4 1)
(126 72 67 3/4 1)
(507/4 74 68 1/4 1)
(127 71 66 3/4 1)
(511/4 74 68 1/4 1)
(128 71 66 3/4 1)
(515/4 74 68 1/4 1)
(129 73 67 3/4 1)
(519/4 76 69 1/4 1)
(130 74 68 3/4 1)
(523/4 74 68 1/4 1)
(131 73 67 3/4 1)
(527/4 74 68 1/4 1)
(132 72 67 3/4 1)
(531/4 74 68 1/4 1)
(133 71 66 3/4 1)
(535/4 74 68 1/4 1)
(134 71 66 3/4 1)
(539/4 74 68 1/4 1)
(135 73 67 3/4 1)
(543/4 76 69 1/4 1)
(136 74 68 3/4 1)
(547/4 74 68 1/4 1)
(137 73 67 3/4 1)
(551/4 74 68 1/4 1)
(138 72 67 3/4 1)
(555/4 74 68 1/4 1)
(139 71 66 3/4 1)
(559/4 74 68 1/4 1)
(140 69 65 3/4 1)
(563/4 74 68 1/4 1)
(141 67 64 3/4 1)
(567/4 66 63 1/4 1)
(142 66 63 2 1)
(144 66 63 3/4 1)
(579/4 67 64 1/4 1)
(145 67 64 2 1)
(147 67 64 3/4 1)
(591/4 71 66 1/4 1)
(148 74 68 3/2 1)
(299/2 76 69 1/2 1)
(150 74 68 1/2 1)
(301/2 72 67 1/2 1)
(151 71 66 1 1)
(152 67 64 1/2 1)
(153 67 64 3/4 1)
(615/4 66 63 1/4 1)
(154 66 63 2 1)
(156 66 63 3/4 1)
(627/4 67 64 1/4 1)
(157 67 64 2 1)
(159 67 64 3/4 1)
(639/4 71 66 1/4 1)
(160 74 68 3/2 1)
(323/2 73 67 1/2 1)
(162 72 67 1/2 1)
(325/2 69 65 1/2 1)
(163 67 64 1 1)
(165 71 66 3/4 1)
(663/4 71 66 1/4 1)
(166 71 66 1 1)
(167 72 67 1/2 1)
(168 72 67 3/4 1)
(675/4 72 67 1/4 1)
(169 72 67 1 1)
(170 71 66 1/2 1)
(171 71 66 3/4 1)
(687/4 71 66 1/4 1)
(172 71 66 1/2 1)
(345/2 69 65 1/2 1)
(173 68 64 1/2 1)
(347/2 69 65 1/2 1)
(174 75 68 1/2 1)
(349/2 76 69 1/2 1)
(175 67 64 1 1)
(176 66 63 1/2 1)
(177 79 71 3/4 1)
(711/4 78 70 1/4 1)
(178 78 70 2 1)
(180 78 70 3/4 1)
(723/4 79 71 1/4 1)
(181 79 71 2 1)
(183 79 71 3/4 1)
(735/4 83 73 1/4 1)
(184 86 75 3/2 1)
(371/2 88 76 1/2 1)
(186 86 75 1/2 1)
(373/2 84 74 1/2 1)
(187 83 73 1 1)
(188 79 71 1/2 1)
(189 79 71 3/4 1)
(759/4 78 70 1/4 1)
(190 78 70 2 1)
(192 78 70 3/4 1)
(771/4 79 71 1/4 1)
(193 79 71 2 1)
(195 79 71 3/4 1)
(783/4 83 73 1/4 1)
(196 86 75 1 1)
(197 86 75 1/4 1)
(789/4 85 74 1/4 1)
(395/2 86 75 1/4 1)
(791/4 85 74 1/4 1)
(198 86 75 1/4 1)
(793/4 84 74 1/4 1)
(397/2 83 73 1/4 1)
(795/4 81 72 1/4 1)
(199 79 71 1 1)
(201 72 67 3/4 1)
(807/4 76 69 1/4 1)
(202 79 71 3/2 1)
(202 76 69 3/2 1)
(407/2 76 69 1/2 1)
(407/2 67 64 1/2 1)
(204 77 70 1/2 1)
(204 69 65 1/2 1)
(409/2 65 63 1/2 1)
(409/2 74 68 1/2 1)
(205 64 62 1 1)
(205 72 67 1 1)
(206 64 62 1/2 1)
(206 72 67 1/2 1)
(413/2 67 64 1/2 1)
(207 72 67 1/2 1)
(415/2 76 69 1/2 1)
(208 79 71 3/2 1)
(208 76 69 3/2 1)
(419/2 67 64 1/2 1)
(419/2 76 69 1/2 1)
(210 69 65 1/2 1)
(210 77 70 1/2 1)
(421/2 65 63 1/2 1)
(421/2 74 68 1/2 1)
(211 72 67 1 1)
(211 64 62 1 1)
(425/2 72 67 1/2 1)
(213 71 66 1/2 1)
(427/2 72 67 1/2 1)
(214 74 68 1/2 1)
(429/2 71 66 1/2 1)
(215 67 64 1/2 1)
(431/2 74 68 1/2 1)
(216 72 67 1/2 1)
(433/2 74 68 1/2 1)
(217 76 69 1/2 1)
(435/2 72 67 1/2 1)
(218 67 64 1/2 1)
(437/2 76 69 1/2 1)
(219 74 68 1/2 1)
(439/2 76 69 1/2 1)
(220 77 70 1/2 1)
(441/2 79 71 1/2 1)
(221 81 72 1/2 1)
(443/2 76 69 1/2 1)
(222 77 70 1/2 1)
(445/2 74 68 1/2 1)
(223 72 67 1 1)
(224 71 66 1/2 1)
(449/2 67 64 1/2 1)
(225 72 67 1/2 1)
(451/2 76 69 1/2 1)
(226 79 71 3/2 1)
(226 76 69 3/2 1)
(455/2 67 64 1/2 1)
(455/2 76 69 1/2 1)
(228 69 65 1/2 1)
(228 77 70 1/2 1)
(457/2 74 68 1/2 1)
(457/2 65 63 1/2 1)
(229 72 67 1 1)
(229 64 62 1 1)
(230 64 62 1/2 1)
(230 72 67 1/2 1)
(461/2 67 64 1/2 1)
(231 72 67 1/2 1)
(463/2 76 69 1/2 1)
(232 76 69 3/2 1)
(232 79 71 3/2 1)
(467/2 67 64 1/2 1)
(467/2 76 69 1/2 1)
(234 69 65 1/2 1)
(234 77 70 1/2 1)
(469/2 65 63 1/2 1)
(469/2 74 68 1/2 1)
(235 72 67 1 1)
(235 64 62 1 1)
(473/2 72 67 1/2 1)
(237 71 66 1/2 1)
(475/2 72 67 1/2 1)
(238 74 68 1/2 1)
(477/2 71 66 1/2 1)
(239 67 64 1/2 1)
(479/2 74 68 1/2 1)
(240 72 67 1/2 1)
(481/2 74 68 1/2 1)
(241 76 69 1/2 1)
(483/2 72 67 1/2 1)
(242 67 64 1/2 1)
(485/2 76 69 1/2 1)
(243 74 68 1/2 1)
(487/2 76 69 1/2 1)
(244 78 70 1/2 1)
(489/2 72 67 1/2 1)
(245 69 65 1/2 1)
(491/2 78 70 1/2 1)
(246 76 69 1/2 1)
(493/2 78 70 1/2 1)
(247 79 71 1/2 1)
(495/2 74 68 1/2 1)
(248 71 66 1/2 1)
(497/2 79 71 1/2 1)
(249 81 72 1/2 1)
(499/2 83 73 1/2 1)
(250 84 74 1/2 1)
(501/2 83 73 1/2 1)
(251 81 72 1/2 1)
(503/2 79 71 1/2 1)
(252 78 70 1/2 1)
(505/2 76 69 1/2 1)
(253 74 68 1/2 1)
(507/2 72 67 1/2 1)
(254 71 66 1/2 1)
(509/2 69 65 1/2 1)
(255 67 64 1/2 1)
(511/2 66 63 1/2 1)
(256 64 62 1/2 1)
(513/2 62 61 1/2 1)
(261 67 64 3/4 1)
(1047/4 66 63 1/4 1)
(262 66 63 2 1)
(264 66 63 3/4 1)
(1059/4 67 64 1/4 1)
(265 67 64 2 1)
(267 67 64 3/4 1)
(1071/4 71 66 1/4 1)
(268 74 68 3/2 1)
(539/2 76 69 1/2 1)
(270 74 68 1/2 1)
(541/2 72 67 1/2 1)
(271 71 66 1 1)
(272 67 64 1/2 1)
(273 67 64 3/4 1)
(1095/4 66 63 1/4 1)
(274 66 63 2 1)
(276 66 63 3/4 1)
(1107/4 67 64 1/4 1)
(277 67 64 2 1)
(279 67 64 3/4 1)
(1119/4 71 66 1/4 1)
(280 74 68 3/2 1)
(563/2 73 67 1/2 1)
(282 72 67 1/2 1)
(565/2 69 65 1/2 1)
(283 67 64 1 1)
(285 71 66 3/4 1)
(1143/4 71 66 1/4 1)
(286 71 66 1 1)
(287 72 67 1/2 1)
(288 72 67 3/4 1)
(1155/4 72 67 1/4 1)
(289 72 67 1 1)
(290 71 66 1/2 1)
(291 71 66 3/4 1)
(1167/4 71 66 1/4 1)
(292 71 66 1/2 1)
(585/2 69 65 1/2 1)
(293 68 64 1/2 1)
(587/2 69 65 1/2 1)
(294 75 68 1/2 1)
(589/2 76 69 1/2 1)
(295 67 64 1 1)
(296 66 63 1/2 1)
(297 79 71 3/4 1)
(1191/4 78 70 1/4 1)
(298 78 70 2 1)
(300 78 70 3/4 1)
(1203/4 79 71 1/4 1)
(301 79 71 2 1)
(303 79 71 3/4 1)
(1215/4 83 73 1/4 1)
(304 86 75 3/2 1)
(611/2 88 76 1/2 1)
(306 86 75 1/2 1)
(613/2 84 74 1/2 1)
(307 83 73 1 1)
(308 79 71 1/2 1)
(309 79 71 3/4 1)
(1239/4 78 70 1/4 1)
(310 78 70 2 1)
(312 78 70 3/4 1)
(1251/4 79 71 1/4 1)
(313 79 71 2 1)
(315 79 71 3/4 1)
(1263/4 83 73 1/4 1)
(316 86 75 1 1)
(317 86 75 1/4 1)
(1269/4 85 74 1/4 1)
(635/2 86 75 1/4 1)
(1271/4 85 74 1/4 1)
(318 86 75 1/4 1)
(1273/4 84 74 1/4 1)
(637/2 83 73 1/4 1)
(1275/4 81 72 1/4 1)
(319 79 71 1 1)
(321 79 71 3/4 1)
(1287/4 77 70 1/4 1)
(322 77 70 1 1)
(324 77 70 3/4 1)
(1299/4 76 69 1/4 1)
(325 76 69 1 1)
(327 76 69 3/4 1)
(1311/4 74 68 1/4 1)
(328 74 68 1 1)
(330 74 68 3/4 1)
(1323/4 72 67 1/4 1)
(331 72 67 1 1)
(333 72 67 3/4 1)
(1335/4 69 65 1/4 1)
(334 67 64 1/2 1)
(669/2 66 63 1/2 1)
(335 74 68 3/2 1)
(673/2 67 64 1/2 1)
(337 67 64 1/2 1)
(675/2 66 63 1/2 1)
(338 74 68 3/2 1)
(679/2 71 66 1/2 1)
(681/2 69 65 1/4 1)
(1363/4 72 67 1/4 1)
(683/2 67 64 1/4 1)
(1367/4 71 66 1/4 1)
(685/2 66 63 1/4 1)
(1371/4 69 65 1/4 1)
(1373/4 67 64 1/4 1)
(687/2 69 65 1/4 1)
(1375/4 71 66 1/4 1)
(344 72 67 1/4 1)
(1377/4 74 68 1/4 1)
(689/2 76 69 1/4 1)
(1379/4 78 70 1/4 1)
(345 79 71 1/4 1)
(1381/4 81 72 1/4 1)
(691/2 83 73 1/4 1)
(1383/4 79 71 1/4 1)
(346 78 70 1/2 1)
(693/2 86 75 1 1)
(695/2 86 75 1/2 1)
(348 84 74 1/4 1)
(1393/4 83 73 1/4 1)
(697/2 81 72 1/4 1)
(1395/4 79 71 1/4 1)
(349 78 70 1/4 1)
(1397/4 86 75 1/4 1)
(699/2 85 74 1/4 1)
(1399/4 86 75 1/4 1)
(350 85 74 1/4 1)
(1401/4 86 75 1/4 1)
(701/2 85 74 1/4 1)
(1403/4 86 75 1/4 1)
(351 84 74 1/4 1)
(1405/4 83 73 1/4 1)
(703/2 81 72 1/4 1)
(1407/4 79 71 1/4 1)
(352 87 75 1/4 1)
(1409/4 88 76 1/4 1)
(705/2 87 75 1/4 1)
(1411/4 88 76 1/4 1)
(353 79 71 1 1)
(354 83 73 1/4 1)
(1417/4 81 72 1/4 1)
(709/2 79 71 1/4 1)
(1419/4 81 72 1/4 1)
(355 79 71 1 1)
(357 66 63 1/2 1)
(357 60 60 1/2 1)
(358 67 64 1/2 1)
(358 59 59 1/2 1)
