(0 60 60 1/2 1)
(1 65 63 1/2 1)
(2 68 65 1/2 1)
(3 72 67 1/2 1)
(4 77 70 1/2 1)
(5 80 72 3/2 1)
(13/2 79 71 16666667/100000000 1)
(13333333/2000000 77 70 16666667/100000000 1)
(13666667/2000000 76 69 16666667/100000000 1)
(7 77 70 1/2 1)
(9 67 64 1/2 1)
(10 72 67 1/2 1)
(11 76 69 1/2 1)
(12 79 71 1/2 1)
(13 82 73 3/2 1)
(29/2 80 72 16666667/100000000 1)
(14666667/1000000 79 71 16666667/100000000 1)
(14833333/1000000 77 70 16666667/100000000 1)
(15 79 71 1/2 1)
(17 80 72 3/2 1)
(17 72 67 1/10 1)
(37/2 79 71 16666667/100000000 1)
(9333333/500000 77 70 16666667/100000000 1)
(9416667/500000 76 69 16666667/100000000 1)
(19 77 70 1/2 1)
(21 82 73 3/2 1)
(21 72 67 1/10 1)
(45/2 80 72 16666667/100000000 1)
(11333333/500000 79 71 16666667/100000000 1)
(11416667/500000 77 70 16666667/100000000 1)
(23 79 71 1/2 1)
(25 72 67 2 1)
(25 77 70 2 1)
(25 84 74 2 1)
(25 80 72 2 1)
(27 82 73 1/2 1)
(55/2 80 72 1/2 1)
(28 79 71 1/2 1)
(57/2 77 70 1/2 1)
(29 79 71 1/10 1)
(29 76 69 1/10 1)
(29 77 70 1/10 1)
(29 77 70 1 1)
(30 76 69 1 1)
(41 68 65 11/2 1)
(85/2 75 69 16666667/100000000 1)
(10666667/250000 73 68 16666667/100000000 1)
(10708333/250000 72 67 16666667/100000000 1)
(43 73 68 1/2 1)
(44 73 68 1/2 1)
(45 73 68 11/2 1)
(93/2 70 66 16666667/100000000 1)
(11666667/250000 68 65 16666667/100000000 1)
(11708333/250000 67 64 16666667/100000000 1)
(47 68 65 1/2 1)
(48 68 65 1/2 1)
(49 67 64 4 1)
(101/2 75 69 16666667/100000000 1)
(12666667/250000 73 68 16666667/100000000 1)
(12708333/250000 72 67 16666667/100000000 1)
(51 73 68 1/2 1)
(52 73 68 1/2 1)
(53 68 65 4 1)
(109/2 73 68 16666667/100000000 1)
(13666667/250000 72 67 16666667/100000000 1)
(13708333/250000 71 66 16666667/100000000 1)
(55 72 67 1/2 1)
(56 72 67 1/2 1)
(57 72 67 1 1)
(57 65 63 4 1)
(58 70 66 2 1)
(60 68 65 1 1)
(61 67 64 1/2 1)
(62 75 69 1 1)
(63 73 68 1 1)
(64 72 67 2 1)
(66 70 66 2 1)
(68 68 65 1 1)
(69 67 64 1 1)
(70 63 62 1 1)
(70 75 69 1 1)
(71 73 68 1 1)
(71 61 61 1 1)
(72 72 67 1 1)
(72 60 60 2 1)
(74 58 59 2 1)
(74 70 66 2 1)
(76 68 65 1 1)
(76 56 58 1 1)
(77 67 64 1 1)
(77 55 57 1 1)
(80 76 69 1 1)
(81 75 69 1 1)
(82 73 68 1 1)
(83 70 66 1 1)
(84 67 64 1 1)
(85 64 62 3/2 1)
(173/2 63 62 1/2 1)
(87 68 65 1/2 1)
(88 76 69 1 1)
(89 75 69 1 1)
(90 73 68 1 1)
(91 70 66 1 1)
(92 67 64 1 1)
(93 64 62 3/2 1)
(189/2 63 62 1/2 1)
(95 68 65 1/2 1)
(96 76 69 1 1)
(97 75 69 1 1)
(98 73 68 1 1)
(99 70 66 1 1)
(100 67 64 1 1)
(203/2 67 64 1/2 1)
(102 70 66 1/2 1)
(205/2 68 65 1/2 1)
(207/2 69 65 1/2 1)
(104 72 67 1/2 1)
(209/2 70 66 1/2 1)
(211/2 71 66 1/2 1)
(106 73 68 1/2 1)
(213/2 72 67 1/2 1)
(215/2 74 68 1/2 1)
(108 80 72 1/2 1)
(217/2 74 68 1/2 1)
(109 75 69 1 1)
(223/2 74 68 1/2 1)
(112 80 72 1/2 1)
(225/2 74 68 1/2 1)
(113 75 69 1 1)
(231/2 79 71 1/2 1)
(116 88 76 1/2 1)
(233/2 79 71 1/2 1)
(117 80 72 1 1)
(239/2 79 71 1/2 1)
(120 88 76 1/2 1)
(241/2 79 71 1/2 1)
(243/2 79 71 1/2 1)
(122 82 73 1/2 1)
(245/2 80 72 1/2 1)
(247/2 81 72 1/2 1)
(124 84 74 1/2 1)
(249/2 82 73 1/2 1)
(251/2 83 73 1/2 1)
(126 85 75 1/2 1)
(253/2 84 74 1/2 1)
(255/2 84 74 1/2 1)
(128 87 76 1/2 1)
(257/2 85 75 1/2 1)
(259/2 86 75 1/2 1)
(130 89 77 1/2 1)
(261/2 87 76 1/2 1)
(131 85 75 1/2 1)
(263/2 84 74 1/2 1)
(132 82 73 1/2 1)
(265/2 80 72 1/2 1)
(133 79 71 1/2 1)
(267/2 77 70 1/2 1)
(134 75 69 1/2 1)
(269/2 73 68 1/2 1)
(135 72 67 1/2 1)
(271/2 70 66 1/2 1)
(136 68 65 1/2 1)
(273/2 67 64 1/2 1)
(137 65 63 1/2 1)
(275/2 63 62 1/2 1)
(138 62 61 1/2 1)
(277/2 63 62 1/2 1)
(139 62 61 1/2 1)
(279/2 63 62 1/2 1)
(140 62 61 1/2 1)
(281/2 63 62 1/2 1)
(141 62 61 1/2 1)
(283/2 63 62 1/2 1)
(142 65 63 1/2 1)
(285/2 63 62 1/2 1)
(143 62 61 1/2 1)
(287/2 63 62 1/2 1)
(144 65 63 1/2 1)
(289/2 63 62 1/2 1)
(291/2 80 72 1/2 1)
(146 89 77 1/2 1)
(293/2 87 76 1/2 1)
(147 85 75 1/2 1)
(295/2 84 74 1/2 1)
(148 82 73 1/2 1)
(297/2 80 72 1/2 1)
(149 79 71 1/2 1)
(299/2 77 70 1/2 1)
(150 75 69 1/2 1)
(301/2 73 68 1/2 1)
(151 72 67 1/2 1)
(303/2 70 66 1/2 1)
(152 68 65 1/2 1)
(305/2 67 64 1/2 1)
(153 65 63 1/2 1)
(307/2 63 62 1/2 1)
(154 61 61 1/2 1)
(309/2 60 60 1/2 1)
(155 58 59 1/2 1)
(311/2 56 58 1/2 1)
(156 55 57 1/2 1)
(313/2 53 56 1/2 1)
(157 51 55 1/2 1)
(315/2 53 56 1/2 1)
(158 55 57 1/2 1)
(317/2 56 58 1/2 1)
(159 58 59 1/2 1)
(319/2 60 60 1/2 1)
(160 61 61 1/2 1)
(321/2 58 59 1/2 1)
(161 56 58 1 1)
(163 71 66 3/2 1)
(163 62 61 1/10 1)
(329/2 70 66 1/2 1)
(165 68 65 2 1)
(167 67 64 3/2 1)
(337/2 75 69 1/2 1)
(169 75 69 1 1)
(170 68 65 1 1)
(171 62 61 1/10 1)
(171 71 66 3/2 1)
(345/2 70 66 1/2 1)
(173 68 65 2 1)
(175 67 64 3/2 1)
(353/2 75 69 1/2 1)
(177 75 69 1 1)
(178 68 65 1 1)
(179 74 68 1/10 1)
(179 83 73 3/2 1)
(361/2 82 73 1/2 1)
(181 80 72 2 1)
(183 79 71 3/2 1)
(369/2 87 76 1/2 1)
(185 87 76 4 1)
(185 73 68 4 1)
(185 79 71 4 1)
(189 80 72 1 1)
(189 75 69 1 1)
(189 72 67 1 1)
(192 63 62 1/2 1)
(193 68 65 1/2 1)
(194 72 67 1/2 1)
(195 75 69 1/2 1)
(196 80 72 1/2 1)
(197 84 74 3/2 1)
(397/2 82 73 16666667/100000000 1)
(19866667/100000 80 72 16666667/100000000 1)
(19883333/100000 79 71 16666667/100000000 1)
(199 80 72 1/2 1)
(201 73 68 1/10 1)
(201 85 75 3/2 1)
(405/2 84 74 16666667/100000000 1)
(20266667/100000 82 73 16666667/100000000 1)
(20283333/100000 81 72 16666667/100000000 1)
(203 82 73 1/2 1)
(205 70 66 1/2 1)
(206 73 68 1/2 1)
(207 79 71 1/2 1)
(208 82 73 1/2 1)
(209 73 68 1/10 1)
(209 85 75 3/2 1)
(421/2 84 74 16666667/100000000 1)
(21066667/100000 82 73 16666667/100000000 1)
(21083333/100000 81 72 16666667/100000000 1)
(211 82 73 1/2 1)
(213 73 68 1/10 1)
(213 85 75 3/2 1)
(429/2 84 74 16666667/100000000 1)
(21466667/100000 82 73 16666667/100000000 1)
(21483333/100000 81 72 16666667/100000000 1)
(215 82 73 1/2 1)
(217 81 72 1 1)
(220 78 71 1 1)
(221 77 70 1 1)
(222 75 69 1 1)
(223 72 67 1 1)
(224 69 65 1 1)
(225 66 64 3/2 1)
(453/2 65 63 1/2 1)
(227 70 66 1/2 1)
(228 78 71 1 1)
(229 77 70 1 1)
(230 75 69 1 1)
(231 72 67 1 1)
(232 69 65 1 1)
(233 66 64 3/2 1)
(469/2 65 63 1/2 1)
(235 70 66 1/2 1)
(236 78 71 1 1)
(237 77 70 1 1)
(238 75 69 1 1)
(239 72 67 1 1)
(240 69 65 1 1)
(483/2 69 65 1/2 1)
(242 72 67 1/2 1)
(485/2 70 66 1/2 1)
(487/2 70 66 1/2 1)
(244 73 68 1/2 1)
(489/2 72 67 1/2 1)
(491/2 72 67 1/2 1)
(246 75 69 1/2 1)
(493/2 73 68 1/2 1)
(495/2 71 66 1/2 1)
(248 74 68 1/2 1)
(497/2 72 67 1/2 1)
(249 71 66 1 1)
(252 80 72 1 1)
(253 79 71 1 1)
(254 77 70 1 1)
(255 74 68 1 1)
(256 71 66 1 1)
(257 68 65 3/2 1)
(517/2 67 64 1/2 1)
(259 72 67 1/2 1)
(260 80 72 1 1)
(261 79 71 1 1)
(262 77 70 1 1)
(263 74 68 1 1)
(264 71 66 1 1)
(265 68 65 3/2 1)
(533/2 67 64 1/2 1)
(267 72 67 1/2 1)
(268 65 63 1/2 1)
(537/2 62 61 1/2 1)
(269 65 63 1/2 1)
(539/2 62 61 1/2 1)
(270 65 63 1/2 1)
(541/2 62 61 1/2 1)
(271 65 63 1/2 1)
(543/2 62 61 1/2 1)
(272 65 63 1/2 1)
(545/2 62 61 1/2 1)
(273 65 63 1/2 1)
(547/2 62 61 1/2 1)
(274 65 63 1/2 1)
(274 71 66 1 1)
(549/2 62 61 1/2 1)
(275 72 67 1 1)
(275 63 62 1/2 1)
(551/2 60 60 1/2 1)
(276 63 62 1/2 1)
(553/2 60 60 1/2 1)
(277 63 62 1/2 1)
(555/2 60 60 1/2 1)
(278 63 62 1/2 1)
(557/2 60 60 1/2 1)
(279 63 62 1/2 1)
(559/2 60 60 1/2 1)
(280 63 62 1/2 1)
(561/2 60 60 1/2 1)
(281 63 62 1/2 1)
(563/2 60 60 1/2 1)
(282 69 65 1 1)
(282 63 62 1/2 1)
(565/2 60 60 1/2 1)
(283 70 66 1 1)
(283 61 61 1/2 1)
(567/2 58 59 1/2 1)
(284 61 61 1/2 1)
(569/2 58 59 1/2 1)
(285 61 61 1/2 1)
(571/2 58 59 1/2 1)
(286 61 61 1/2 1)
(573/2 58 59 1/2 1)
(287 61 61 1/2 1)
(575/2 58 59 1/2 1)
(288 61 61 1/2 1)
(577/2 58 59 1/2 1)
(289 61 61 1/2 1)
(579/2 58 59 1/2 1)
(290 61 61 1/2 1)
(581/2 58 59 1/2 1)
(291 61 61 1/2 1)
(291 67 64 2 1)
(583/2 58 59 1/2 1)
(292 61 61 1/2 1)
(585/2 58 59 1/2 1)
(293 60 60 1/2 1)
(587/2 56 58 1/2 1)
(294 63 62 1/2 1)
(589/2 56 58 1/2 1)
(295 63 62 1/2 1)
(295 68 65 2 1)
(591/2 56 58 1/2 1)
(296 63 62 1/2 1)
(593/2 56 58 1/2 1)
(297 61 61 1/2 1)
(595/2 56 58 1/2 1)
(298 61 61 1/2 1)
(597/2 56 58 1/2 1)
(299 65 63 2 1)
(299 61 61 1/2 1)
(599/2 56 58 1/2 1)
(300 61 61 1/2 1)
(601/2 56 58 1/2 1)
(301 61 61 1/2 1)
(603/2 55 57 1/2 1)
(302 61 61 1/2 1)
(605/2 55 57 1/2 1)
(303 61 61 1/2 1)
(303 67 64 2 1)
(607/2 55 57 1/2 1)
(304 61 61 1/2 1)
(609/2 55 57 1/2 1)
(305 60 60 1/2 1)
(611/2 55 57 1/2 1)
(306 60 60 1/2 1)
(613/2 55 57 1/2 1)
(307 64 62 2 1)
(307 60 60 1/2 1)
(615/2 55 57 1/2 1)
(308 60 60 1/2 1)
(617/2 55 57 1/2 1)
(309 56 58 1/2 1)
(619/2 53 56 1/2 1)
(310 60 60 1/2 1)
(621/2 53 56 1/2 1)
(311 65 63 2 1)
(311 60 60 1/2 1)
(623/2 53 56 1/2 1)
(312 60 60 1/2 1)
(625/2 53 56 1/2 1)
(313 61 61 1/2 1)
(627/2 53 56 1/2 1)
(314 61 61 1/2 1)
(629/2 53 56 1/2 1)
(315 65 63 2 1)
(315 61 61 1/2 1)
(631/2 53 56 1/2 1)
(316 61 61 1/2 1)
(633/2 53 56 1/2 1)
(317 62 61 1/2 1)
(635/2 53 56 1/2 1)
(318 56 58 1/2 1)
(318 65 63 1/2 1)
(318 62 61 1/2 1)
(637/2 53 56 1/2 1)
(319 62 61 1/2 1)
(319 56 58 1/2 1)
(319 65 63 1/2 1)
(639/2 53 56 1/2 1)
(320 56 58 1/2 1)
(320 65 63 1/2 1)
(320 62 61 1/2 1)
(641/2 53 56 1/2 1)
(321 55 57 1 1)
(321 64 62 1 1)
(321 60 60 1 1)
(324 72 67 1 1)
(325 68 65 1/2 1)
(328 77 70 1 1)
(329 76 69 1/2 1)
(332 84 74 1 1)
(333 77 70 1/2 1)
(335 89 77 2 1)
(335 77 70 2 1)
(337 76 69 1 1)
(337 88 76 1 1)
(340 72 67 1 1)
(341 68 65 1/2 1)
(341 72 67 1/10 1)
(341 71 66 1/10 1)
(342 68 65 1/2 1)
(344 77 70 1 1)
(345 76 69 1/2 1)
(345 77 70 1/10 1)
(345 76 69 1/10 1)
(346 76 69 1/2 1)
(348 84 74 1 1)
(349 83 73 1/10 1)
(349 84 74 1/10 1)
(349 77 70 1/2 1)
(350 77 70 1/2 1)
(352 77 70 1 1)
(352 89 77 1 1)
(353 88 76 1/2 1)
(353 76 69 1/2 1)
(354 76 69 1/2 1)
(354 88 76 1/2 1)
(356 85 75 1 1)
(356 73 68 1 1)
(357 84 74 1/2 1)
(357 72 67 1/2 1)
(358 72 67 1/2 1)
(358 84 74 1/2 1)
(360 89 77 1 1)
(360 77 70 1 1)
(361 88 76 1/2 1)
(361 76 69 1/2 1)
(362 76 69 1/2 1)
(362 88 76 1/2 1)
(364 73 68 1 1)
(364 85 75 1 1)
(365 84 74 1/2 1)
(365 72 67 1/2 1)
(366 72 67 1/2 1)
(366 84 74 1/2 1)
(368 89 77 1 1)
(368 77 70 1 1)
(369 76 69 1/2 1)
(369 88 76 1/2 1)
(757/2 68 65 16666667/100000000 1)
(18933333/50000 66 64 16666667/100000000 1)
(18941667/50000 65 63 16666667/100000000 1)
(379 66 64 1/2 1)
(765/2 87 76 16666667/100000000 1)
(19133333/50000 85 75 16666667/100000000 1)
(19141667/50000 84 74 16666667/100000000 1)
(383 85 75 1/2 1)
(773/2 65 63 16666667/100000000 1)
(19333333/50000 64 62 16666667/100000000 1)
(19341667/50000 62 61 16666667/100000000 1)
(387 64 62 1/2 1)
(781/2 85 75 16666667/100000000 1)
(19533333/50000 84 74 16666667/100000000 1)
(19541667/50000 83 73 16666667/100000000 1)
(391 84 74 1/2 1)
(789/2 63 62 16666667/100000000 1)
(19733333/50000 62 61 16666667/100000000 1)
(19741667/50000 60 60 16666667/100000000 1)
(395 62 61 1/2 1)
(797/2 84 74 16666667/100000000 1)
(19933333/50000 82 73 16666667/100000000 1)
(19941667/50000 81 72 16666667/100000000 1)
(399 82 73 1/2 1)
(401 65 63 1/2 1)
(402 68 65 1/2 1)
(403 72 67 1/2 1)
(404 77 70 1/2 1)
(405 80 72 3/2 1)
(813/2 79 71 16666667/100000000 1)
(20333333/50000 77 70 16666667/100000000 1)
(20341667/50000 76 69 16666667/100000000 1)
(407 77 70 1/2 1)
(409 67 64 1/2 1)
(410 72 67 1/2 1)
(411 76 69 1/2 1)
(412 79 71 1/2 1)
(413 82 73 3/2 1)
(829/2 80 72 16666667/100000000 1)
(20733333/50000 79 71 16666667/100000000 1)
(20741667/50000 77 70 16666667/100000000 1)
(415 79 71 1/2 1)
(417 72 67 1/10 1)
(417 80 72 3/2 1)
(837/2 79 71 16666667/100000000 1)
(20933333/50000 77 70 16666667/100000000 1)
(20941667/50000 76 69 16666667/100000000 1)
(419 77 70 1/2 1)
(421 82 73 3/2 1)
(421 72 67 1/10 1)
(845/2 80 72 16666667/100000000 1)
(21133333/50000 79 71 16666667/100000000 1)
(21141667/50000 77 70 16666667/100000000 1)
(423 79 71 1/2 1)
(425 80 72 2 1)
(425 84 74 2 1)
(425 77 70 2 1)
(425 72 67 2 1)
(427 82 73 1/2 1)
(855/2 80 72 1/2 1)
(428 79 71 1/2 1)
(857/2 77 70 1/2 1)
(429 77 70 1/10 1)
(429 76 69 1/10 1)
(429 79 71 1/10 1)
(429 77 70 1 1)
(430 76 69 1 1)
(441 82 73 3/2 1)
(885/2 80 72 16666667/100000000 1)
(22133333/50000 78 71 16666667/100000000 1)
(22141667/50000 77 70 16666667/100000000 1)
(443 78 71 1/2 1)
(444 78 71 1/2 1)
(445 78 71 11/2 1)
(893/2 73 68 16666667/100000000 1)
(22333333/50000 72 67 16666667/100000000 1)
(22341667/50000 71 66 16666667/100000000 1)
(447 72 67 1/2 1)
(448 72 67 1/2 1)
(449 72 67 11/2 1)
(901/2 78 71 16666667/100000000 1)
(22533333/50000 77 70 16666667/100000000 1)
(22541667/50000 76 69 16666667/100000000 1)
(451 77 70 1/2 1)
(452 77 70 1/2 1)
(453 77 70 4 1)
(909/2 72 67 16666667/100000000 1)
(22733333/50000 70 66 16666667/100000000 1)
(22741667/50000 69 65 16666667/100000000 1)
(455 70 66 1/2 1)
(456 70 66 1/2 1)
(457 71 66 4 1)
(917/2 79 71 16666667/100000000 1)
(22933333/50000 77 70 16666667/100000000 1)
(22941667/50000 76 69 16666667/100000000 1)
(459 77 70 1 1)
(460 79 71 1 1)
(461 80 72 1 1)
(462 76 69 1 1)
(463 77 70 1 1)
(464 71 66 1 1)
(465 72 67 1 1)
(466 76 69 1 1)
(467 77 70 1 1)
(468 79 71 1 1)
(469 80 72 1 1)
(470 76 69 1 1)
(471 77 70 1 1)
(472 71 66 1 1)
(473 64 62 1 1)
(473 72 67 1 1)
(476 73 68 1 1)
(477 72 67 1 1)
(478 70 66 1 1)
(479 67 64 1 1)
(480 64 62 1 1)
(481 61 61 3/2 1)
(965/2 60 60 1/2 1)
(483 65 63 1/2 1)
(484 85 75 1 1)
(485 84 74 1 1)
(486 82 73 1 1)
(487 79 71 1 1)
(488 76 69 1 1)
(489 73 68 3/2 1)
(981/2 72 67 1/2 1)
(491 77 70 1/2 1)
(492 85 75 1 1)
(493 84 74 1 1)
(494 82 73 1 1)
(495 79 71 1 1)
(496 76 69 1 1)
(995/2 76 69 1/2 1)
(498 79 71 1/2 1)
(997/2 77 70 1/2 1)
(999/2 77 70 1/2 1)
(500 80 72 1/2 1)
(1001/2 79 71 1/2 1)
(1003/2 79 71 1/2 1)
(502 82 73 1/2 1)
(1005/2 80 72 1/2 1)
(1007/2 83 73 1/2 1)
(504 89 77 1/2 1)
(1009/2 83 73 1/2 1)
(505 84 74 1 1)
(1015/2 83 73 1/2 1)
(508 89 77 1/2 1)
(1017/2 83 73 1/2 1)
(509 84 74 1 1)
(1023/2 76 69 1/2 1)
(512 85 75 1/2 1)
(1025/2 76 69 1/2 1)
(513 77 70 1 1)
(1031/2 76 69 1/2 1)
(516 85 75 1/2 1)
(1033/2 76 69 1/2 1)
(1035/2 76 69 1/2 1)
(518 79 71 1/2 1)
(1037/2 77 70 1/2 1)
(1039/2 77 70 1/2 1)
(520 80 72 1/2 1)
(1041/2 79 71 1/2 1)
(1043/2 79 71 1/2 1)
(522 82 73 1/2 1)
(1045/2 80 72 1/2 1)
(1047/2 81 72 1/2 1)
(524 84 74 1/2 1)
(1049/2 82 73 1/2 1)
(1051/2 84 74 1/2 1)
(526 89 77 1/2 1)
(1053/2 87 76 1/2 1)
(527 85 75 1/2 1)
(1055/2 84 74 1/2 1)
(528 82 73 1/2 1)
(1057/2 80 72 1/2 1)
(529 79 71 1/2 1)
(1059/2 77 70 1/2 1)
(530 75 69 1/2 1)
(1061/2 73 68 1/2 1)
(531 72 67 1/2 1)
(1063/2 70 66 1/2 1)
(532 68 65 1/2 1)
(1065/2 67 64 1/2 1)
(533 65 63 1/2 1)
(1067/2 64 62 1/2 1)
(534 61 61 1/2 1)
(1069/2 60 60 1/2 1)
(535 59 59 1/2 1)
(1071/2 60 60 1/2 1)
(536 59 59 1/2 1)
(1073/2 60 60 1/2 1)
(537 59 59 1/2 1)
(1075/2 60 60 1/2 1)
(538 61 61 1/2 1)
(1077/2 60 60 1/2 1)
(539 59 59 1/2 1)
(1079/2 60 60 1/2 1)
(540 61 61 1/2 1)
(1081/2 60 60 1/2 1)
(1083/2 84 74 1/2 1)
(542 89 77 1/2 1)
(1085/2 87 76 1/2 1)
(543 85 75 1/2 1)
(1087/2 84 74 1/2 1)
(544 82 73 1/2 1)
(1089/2 80 72 1/2 1)
(545 79 71 1/2 1)
(1091/2 77 70 1/2 1)
(546 75 69 1/2 1)
(1093/2 73 68 1/2 1)
(547 72 67 1/2 1)
(1095/2 70 66 1/2 1)
(548 68 65 1/2 1)
(1097/2 67 64 1/2 1)
(549 65 63 1/2 1)
(1099/2 64 62 1/2 1)
(550 61 61 1/2 1)
(1101/2 60 60 1/2 1)
(551 59 59 1/2 1)
(1103/2 60 60 1/2 1)
(552 59 59 1/2 1)
(1105/2 60 60 1/2 1)
(553 59 59 1/2 1)
(1107/2 60 60 1/2 1)
(554 61 61 1/2 1)
(1109/2 60 60 1/2 1)
(555 60 60 1/2 1)
(1111/2 58 59 1/2 1)
(556 56 58 1/2 1)
(1113/2 55 57 1/2 1)
(557 53 56 1 1)
(559 68 65 3/2 1)
(559 59 59 1/10 1)
(1121/2 67 64 1/2 1)
(561 65 63 2 1)
(563 64 62 3/2 1)
(1129/2 72 67 1/2 1)
(565 72 67 1 1)
(566 65 63 1 1)
(567 68 65 3/2 1)
(567 59 59 1/10 1)
(1137/2 67 64 1/2 1)
(569 65 63 2 1)
(571 64 62 3/2 1)
(1145/2 72 67 1/2 1)
(573 72 67 1 1)
(574 65 63 1 1)
(575 80 72 3/2 1)
(575 71 66 1/10 1)
(1153/2 79 71 1/2 1)
(577 77 70 2 1)
(579 76 69 3/2 1)
(1161/2 84 74 1/2 1)
(581 75 69 4 1)
(581 72 67 4 1)
(581 84 74 4 1)
(585 73 68 1 1)
(585 77 70 1 1)
(585 70 66 1 1)
(1177/2 73 68 1/2 1)
(1177/2 70 66 1/2 1)
(1177/2 82 73 1/2 1)
(589 70 66 4 1)
(589 73 68 4 1)
(589 82 73 4 1)
(593 75 69 1 1)
(593 72 67 1 1)
(593 68 65 1 1)
(596 80 72 1/2 1)
(596 72 67 1/2 1)
(596 68 65 1/2 1)
(597 73 68 1/2 1)
(597 67 64 1/2 1)
(597 70 66 1/2 1)
(598 67 64 1/2 1)
(598 79 71 1/2 1)
(598 70 66 1/2 1)
(599 72 67 1/2 1)
(599 65 63 1/2 1)
(599 68 65 1/2 1)
(600 77 70 1/2 1)
(600 65 63 1/2 1)
(600 68 65 1/2 1)
(601 65 63 1/2 1)
(601 67 64 1/2 1)
(601 77 70 1/2 1)
(601 73 68 1/2 1)
(603 64 62 1/2 1)
(603 70 66 1/2 1)
(603 67 64 1/2 1)
(603 72 67 1/2 1)
(603 76 69 1/2 1)
(605 72 67 1/2 1)
(605 65 63 1/2 1)
(605 77 70 1/2 1)
(605 68 65 1/2 1)
