pattern1
occurrence0
1.0, 71.0
2.5, 69.0
3.0, 67.0
3.75, 66.0
occurrence1
13.0, 71.0
14.5, 69.0
15.0, 67.0
15.75, 66.0
pattern2
occurrence0
9.0, 69.0
10.0, 62.0
occurrence1
21.0, 69.0
22.0, 62.0
pattern4
occurrence0
26.0, 71.0
26.75, 71.0
27.0, 71.0
27.5, 71.0
occurrence1
41.0, 71.0
41.75, 71.0
42.0, 71.0
42.5, 71.0
pattern5
occurrence0
31.0, 71.0
32.0, 74.0
33.0, 71.0
occurrence1
46.0, 71.0
47.0, 74.0
48.0, 71.0
pattern6
occurrence0
34.0, 69.0
35.0, 72.0
36.0, 71.0
36.75, 69.0
37.0, 67.0
occurrence1
49.0, 69.0
50.0, 72.0
51.0, 71.0
51.75, 69.0
52.0, 67.0
pattern3
occurrence0
24.0, 62.0
24.5, 62.0
25.0, 67.0
