(0 60 60 1 1)
(1 62 61 1/2 1)
(3/2 64 62 1/2 1)
(2 65 63 1/2 1)
(5/2 67 64 1/2 1)
(3 69 65 1/2 1)
(7/2 71 66 1/2 1)
(4 72 67 1/2 1)
(9/2 74 68 1/2 1)
(5 76 69 1/2 1)
(11/2 77 70 1/2 1)
(6 79 71 1/2 1)
(13/2 81 72 1/2 1)
(7 83 73 1/2 1)
(15/2 84 74 1/2 1)
(8 86 75 1/2 1)
(17/2 88 76 1/2 1)
(9 89 77 1/2 1)
(19/2 91 78 1/2 1)
(10 93 79 1/2 1)
(21/2 95 80 1/2 1)
(11 60 60 1 1)
(12 62 61 1/2 1)
(25/2 64 62 1/2 1)
(13 65 63 1/2 1)
(27/2 67 64 1/2 1)
(14 69 65 1/2 1)
(29/2 71 66 1/2 1)
(15 72 67 1/2 1)
(31/2 74 68 1/2 1)
(16 76 69 1/2 1)
(33/2 77 70 1/2 1)
(17 79 71 1/2 1)
(35/2 81 72 1/2 1)
(18 83 73 1/2 1)
(37/2 84 74 1/2 1)
(19 86 75 1/2 1)
(39/2 88 76 1/2 1)
(20 89 77 1/2 1)
(41/2 91 78 1/2 1)
(21 93 79 1/2 1)
(43/2 95 80 1/2 1)
(22 60 60 1 1)
(23 62 61 1/2 1)
(47/2 64 62 1/2 1)
(24 65 63 1/2 1)
(49/2 67 64 1/2 1)
(25 69 65 1/2 1)
(51/2 71 66 1/2 1)
(26 72 67 1/2 1)
(53/2 74 68 1/2 1)
(27 76 69 1/2 1)
(55/2 77 70 1/2 1)
(28 79 71 1/2 1)
(57/2 81 72 1/2 1)
(29 83 73 1/2 1)
(59/2 84 74 1/2 1)
(30 86 75 1/2 1)
(61/2 88 76 1/2 1)
(31 89 77 1/2 1)
(63/2 91 78 1/2 1)
(32 93 79 1/2 1)
(65/2 95 80 1/2 1)
(33 60 60 1 1)
(34 62 61 1/2 1)
(69/2 64 62 1/2 1)
(35 65 63 1/2 1)
(71/2 67 64 1/2 1)
(36 69 65 1/2 1)
(73/2 71 66 1/2 1)
(37 72 67 1/2 1)
(75/2 74 68 1/2 1)
(38 76 69 1/2 1)
(77/2 77 70 1/2 1)
(39 79 71 1/2 1)
(79/2 81 72 1/2 1)
(40 83 73 1/2 1)
(81/2 84 74 1/2 1)
(41 86 75 1/2 1)
(83/2 88 76 1/2 1)
(42 89 77 1/2 1)
(85/2 91 78 1/2 1)
(43 93 79 1/2 1)
(87/2 95 80 1/2 1)
(44 60 60 1 1)
(45 62 61 1/2 1)
(91/2 64 62 1/2 1)
(46 65 63 1/2 1)
(93/2 67 64 1/2 1)
(47 69 65 1/2 1)
(95/2 71 66 1/2 1)
(48 72 67 1/2 1)
(97/2 74 68 1/2 1)
(49 76 69 1/2 1)
(99/2 77 70 1/2 1)
(50 79 71 1/2 1)
(101/2 81 72 1/2 1)
(51 83 73 1/2 1)
(103/2 84 74 1/2 1)
(52 86 75 1/2 1)
(105/2 88 76 1/2 1)
(53 89 77 1/2 1)
(107/2 91 78 1/2 1)
(54 93 79 1/2 1)
(109/2 95 80 1/2 1)
(55 60 60 1 1)
(56 62 61 1/2 1)
(113/2 64 62 1/2 1)
(57 65 63 1/2 1)
(115/2 67 64 1/2 1)
(58 69 65 1/2 1)
(117/2 71 66 1/2 1)
(59 72 67 1/2 1)
(119/2 74 68 1/2 1)
(60 76 69 1/2 1)
(121/2 77 70 1/2 1)
(61 79 71 1/2 1)
(123/2 81 72 1/2 1)
(62 83 73 1/2 1)
(125/2 84 74 1/2 1)
(63 86 75 1/2 1)
(127/2 88 76 1/2 1)
(64 89 77 1/2 1)
(129/2 91 78 1/2 1)
(65 93 79 1/2 1)
(131/2 95 80 1/2 1)
(66 60 60 1 1)
(67 62 61 1/2 1)
(135/2 64 62 1/2 1)
(68 65 63 1/2 1)
(137/2 67 64 1/2 1)
(69 69 65 1/2 1)
(139/2 71 66 1/2 1)
(70 72 67 1/2 1)
(141/2 74 68 1/2 1)
(71 76 69 1/2 1)
(143/2 77 70 1/2 1)
(72 79 71 1/2 1)
(145/2 81 72 1/2 1)
(73 83 73 1/2 1)
(147/2 84 74 1/2 1)
(74 86 75 1/2 1)
(149/2 88 76 1/2 1)
(75 89 77 1/2 1)
(151/2 91 78 1/2 1)
(76 93 79 1/2 1)
(153/2 95 80 1/2 1)
(77 60 60 1 1)
(78 62 61 1/2 1)
(157/2 64 62 1/2 1)
(79 65 63 1/2 1)
(159/2 67 64 1/2 1)
(80 69 65 1/2 1)
(161/2 71 66 1/2 1)
(81 72 67 1/2 1)
(163/2 74 68 1/2 1)
(82 76 69 1/2 1)
(165/2 77 70 1/2 1)
(83 79 71 1/2 1)
(167/2 81 72 1/2 1)
(84 83 73 1/2 1)
(169/2 84 74 1/2 1)
(85 86 75 1/2 1)
(171/2 88 76 1/2 1)
(86 89 77 1/2 1)
(173/2 91 78 1/2 1)
(87 93 79 1/2 1)
(175/2 95 80 1/2 1)
(88 60 60 1 1)
(89 62 61 1/2 1)
(179/2 64 62 1/2 1)
(90 65 63 1/2 1)
(181/2 67 64 1/2 1)
(91 69 65 1/2 1)
(183/2 71 66 1/2 1)
(92 72 67 1/2 1)
(185/2 74 68 1/2 1)
(93 76 69 1/2 1)
(187/2 77 70 1/2 1)
(94 79 71 1/2 1)
(189/2 81 72 1/2 1)
(95 83 73 1/2 1)
(191/2 84 74 1/2 1)
(96 86 75 1/2 1)
(193/2 88 76 1/2 1)
(97 89 77 1/2 1)
(195/2 91 78 1/2 1)
(98 93 79 1/2 1)
(197/2 95 80 1/2 1)
(99 60 60 1 1)
(100 62 61 1/2 1)
(201/2 64 62 1/2 1)
(101 65 63 1/2 1)
(203/2 67 64 1/2 1)
(102 69 65 1/2 1)
(205/2 71 66 1/2 1)
(103 72 67 1/2 1)
(207/2 74 68 1/2 1)
(104 76 69 1/2 1)
(209/2 77 70 1/2 1)
(105 79 71 1/2 1)
(211/2 81 72 1/2 1)
(106 83 73 1/2 1)
(213/2 84 74 1/2 1)
(107 86 75 1/2 1)
(215/2 88 76 1/2 1)
(108 89 77 1/2 1)
(217/2 91 78 1/2 1)
(109 93 79 1/2 1)
(219/2 95 80 1/2 1)
(110 60 60 1 1)
(111 62 61 1/2 1)
(223/2 64 62 1/2 1)
(112 65 63 1/2 1)
(225/2 67 64 1/2 1)
(113 69 65 1/2 1)
(227/2 71 66 1/2 1)
(114 72 67 1/2 1)
(229/2 74 68 1/2 1)
(115 76 69 1/2 1)
(231/2 77 70 1/2 1)
(116 79 71 1/2 1)
(233/2 81 72 1/2 1)
(117 83 73 1/2 1)
(235/2 84 74 1/2 1)
(118 86 75 1/2 1)
(237/2 88 76 1/2 1)
(119 89 77 1/2 1)
(239/2 91 78 1/2 1)
(120 93 79 1/2 1)
(241/2 95 80 1/2 1)
(121 60 60 1 1)
(122 62 61 1/2 1)
(245/2 64 62 1/2 1)
(123 65 63 1/2 1)
(247/2 67 64 1/2 1)
(124 69 65 1/2 1)
(249/2 71 66 1/2 1)
(125 72 67 1/2 1)
(251/2 74 68 1/2 1)
(126 76 69 1/2 1)
(253/2 77 70 1/2 1)
(127 79 71 1/2 1)
(255/2 81 72 1/2 1)
(128 83 73 1/2 1)
(257/2 84 74 1/2 1)
(129 86 75 1/2 1)
(259/2 88 76 1/2 1)
(130 89 77 1/2 1)
(261/2 91 78 1/2 1)
(131 93 79 1/2 1)
(263/2 95 80 1/2 1)
(132 60 60 1 1)
(133 62 61 1/2 1)
(267/2 64 62 1/2 1)
(134 65 63 1/2 1)
(269/2 67 64 1/2 1)
(135 69 65 1/2 1)
(271/2 71 66 1/2 1)
(136 72 67 1/2 1)
(273/2 74 68 1/2 1)
(137 76 69 1/2 1)
(275/2 77 70 1/2 1)
(138 79 71 1/2 1)
(277/2 81 72 1/2 1)
(139 83 73 1/2 1)
(279/2 84 74 1/2 1)
(140 86 75 1/2 1)
(281/2 88 76 1/2 1)
(141 89 77 1/2 1)
(283/2 91 78 1/2 1)
(142 93 79 1/2 1)
(285/2 95 80 1/2 1)
(143 60 60 1 1)
(144 62 61 1/2 1)
(289/2 64 62 1/2 1)
(145 65 63 1/2 1)
(291/2 67 64 1/2 1)
(146 69 65 1/2 1)
(293/2 71 66 1/2 1)
(147 72 67 1/2 1)
(295/2 74 68 1/2 1)
(148 76 69 1/2 1)
(297/2 77 70 1/2 1)
(149 79 71 1/2 1)
(299/2 81 72 1/2 1)
(150 83 73 1/2 1)
(301/2 84 74 1/2 1)
(151 86 75 1/2 1)
(303/2 88 76 1/2 1)
(152 89 77 1/2 1)
(305/2 91 78 1/2 1)
(153 93 79 1/2 1)
(307/2 95 80 1/2 1)
(154 60 60 1 1)
(155 62 61 1/2 1)
(311/2 64 62 1/2 1)
(156 65 63 1/2 1)
(313/2 67 64 1/2 1)
(157 69 65 1/2 1)
(315/2 71 66 1/2 1)
(158 72 67 1/2 1)
(317/2 74 68 1/2 1)
(159 76 69 1/2 1)
(319/2 77 70 1/2 1)
(160 79 71 1/2 1)
(321/2 81 72 1/2 1)
(161 83 73 1/2 1)
(323/2 84 74 1/2 1)
(162 86 75 1/2 1)
(325/2 88 76 1/2 1)
(163 89 77 1/2 1)
(327/2 91 78 1/2 1)
(164 93 79 1/2 1)
(329/2 95 80 1/2 1)
(165 60 60 1 1)
(166 62 61 1/2 1)
(333/2 64 62 1/2 1)
(167 65 63 1/2 1)
(335/2 67 64 1/2 1)
(168 69 65 1/2 1)
(337/2 71 66 1/2 1)
(169 72 67 1/2 1)
(339/2 74 68 1/2 1)
(170 76 69 1/2 1)
(341/2 77 70 1/2 1)
(171 79 71 1/2 1)
(343/2 81 72 1/2 1)
(172 83 73 1/2 1)
(345/2 84 74 1/2 1)
(173 86 75 1/2 1)
(347/2 88 76 1/2 1)
(174 89 77 1/2 1)
(349/2 91 78 1/2 1)
(175 93 79 1/2 1)
(351/2 95 80 1/2 1)
(176 60 60 1 1)
(177 62 61 1/2 1)
(355/2 64 62 1/2 1)
(178 65 63 1/2 1)
(357/2 67 64 1/2 1)
(179 69 65 1/2 1)
(359/2 71 66 1/2 1)
(180 72 67 1/2 1)
(361/2 74 68 1/2 1)
(181 76 69 1/2 1)
(363/2 77 70 1/2 1)
(182 79 71 1/2 1)
(365/2 81 72 1/2 1)
(183 83 73 1/2 1)
(367/2 84 74 1/2 1)
(184 86 75 1/2 1)
(369/2 88 76 1/2 1)
(185 89 77 1/2 1)
(371/2 91 78 1/2 1)
(186 93 79 1/2 1)
(373/2 95 80 1/2 1)
(187 60 60 1 1)
(188 62 61 1/2 1)
(377/2 64 62 1/2 1)
(189 65 63 1/2 1)
(379/2 67 64 1/2 1)
(190 69 65 1/2 1)
(381/2 71 66 1/2 1)
(191 72 67 1/2 1)
(383/2 74 68 1/2 1)
(192 76 69 1/2 1)
(385/2 77 70 1/2 1)
(193 79 71 1/2 1)
(387/2 81 72 1/2 1)
(194 83 73 1/2 1)
(389/2 84 74 1/2 1)
(195 86 75 1/2 1)
(391/2 88 76 1/2 1)
(196 89 77 1/2 1)
(393/2 91 78 1/2 1)
(197 93 79 1/2 1)
(395/2 95 80 1/2 1)
