(0 67 64 1/2 1)
(0 67 64 1/2 1)
(1/2 67 64 1/2 1)
(1/2 67 64 1/2 1)
(1 71 66 1/2 1)
(1 74 68 1/2 1)
(3/2 71 66 1/2 1)
(3/2 74 68 1/2 1)
(2 76 69 1/2 1)
(2 72 67 1/2 1)
(5/2 76 69 1/2 1)
(5/2 72 67 1/2 1)
(3 71 66 1 1)
(3 74 68 1 1)
(4 69 65 1/2 1)
(4 72 67 1/2 1)
(9/2 72 67 1/2 1)
(9/2 69 65 1/2 1)
(5 67 64 1/2 1)
(5 71 66 1/2 1)
(11/2 67 64 1/2 1)
(11/2 71 66 1/2 1)
(6 69 65 1/2 1)
(6 64 62 1/2 1)
(13/2 69 65 1/4 1)
(13/2 66 63 1/4 1)
(27/4 66 63 1/4 1)
(27/4 69 65 1/4 1)
(7 67 64 1/2 1)
(7 67 64 1/2 1)
(8 71 66 1/2 1)
(8 74 68 1/2 1)
(17/2 74 68 1/2 1)
(17/2 71 66 1/2 1)
(9 69 65 1/2 1)
(9 72 67 1/2 1)
(19/2 72 67 1/2 1)
(19/2 69 65 1/2 1)
(10 67 64 1/2 1)
(10 71 66 1/2 1)
(21/2 71 66 1/2 1)
(21/2 67 64 1/2 1)
(11 66 63 1 1)
(11 69 65 1 1)
(12 74 68 1/2 1)
(12 71 66 1/2 1)
(25/2 74 68 1/2 1)
(25/2 71 66 1/2 1)
(13 72 67 1/2 1)
(13 69 65 1/2 1)
(27/2 69 65 1/2 1)
(27/2 72 67 1/2 1)
(14 67 64 1/2 1)
(14 71 66 1/2 1)
(29/2 67 64 1/2 1)
(29/2 71 66 1/2 1)
(15 69 65 1 1)
(15 66 63 1 1)
(16 67 64 1/2 1)
(16 67 64 1/2 1)
(33/2 67 64 1/2 1)
(33/2 67 64 1/2 1)
(17 71 66 1/2 1)
(17 74 68 1/2 1)
(35/2 71 66 1/2 1)
(35/2 74 68 1/2 1)
(18 76 69 1/2 1)
(18 72 67 1/2 1)
(37/2 76 69 1/2 1)
(37/2 72 67 1/2 1)
(19 71 66 1 1)
(19 74 68 1 1)
(20 72 67 1/2 1)
(20 69 65 1/2 1)
(41/2 69 65 1/4 1)
(41/2 72 67 1/4 1)
(83/4 72 67 1/4 1)
(83/4 69 65 1/4 1)
(21 67 64 1/2 1)
(21 71 66 1/2 1)
(43/2 71 66 1/4 1)
(43/2 67 64 1/4 1)
(87/4 71 66 1/4 1)
(87/4 67 64 1/4 1)
(22 64 62 1/2 1)
(22 69 65 1/2 1)
(45/2 69 65 1/2 1)
(45/2 66 63 1/2 1)
(23 67 64 1/2 1)
(23 67 64 1/2 1)
