(0 67 64 1/2 1)
(1/2 69 65 1/2 1)
(1 71 66 1 1)
(2 71 66 1 1)
(3 72 67 1/2 1)
(7/2 69 65 1/2 1)
(4 76 69 1/2 1)
(9/2 74 68 1/2 1)
(5 74 68 1 1)
(6 71 66 1/2 1)
(13/2 74 68 1/2 1)
(7 74 68 1/2 1)
(15/2 72 67 1/2 1)
(8 72 67 1 1)
(9 74 68 1/2 1)
(19/2 72 67 1/2 1)
(10 71 66 3/2 1)
(12 74 68 1/2 1)
(25/2 71 66 1/2 1)
(13 71 66 1/2 1)
(27/2 69 65 1/2 1)
(14 69 65 1 1)
(15 76 69 1/2 1)
(31/2 72 67 1/2 1)
(16 72 67 1/2 1)
(33/2 71 66 1/2 1)
(17 71 66 1 1)
(18 74 68 1/2 1)
(37/2 71 66 1/2 1)
(19 71 66 1/2 1)
(39/2 69 65 1/2 1)
(20 69 65 1 1)
(21 76 69 1/2 1)
(43/2 72 67 1/2 1)
(22 72 67 1/2 1)
(45/2 71 66 1/2 1)
(23 71 66 1 1)
(24 67 64 1/2 1)
(49/2 69 65 1/2 1)
(25 71 66 1 1)
(26 71 66 1 1)
(27 72 67 1/2 1)
(55/2 69 65 1/2 1)
(28 76 69 1 1)
(29 74 68 1 1)
(30 71 66 1/2 1)
(61/2 74 68 1/2 1)
(31 74 68 1/2 1)
(63/2 72 67 1/2 1)
(32 72 67 1 1)
(33 74 68 1/2 1)
(67/2 72 67 1/2 1)
(34 71 66 3/2 1)
