(0 60 60 1 1)
(1 60 60 1 1)
(2 67 64 1 1)
(3 67 64 1 1)
(4 69 65 1 1)
(5 67 64 1 1)
(6 64 62 1 1)
(7 62 61 1 1)
(8 60 60 1 1)
(9 60 60 1 1)
(10 67 64 1 1)
(11 67 64 3/2 1)
(25/2 69 65 1/2 1)
(13 67 64 3 1)
(16 60 60 1 1)
(17 60 60 1 1)
(18 67 64 1 1)
(19 67 64 1 1)
(20 72 67 1 1)
(21 72 67 1 1)
(22 69 65 1 1)
(23 67 64 1 1)
(24 67 64 1 1)
(25 67 64 1 1)
(26 72 67 1 1)
(27 72 67 3/2 1)
(57/2 74 68 1/2 1)
(29 72 67 3 1)
(32 60 60 1 1)
(33 60 60 1 1)
(34 67 64 1 1)
(35 67 64 3/2 1)
(73/2 64 62 1/2 1)
(37 64 62 3/2 1)
(77/2 62 61 1/2 1)
(39 67 64 1 1)
(40 60 60 1 1)
(41 60 60 3/2 1)
(85/2 67 64 1/2 1)
(43 67 64 3/2 1)
(89/2 69 65 1/2 1)
(45 67 64 3 1)
(48 65 63 1/2 1)
(97/2 67 64 1/2 1)
(49 69 65 1 1)
(50 65 63 1 1)
(51 62 61 1 1)
(52 65 63 1 1)
(53 62 61 1 1)
(54 60 60 1 1)
(55 57 58 1 1)
(56 60 60 1 1)
(57 65 63 2 1)
(59 65 63 3/2 1)
(121/2 67 64 1/2 1)
(61 65 63 3 1)
