(0 65 63 1 1)
(1 62 61 1 1)
(2 60 60 1/2 1)
(5/2 60 60 1/2 1)
(3 60 60 1/2 1)
(7/2 60 60 1/2 1)
(4 65 63 1 1)
(5 65 63 1/2 1)
(11/2 65 63 1/2 1)
(6 69 65 1/2 1)
(13/2 69 65 1/2 1)
(7 69 65 1/2 1)
(15/2 69 65 1/2 1)
(8 69 65 1 1)
(9 67 64 1 1)
(10 65 63 1/2 1)
(21/2 65 63 1/2 1)
(11 65 63 1 1)
(12 62 61 1 1)
(13 60 60 1/2 1)
(27/2 60 60 1/2 1)
(14 65 63 1 1)
(15 69 65 1/2 1)
(31/2 69 65 1/2 1)
(16 67 64 3/2 1)
(35/2 65 63 1/2 1)
(18 60 60 1/2 1)
(37/2 60 60 1/2 1)
(19 60 60 1/2 1)
(39/2 60 60 1/2 1)
(20 65 63 1/2 1)
(41/2 65 63 1/2 1)
(21 65 63 1/2 1)
(43/2 65 63 1/2 1)
(22 69 65 1/2 1)
(45/2 69 65 1/2 1)
(23 69 65 1/2 1)
(47/2 69 65 1/2 1)
(24 72 67 1/2 1)
(49/2 72 67 1/2 1)
(25 77 70 1/2 1)
(51/2 74 68 1/2 1)
(26 72 67 1/2 1)
(53/2 69 65 1/2 1)
(27 69 65 1/2 1)
(55/2 69 65 1/2 1)
(28 69 65 1 1)
(29 65 63 1/2 1)
(59/2 67 64 1/2 1)
(30 69 65 1/2 1)
(61/2 65 63 1/2 1)
(31 65 63 1 1)
(32 65 63 3/2 1)
(67/2 77 70 1/2 1)
(34 74 68 1/2 1)
(69/2 72 67 1/2 1)
(35 74 68 1/2 1)
(71/2 76 69 1/2 1)
(36 77 70 1 1)
(37 72 67 1/2 1)
(75/2 72 67 1/2 1)
(38 74 68 1/2 1)
(77/2 72 67 1/2 1)
(39 74 68 1/2 1)
(79/2 76 69 1/2 1)
(40 77 70 3/2 1)
(42 74 68 1/2 1)
(85/2 72 67 1/2 1)
(43 74 68 1/2 1)
(87/2 76 69 1/2 1)
(44 77 70 1/2 1)
(89/2 76 69 1/2 1)
(45 77 70 1/2 1)
(91/2 74 68 1/2 1)
(46 72 67 1/2 1)
(93/2 69 65 1/2 1)
(47 67 64 1/2 1)
(95/2 65 63 1/2 1)
(48 67 64 1 1)
(49 77 70 1/2 1)
(99/2 77 70 1/2 1)
(50 74 68 1/2 1)
(101/2 72 67 1/2 1)
(51 74 68 1/2 1)
(103/2 76 69 1/2 1)
(52 77 70 1 1)
(53 72 67 1/2 1)
(107/2 72 67 1/2 1)
(54 74 68 1/2 1)
(109/2 72 67 1/2 1)
(55 74 68 1/2 1)
(111/2 76 69 1/2 1)
(56 77 70 1 1)
(57 76 69 1/2 1)
(115/2 74 68 1/2 1)
(58 72 67 1/2 1)
(117/2 69 65 1/2 1)
(59 69 65 1/2 1)
(119/2 69 65 1/2 1)
(60 69 65 1/2 1)
(121/2 67 64 1/2 1)
(61 65 63 1/2 1)
(123/2 67 64 1/2 1)
(62 69 65 1 1)
(63 65 63 1 1)
(64 65 63 3/2 1)
