(1 74 68 3/4 1)
(7/4 71 66 1/4 1)
(2 67 64 1/2 1)
(5/2 67 64 1/2 1)
(3 69 65 1/2 1)
(7/2 69 65 1/4 1)
(15/4 71 66 1/4 1)
(4 67 64 1 1)
(5 74 68 3/4 1)
(23/4 71 66 1/4 1)
(6 67 64 1/2 1)
(13/2 67 64 1/2 1)
(7 69 65 1/2 1)
(15/2 69 65 1/4 1)
(31/4 71 66 1/4 1)
(8 67 64 1 1)
(9 66 63 1/4 1)
(37/4 67 64 1/4 1)
(19/2 69 65 1/4 1)
(39/4 71 66 1/4 1)
(10 72 67 1/2 1)
(21/2 69 65 1/2 1)
(11 71 66 1/2 1)
(23/2 67 64 1/2 1)
(12 69 65 1/2 1)
(25/2 62 61 1/2 1)
(13 66 63 1/4 1)
(53/4 67 64 1/4 1)
(27/2 69 65 1/4 1)
(55/4 71 66 1/4 1)
(14 72 67 1/2 1)
(29/2 69 65 1/2 1)
(15 71 66 1/2 1)
(31/2 67 64 1/2 1)
(16 69 65 1/2 1)
(33/2 62 61 1/2 1)
(17 71 66 3/4 1)
(71/4 72 67 1/4 1)
(18 74 68 1/2 1)
(37/2 74 68 1/2 1)
(19 71 66 3/4 1)
(79/4 72 67 1/4 1)
(20 74 68 1 1)
(21 76 69 16666667/50000000 1)
(10666667/500000 72 67 16666667/50000000 1)
(10833333/500000 69 65 16666667/50000000 1)
(22 74 68 16666667/50000000 1)
(11166667/500000 71 66 16666667/50000000 1)
(11333333/500000 67 64 16666667/50000000 1)
(23 72 67 16666667/50000000 1)
(11666667/500000 69 65 16666667/50000000 1)
(11833333/500000 66 63 16666667/50000000 1)
(24 67 64 1 1)
