(0 64 62 1/2 1)
(1/2 66 63 1/2 1)
(1 68 64 1/2 1)
(3/2 69 65 3/2 1)
(3 68 64 1/2 1)
(7/2 66 63 1/2 1)
(4 64 62 1/2 1)
(9/2 62 61 1/2 1)
(5 61 60 1/2 1)
(11/2 66 63 1 1)
(13/2 64 62 1 1)
(8 73 67 1/2 1)
(17/2 73 67 1/2 1)
(9 73 67 1/2 1)
(19/2 73 67 1/2 1)
(10 71 66 1/4 1)
(41/4 73 67 1/4 1)
(21/2 74 68 1/2 1)
(11 71 66 1/2 1)
(23/2 69 65 1 1)
(25/2 68 64 1 1)
(27/2 69 65 2 1)
(16 64 62 1/2 1)
(33/2 69 65 1/2 1)
(17 73 67 1/2 1)
(35/2 71 66 3/2 1)
(19 68 64 1/2 1)
(39/2 69 65 3/4 1)
(81/4 68 64 1/4 1)
(41/2 69 65 3/4 1)
(85/4 66 63 1/4 1)
(43/2 68 64 3/4 1)
(89/4 69 65 1/4 1)
(45/2 71 66 1 1)
(24 71 66 1/2 1)
(49/2 71 66 1/2 1)
(25 76 69 1/2 1)
(51/2 73 67 3/2 1)
(27 69 65 1/2 1)
(55/2 68 64 1 1)
(57/2 66 63 1 1)
(59/2 64 62 2 1)
(67/2 73 67 3/2 1)
(35 71 66 1/2 1)
(71/2 73 67 1 1)
(73/2 69 65 3/2 1)
(38 71 66 1/2 1)
(77/2 73 67 1 1)
(79/2 74 68 3/2 1)
(41 73 67 1/2 1)
(83/2 74 68 1 1)
(85/2 71 66 3 1)
(91/2 76 69 1 1)
(93/2 76 69 1 1)
(95/2 76 69 1 1)
(97/2 76 69 3/2 1)
(50 74 68 1/2 1)
(101/2 73 67 1 1)
(103/2 71 66 3/2 1)
(53 69 65 1/2 1)
(107/2 71 66 1 1)
(109/2 69 65 2 1)
(113/2 64 62 1 1)
(115/2 69 65 3/2 1)
