(0 60 60 1 1)
(1 65 63 1 1)
(2 65 63 1 1)
(3 67 64 1/2 1)
(7/2 67 64 1/2 1)
(4 69 65 1 1)
(5 69 65 1 1)
(13/2 70 66 1/2 1)
(7 72 67 1 1)
(8 74 68 1/2 1)
(17/2 72 67 1/2 1)
(9 70 66 1/2 1)
(19/2 69 65 1/2 1)
(10 69 65 1 1)
(11 67 64 1 1)
(12 72 67 1 1)
(13 74 68 1/2 1)
(27/2 70 66 1/2 1)
(14 70 66 1 1)
(15 74 68 1/2 1)
(31/2 77 70 1/2 1)
(16 77 70 1/2 1)
(33/2 72 67 1/2 1)
(17 72 67 1 1)
(18 69 65 1/2 1)
(37/2 72 67 1/2 1)
(19 72 67 1/2 1)
(39/2 70 66 1/2 1)
(20 69 65 1 1)
(21 67 64 1 1)
(22 65 63 3/2 1)
(47/2 69 65 1/2 1)
(24 67 64 1/2 1)
(49/2 70 66 1/2 1)
(25 69 65 3/2 1)
(53/2 72 67 1/2 1)
(27 70 66 1/2 1)
(55/2 74 68 1/2 1)
(28 72 67 1 1)
(29 77 70 1/2 1)
(30 69 65 1/2 1)
(61/2 72 67 1/2 1)
(31 72 67 1/2 1)
(63/2 70 66 1/2 1)
(32 69 65 1 1)
(33 67 64 1 1)
(34 65 63 2 1)
