(0 65 63 2 1)
(0 65 63 1 1)
(1 70 66 1 1)
(2 70 66 1 1)
(2 70 66 1 1)
(3 70 66 1 1)
(4 67 64 1 1)
(5 67 64 1 1)
(6 75 69 1 1)
(7 72 67 1 1)
(8 69 65 1 1)
(9 72 67 1/2 1)
(19/2 70 66 1/2 1)
(10 70 66 2 1)
(12 74 68 3/2 1)
(27/2 70 66 1/2 1)
(14 77 70 1/2 1)
(29/2 74 68 1/2 1)
(15 74 68 1/2 1)
(31/2 72 67 1/2 1)
(16 72 67 2 1)
(18 70 66 3/2 1)
(39/2 74 68 1/2 1)
(20 72 67 1/2 1)
(41/2 70 66 1/2 1)
(21 70 66 1/2 1)
(43/2 69 65 1/2 1)
(22 69 65 2 1)
(24 67 64 3/2 1)
(51/2 69 65 1/2 1)
(26 70 66 1/2 1)
(53/2 67 64 1/2 1)
(27 65 63 1 1)
(28 75 69 1 1)
(29 74 68 1 1)
(30 72 67 1 1)
(31 70 66 1 1)
(32 69 65 1 1)
(33 70 66 2 1)
(36 70 66 2 1)
