(0 60 60 1 1)
(1 65 63 1 1)
(2 65 63 1 1)
(3 65 63 1 1)
(4 60 60 1 1)
(5 65 63 1 1)
(6 65 63 1 1)
(7 65 63 1 1)
(8 60 60 1 1)
(9 65 63 1/2 1)
(19/2 65 63 1/2 1)
(10 65 63 1 1)
(11 67 64 1 1)
(12 65 63 1 1)
(13 69 65 1/2 1)
(27/2 69 65 1/2 1)
(14 67 64 1 1)
(15 67 64 1 1)
(16 60 60 1 1)
(17 65 63 1 1)
(18 65 63 1/2 1)
(37/2 65 63 1/2 1)
(19 65 63 1 1)
(20 60 60 1 1)
(21 65 63 1/2 1)
(43/2 65 63 1/2 1)
(22 65 63 1 1)
(23 67 64 1 1)
(24 65 63 1/2 1)
(49/2 67 64 1/2 1)
(25 69 65 1/2 1)
(51/2 65 63 1/2 1)
(26 65 63 1 1)
(27 65 63 1 1)
