(0 69 65 1/2 1)
(1/2 66 63 1/2 1)
(1 69 65 1/2 1)
(3/2 74 68 1/2 1)
(2 69 65 1/2 1)
(5/2 66 63 3/2 1)
(4 62 61 1/2 1)
(9/2 61 60 1/2 1)
(5 64 62 1/2 1)
(11/2 67 64 3/2 1)
(7 71 66 1/2 1)
(15/2 67 64 1/2 1)
(8 64 62 1/2 1)
(17/2 61 60 1 1)
(19/2 61 60 1/2 1)
(10 69 65 1/2 1)
(21/2 69 65 3/2 1)
(12 67 64 1/2 1)
(25/2 66 63 1/2 1)
(13 69 65 1/2 1)
(27/2 74 68 1/2 1)
(14 69 65 1/2 1)
(29/2 66 63 3/2 1)
(16 62 61 1/2 1)
(33/2 61 60 1/2 1)
(17 64 62 1/2 1)
(35/2 67 64 3/2 1)
(19 71 66 1/2 1)
(39/2 67 64 1/2 1)
(20 64 62 1/2 1)
(41/2 61 60 1 1)
(43/2 61 60 1 1)
(45/2 62 61 1 1)
(49/2 69 65 1 1)
(51/2 68 64 1/2 1)
(26 71 66 1/2 1)
(53/2 64 62 3/2 1)
(28 68 64 1/2 1)
(57/2 69 65 1/2 1)
(29 73 67 1/2 1)
(59/2 64 62 3/2 1)
(31 69 65 1/2 1)
(63/2 68 64 1/2 1)
(32 69 65 1/2 1)
(65/2 71 66 1/2 1)
(33 73 67 1/2 1)
(67/2 74 68 1/2 1)
(34 71 66 1/4 1)
(69/2 73 67 1/2 1)
(35 76 69 1/2 1)
(71/2 74 68 1/2 1)
(36 73 67 1/2 1)
(73/2 71 66 1/2 1)
(37 69 65 1/2 1)
(75/2 68 64 1/2 1)
(38 71 66 1/2 1)
(77/2 64 62 3/2 1)
(40 68 64 1/2 1)
(81/2 69 65 1/2 1)
(41 73 67 1/2 1)
(83/2 64 62 3/2 1)
(43 69 65 1/2 1)
(87/2 68 64 1/2 1)
(44 78 70 1/2 1)
(89/2 76 69 1/2 1)
(45 74 68 1/2 1)
(91/2 71 66 1/2 1)
(46 68 64 1/2 1)
(93/2 69 65 3/2 1)
