(0 62 61 1/2 1)
(1/2 67 64 1/2 1)
(1 67 64 1/2 1)
(3/2 67 64 1/2 1)
(2 66 63 1/4 1)
(9/4 67 64 1/4 1)
(5/2 69 65 1/2 1)
(3 62 61 1/2 1)
(7/2 62 61 1/2 1)
(4 74 68 1/2 1)
(9/2 71 66 1/2 1)
(5 74 68 1/2 1)
(11/2 69 65 1/2 1)
(6 74 68 1/2 1)
(13/2 71 66 1 1)
(8 67 64 1 1)
(19/2 67 64 1/4 1)
(39/4 69 65 1/4 1)
(10 71 66 1/2 1)
(21/2 71 66 1/2 1)
(11 71 66 1/2 1)
(23/2 69 65 1/4 1)
(47/4 71 66 1/4 1)
(12 72 67 1/2 1)
(25/2 72 67 1/2 1)
(13 72 67 1/2 1)
(27/2 72 67 1/2 1)
(14 69 65 1/2 1)
(29/2 69 65 1/4 1)
(59/4 69 65 1/4 1)
(15 69 65 1/2 1)
(31/2 69 65 1/2 1)
(16 71 66 1/4 1)
(65/4 69 65 1/4 1)
(33/2 71 66 1/4 1)
(67/4 72 67 1/4 1)
(17 71 66 1/2 1)
(35/2 71 66 1/2 1)
(18 73 67 1/2 1)
(37/2 73 67 1/2 1)
(19 74 68 1/4 1)
(77/4 73 67 1/4 1)
(39/2 71 66 1/4 1)
(79/4 73 67 1/4 1)
(20 74 68 1 1)
(21 72 67 1 1)
(22 71 66 1/2 1)
(45/2 71 66 1/2 1)
(23 69 65 1/2 1)
(47/2 69 65 1/2 1)
(24 74 68 1 1)
(25 76 69 1 1)
(26 74 68 1/2 1)
(53/2 74 68 1/2 1)
(27 74 68 1/4 1)
(109/4 72 67 1/4 1)
(55/2 71 66 1/4 1)
(111/4 69 65 1/4 1)
(28 67 64 1 1)
