(0 67 64 3/4 1)
(3/4 67 64 1/4 1)
(1 67 64 1/2 1)
(3/2 67 64 1/2 1)
(2 67 64 1/2 1)
(5/2 62 61 1/2 1)
(3 59 59 1/2 1)
(7/2 62 61 1/2 1)
(4 67 64 1 1)
(5 74 68 1 1)
(6 71 66 1 1)
(7 67 64 1 1)
(8 69 65 3/2 1)
(19/2 69 65 1/2 1)
(10 69 65 3/2 1)
(23/2 67 64 1/2 1)
(12 66 63 1 1)
(13 64 62 1 1)
(14 62 61 1 1)
(16 62 61 1 1)
(35/2 67 64 1/2 1)
(18 66 63 1/2 1)
(37/2 64 62 1/2 1)
(19 66 63 1/2 1)
(39/2 67 64 1/2 1)
(20 69 65 1/2 1)
(41/2 71 66 1/2 1)
(21 69 65 1/2 1)
(43/2 67 64 1/2 1)
(22 66 63 1/2 1)
(45/2 64 62 1/2 1)
(23 66 63 1/2 1)
(47/2 67 64 1/2 1)
(24 69 65 1/2 1)
(49/2 71 66 1/2 1)
(25 69 65 1/2 1)
(51/2 67 64 1/2 1)
(26 66 63 1/2 1)
(53/2 66 63 1/2 1)
(27 69 65 1/2 1)
(55/2 69 65 1/2 1)
(28 74 68 1 1)
(59/2 72 67 1/2 1)
(30 71 66 1/2 1)
(61/2 69 65 1/2 1)
(31 71 66 1/2 1)
(63/2 72 67 1/2 1)
(32 74 68 1/2 1)
(65/2 76 69 1/2 1)
(33 74 68 1/2 1)
(67/2 72 67 1/2 1)
(34 71 66 1/2 1)
(69/2 69 65 1/2 1)
(35 71 66 1/2 1)
(71/2 72 67 1/2 1)
(36 74 68 1/2 1)
(73/2 76 69 1/2 1)
(37 74 68 1/2 1)
(75/2 72 67 1/2 1)
(38 71 66 1/2 1)
(77/2 71 66 1/2 1)
(39 74 68 1/2 1)
(79/2 74 68 1/2 1)
(40 67 64 1 1)
(42 67 64 3/4 1)
(171/4 67 64 1/4 1)
(43 67 64 1/2 1)
(87/2 67 64 1/2 1)
(44 66 63 1/2 1)
(89/2 69 65 1/2 1)
(45 62 61 1 1)
(46 72 67 3/4 1)
(187/4 72 67 1/4 1)
(47 72 67 1/2 1)
(95/2 72 67 1/2 1)
(48 71 66 1/2 1)
(97/2 74 68 1/2 1)
(49 67 64 1/2 1)
(99/2 72 67 1/2 1)
(50 71 66 1/2 1)
(101/2 69 65 1/2 1)
(51 71 66 1/2 1)
(103/2 72 67 1/2 1)
(52 74 68 1/2 1)
(105/2 76 69 1/2 1)
(53 74 68 1/2 1)
(107/2 72 67 1/2 1)
(54 71 66 1/2 1)
(109/2 69 65 1/2 1)
(55 71 66 1/2 1)
(111/2 72 67 1/2 1)
(56 74 68 1/2 1)
(113/2 76 69 1/2 1)
(57 74 68 1/2 1)
(115/2 72 67 1/2 1)
(58 71 66 1 1)
(59 69 65 1/2 1)
(119/2 69 65 1/2 1)
(60 67 64 1 1)
(123/2 62 61 1/2 1)
(62 67 64 1 1)
(63 71 66 1 1)
(64 74 68 3/2 1)
(131/2 72 67 1/2 1)
(66 71 66 1/2 1)
(133/2 71 66 1/2 1)
(67 69 65 1/2 1)
(135/2 69 65 1/2 1)
(68 67 64 1 1)
(139/2 62 61 1/2 1)
(70 67 64 1 1)
(71 71 66 1 1)
(72 74 68 3/2 1)
(147/2 72 67 1/2 1)
(74 71 66 1/2 1)
(149/2 71 66 1/2 1)
(75 69 65 1/2 1)
(151/2 69 65 1/2 1)
(76 67 64 1 1)
