(0 69 65 3/2 1)
(3/2 69 65 3/2 1)
(3 69 65 1/2 1)
(7/2 67 64 1/2 1)
(4 69 65 1/2 1)
(9/2 72 67 1/2 1)
(5 70 66 1/2 1)
(11/2 70 66 1/2 1)
(6 67 64 3/2 1)
(15/2 67 64 3/2 1)
(9 67 64 1/2 1)
(19/2 72 67 1/2 1)
(10 70 66 1/2 1)
(21/2 69 65 1 1)
(12 69 65 3/2 1)
(27/2 69 65 3/2 1)
(15 69 65 1/2 1)
(31/2 67 64 1/2 1)
(16 69 65 1/2 1)
(33/2 72 67 1/2 1)
(17 70 66 1/2 1)
(35/2 70 66 1/2 1)
(18 67 64 1/2 1)
(37/2 69 65 1/2 1)
(19 70 66 1/2 1)
(39/2 74 68 1/2 1)
(20 72 67 1/2 1)
(41/2 70 66 1/2 1)
(21 69 65 3/2 1)
(24 74 68 3/2 1)
(51/2 72 67 1 1)
(27 76 69 3/2 1)
(57/2 77 70 1 1)
(30 67 64 1/2 1)
(61/2 69 65 1/2 1)
(31 70 66 1/2 1)
(63/2 74 68 1/2 1)
(32 72 67 1/2 1)
(65/2 64 62 1/2 1)
(33 65 63 2 1)
