(0 68 64 1/2 1)
(1/2 69 65 1/2 1)
(1 71 66 1 1)
(2 71 66 1 1)
(3 71 66 1/2 1)
(7/2 73 67 1/2 1)
(4 69 65 1/2 1)
(9/2 66 63 1/2 1)
(5 64 62 1 1)
(6 68 64 1 1)
(7 68 64 1 1)
(17/2 68 64 1/2 1)
(9 66 63 3/2 1)
(21/2 68 64 1/2 1)
(11 69 65 1 1)
(12 71 66 1 1)
(13 69 65 1 1)
(14 68 64 1 1)
(16 71 66 1 1)
(17 71 66 3/2 1)
(37/2 68 64 1/2 1)
(19 76 69 3/2 1)
(41/2 75 68 1/2 1)
(21 75 68 3/2 1)
(45/2 73 67 1/2 1)
(23 73 67 1 1)
(24 73 67 1 1)
(25 71 66 3/2 1)
(53/2 73 67 1/2 1)
(27 71 66 1/2 1)
(55/2 68 64 1/2 1)
(28 69 65 1/2 1)
(57/2 66 63 1/2 1)
(29 66 63 1 1)
(30 64 62 1 1)
(32 68 64 1 1)
(33 66 63 1 1)
(34 71 66 1 1)
(35 71 66 1 1)
(36 75 68 1 1)
(37 75 68 1/2 1)
(75/2 73 67 1/2 1)
(38 76 69 1/2 1)
(77/2 75 68 1/2 1)
(39 73 67 1 1)
(40 66 63 1 1)
(41 66 63 1 1)
(42 73 67 1 1)
(43 73 67 1 1)
(44 76 69 1 1)
(45 76 69 1/2 1)
(91/2 75 68 1/2 1)
(46 78 70 1/2 1)
(93/2 76 69 1/2 1)
(47 75 68 1/2 1)
(95/2 73 67 1/2 1)
(48 71 66 1/2 1)
(97/2 71 66 1/2 1)
(49 71 66 3/2 1)
(101/2 68 64 1/2 1)
(51 76 69 3/2 1)
(105/2 75 68 1/2 1)
(53 75 68 1/2 1)
(107/2 73 67 1/2 1)
(54 73 67 1 1)
(56 73 67 1 1)
(57 71 66 3/2 1)
(117/2 73 67 1/2 1)
(59 71 66 1/2 1)
(119/2 68 64 1/2 1)
(60 69 65 1/2 1)
(121/2 66 63 1/2 1)
(61 66 63 2 1)
(63 64 62 1 1)
