(0 62 61 1/2 1)
(1/2 67 64 1 1)
(3/2 67 64 1/2 1)
(2 67 64 1 1)
(3 69 65 1/2 1)
(7/2 67 64 1 1)
(9/2 64 62 1/2 1)
(5 62 61 1 1)
(6 62 61 1/2 1)
(13/2 67 64 1 1)
(15/2 67 64 1/2 1)
(8 67 64 1 1)
(9 69 65 1/2 1)
(19/2 67 64 3/2 1)
(12 62 61 1/2 1)
(25/2 64 62 1 1)
(27/2 64 62 1/2 1)
(14 62 61 1/2 1)
(29/2 62 61 1/2 1)
(15 62 61 1/2 1)
(31/2 64 62 1/2 1)
(16 64 62 1/2 1)
(33/2 64 62 1/2 1)
(17 62 61 1 1)
(18 62 61 1/2 1)
(37/2 64 62 1/2 1)
(19 64 62 1/2 1)
(39/2 64 62 1/2 1)
(20 62 61 1 1)
(21 62 61 1/2 1)
(43/2 62 61 3/2 1)
(47/2 62 61 1/2 1)
(24 62 61 1/2 1)
(49/2 62 61 1 1)
(51/2 62 61 1/2 1)
(26 62 61 1 1)
(27 62 61 1/2 1)
(55/2 67 64 1 1)
(57/2 67 64 1/2 1)
(29 67 64 1 1)
(30 62 61 1/2 1)
(61/2 62 61 1/2 1)
(31 62 61 1/2 1)
(63/2 62 61 1/2 1)
(32 62 61 1/2 1)
(65/2 62 61 1/2 1)
(33 62 61 1/2 1)
(67/2 62 61 1 1)
(69/2 62 61 1/2 1)
(35 62 61 1 1)
(36 65 63 1/2 1)
(73/2 67 64 1 1)
(75/2 67 64 1/2 1)
(38 67 64 1 1)
(39 67 64 1/2 1)
(79/2 69 65 3/2 1)
(41 67 64 1 1)
(42 65 63 1/2 1)
(85/2 67 64 1/2 1)
(43 67 64 1/2 1)
(87/2 67 64 1/2 1)
(44 69 65 1 1)
(45 67 64 1/2 1)
(91/2 65 63 3/2 1)
