(0 64 62 1/2 1)
(1/2 65 63 1/2 1)
(1 67 64 1/2 1)
(3/2 76 69 1/2 1)
(2 72 67 1 1)
(3 64 62 1/2 1)
(7/2 65 63 1/2 1)
(4 67 64 1/2 1)
(9/2 76 69 1/2 1)
(5 72 67 1 1)
(6 67 64 1/2 1)
(13/2 67 64 1/2 1)
(7 67 64 1/2 1)
(15/2 76 69 1/2 1)
(8 74 68 1 1)
(9 65 63 1/2 1)
(19/2 65 63 1/2 1)
(10 64 62 3/2 1)
(12 64 62 1/2 1)
(25/2 65 63 1/2 1)
(13 67 64 1/2 1)
(27/2 76 69 1/2 1)
(14 74 68 1 1)
(15 65 63 1/2 1)
(31/2 65 63 1/2 1)
(16 64 62 1/2 1)
(33/2 72 67 1/2 1)
(17 71 66 1 1)
(18 65 63 1/2 1)
(37/2 62 61 1/2 1)
(19 59 59 1/2 1)
(39/2 69 65 1/2 1)
(20 67 64 1 1)
(21 65 63 1/2 1)
(43/2 62 61 1/2 1)
(22 60 60 3/2 1)
(24 64 62 16666667/50000000 1)
(12166667/500000 67 64 16666667/50000000 1)
(12333333/500000 72 67 16666667/50000000 1)
(25 76 69 1 1)
(26 74 68 1 1)
(27 67 64 16666667/50000000 1)
(13666667/500000 71 66 16666667/50000000 1)
(13833333/500000 74 68 16666667/50000000 1)
(28 77 70 1 1)
(29 76 69 1 1)
(30 72 67 16666667/50000000 1)
(15166667/500000 76 69 16666667/50000000 1)
(15333333/500000 79 71 16666667/50000000 1)
(31 81 72 3/2 1)
(65/2 79 71 1/2 1)
(33 74 68 1/2 1)
(67/2 76 69 1/2 1)
(34 72 67 1 1)
