(0 58 59 1 1)
(1 58 59 3/2 1)
(5/2 62 61 1/2 1)
(3 65 63 1 1)
(4 65 63 1 1)
(5 62 61 3/2 1)
(13/2 65 63 1/2 1)
(7 70 66 1 1)
(8 70 66 1 1)
(9 72 67 1 1)
(10 74 68 1 1)
(11 75 69 1 1)
(12 72 67 1 1)
(13 70 66 3/2 1)
(29/2 69 65 1/2 1)
(15 69 65 1 1)
(16 65 63 1 1)
(17 74 68 3/2 1)
(37/2 74 68 1/2 1)
(19 72 67 3/4 1)
(79/4 72 67 1/4 1)
(20 71 66 3/4 1)
(83/4 71 66 1/4 1)
(21 72 67 2 1)
(24 69 65 1 1)
(25 67 64 3/4 1)
(103/4 67 64 1/4 1)
(26 69 65 3/4 1)
(107/4 70 66 1/4 1)
(27 69 65 1 1)
(28 67 64 1 1)
(29 65 63 2 1)
(32 65 63 1 1)
(33 72 67 3/2 1)
(69/2 70 66 1/2 1)
(35 69 65 1 1)
(36 69 65 1 1)
(37 70 66 3/2 1)
(77/2 65 63 1/2 1)
(39 65 63 1 1)
(40 65 63 1 1)
(41 75 69 3/2 1)
(85/2 74 68 1/2 1)
(43 72 67 1 1)
(44 72 67 1 1)
(45 74 68 3/2 1)
(93/2 72 67 1/2 1)
(47 70 66 1 1)
(49 65 63 2 1)
(51 65 63 1 1)
(52 66 63 1 1)
(53 67 64 3/2 1)
(109/2 69 65 1/2 1)
(55 70 66 1 1)
(56 70 66 1 1)
(57 70 66 2 1)
(59 72 67 2 1)
(61 74 68 3 1)
(65 70 66 2 1)
(67 70 66 1 1)
(68 70 66 1 1)
(69 70 66 3/2 1)
(141/2 74 68 1/2 1)
(71 77 70 1 1)
(72 75 69 1 1)
(73 74 68 2 1)
(75 72 67 2 1)
(77 70 66 3 1)
