(0 62 61 3/2 1)
(3/2 62 61 1/2 1)
(2 62 61 3/4 1)
(11/4 62 61 1/4 1)
(3 66 63 1/2 1)
(7/2 62 61 1/2 1)
(4 69 65 2 1)
(8 69 65 3/2 1)
(19/2 69 65 1/2 1)
(10 68 64 1/2 1)
(21/2 69 65 1/2 1)
(11 71 66 1/2 1)
(23/2 69 65 1/2 1)
(12 66 63 2 1)
(16 69 65 3/2 1)
(35/2 66 63 1/2 1)
(18 62 61 1/2 1)
(37/2 66 63 1/2 1)
(19 69 65 1/2 1)
(39/2 74 68 1/2 1)
(20 73 67 1 1)
(21 71 66 1 1)
(23 67 64 1/2 1)
(47/2 71 66 1/2 1)
(24 71 66 3/2 1)
(51/2 69 65 1/2 1)
(26 69 65 3/2 1)
(55/2 67 64 1/2 1)
(28 67 64 1 1)
(29 66 63 1 1)
(32 69 65 3/2 1)
(67/2 71 66 1/2 1)
(34 73 67 1/2 1)
(69/2 74 68 1/2 1)
(35 76 69 1/2 1)
(71/2 74 68 1/2 1)
(36 73 67 1 1)
(37 71 66 1 1)
(39 67 64 1/2 1)
(79/2 71 66 1/2 1)
(40 71 66 3/2 1)
(83/2 69 65 1/2 1)
(42 69 65 3/2 1)
(87/2 61 60 1/2 1)
(44 62 61 2 1)
