(0 60 60 1 1)
(1 60 60 1 1)
(2 69 65 3/2 1)
(7/2 69 65 1/2 1)
(4 72 67 1 1)
(5 67 64 3/2 1)
(13/2 69 65 1/2 1)
(7 70 66 1 1)
(8 74 68 3/2 1)
(19/2 72 67 1/2 1)
(10 69 65 2 1)
(12 69 65 1 1)
(13 69 65 1 1)
(14 67 64 3/2 1)
(31/2 71 66 1/2 1)
(16 74 68 1 1)
(17 72 67 1 1)
(18 71 66 1/2 1)
(37/2 69 65 1/2 1)
(19 69 65 1 1)
(20 67 64 1 1)
(21 62 61 1/2 1)
(43/2 64 62 1/2 1)
(22 60 60 1 1)
(24 62 61 1/2 1)
(49/2 60 60 1/2 1)
(25 60 60 1 1)
(26 67 64 3/2 1)
(55/2 69 65 1/2 1)
(28 67 64 3/2 1)
(59/2 65 63 1/2 1)
(30 65 63 1 1)
(31 60 60 1 1)
(32 70 66 3/2 1)
(67/2 72 67 1/2 1)
(34 69 65 2 1)
(73/2 65 63 1/2 1)
(37 65 63 1 1)
(38 67 64 3/2 1)
(79/2 65 63 1/2 1)
(40 72 67 1 1)
(41 70 66 1 1)
(85/2 67 64 1/2 1)
(43 67 64 1 1)
(44 69 65 3/2 1)
(91/2 67 64 1/2 1)
(46 74 68 1 1)
(47 72 67 1 1)
(97/2 72 67 1/2 1)
(49 76 69 1 1)
(50 74 68 3/2 1)
(103/2 70 66 1/2 1)
(52 70 66 1 1)
(53 69 65 1 1)
(109/2 69 65 1/2 1)
(55 72 67 1 1)
(56 71 66 1 1)
(57 70 66 1 1)
(58 69 65 1 1)
(60 69 65 1 1)
(61 66 63 1/2 1)
(123/2 67 64 1/2 1)
(62 76 69 3/2 1)
(127/2 74 68 1/2 1)
(64 72 67 1 1)
(65 60 60 3/2 1)
(133/2 60 60 1/2 1)
(67 70 66 1 1)
(68 69 65 1 1)
(69 67 64 1 1)
(70 65 63 2 1)
