(0 71 66 1 1)
(1 74 68 1 1)
(2 71 66 1 1)
(3 72 67 1 1)
(4 69 65 1 1)
(5 71 66 1 1)
(6 69 65 1/2 1)
(13/2 66 63 1/2 1)
(7 62 61 3/2 1)
(9 74 68 3/2 1)
(21/2 71 66 1/2 1)
(11 72 67 1 1)
(12 69 65 1/2 1)
(25/2 69 65 1/2 1)
(13 71 66 1 1)
(14 72 67 1 1)
(15 74 68 1 1)
(16 71 66 1 1)
(17 74 68 1 1)
(18 71 66 1 1)
(19 72 67 1 1)
(20 69 65 1/2 1)
(41/2 69 65 1/2 1)
(21 71 66 1 1)
(22 67 64 1 1)
(23 62 61 3/2 1)
(25 67 64 1 1)
(26 67 64 1/2 1)
(53/2 67 64 1/2 1)
(27 67 64 1 1)
(28 62 61 1 1)
(29 67 64 2 1)
(31 67 64 2 1)
